  -15.109999999984838       -79.703471334114298        600.67068118655766     
  -15.009999999984839       -79.601954915851366        600.71211036026682     
  -14.909999999984839       -79.500438497588434        600.75353953397598     
  -14.809999999984839       -79.398922079325501        600.79496870768514     
  -14.334379421147529       -78.916089103168417        600.99201438348837     
  -14.292948233117620       -78.874029645036671        601.00917898234707     
  -14.243374726453869       -78.823715419478944        601.02969684534526     
  -14.186277253478870       -78.765779847985101        601.05330111153376     
  -14.122368494901174       -78.700952241430002        601.07968558615880     
  -14.052446780308948       -78.630048595934170        601.10850911295233     
  -13.977386328111569       -78.553961296128293        601.13940037099678     
  -13.898126513683078       -78.473647857123495        601.17196301067520     
  -13.815660287773223       -78.390118848725848        601.20578104181504     
  -13.731021879654222       -78.304425155755368        601.24042438786842     
  -13.645273930707251       -78.217644736590046        601.27545452254174     
  -13.559436458421125       -78.130810634449688        601.31045363581779     
  -13.462784083082276       -78.033080228010377        601.34978185822911     
  -13.353964137644979       -77.923102454547589        601.39395963951142     
  -13.231457484282608       -77.799363100743221        601.44356612702313     
  -13.093558775296545       -77.660166280570763        601.49924480230436     
  -12.938354585467149       -77.503614133599314        601.56170941871233     
  -12.763699291855591       -77.327584688084357        601.63175038020302     
  -12.567188507179253       -77.129707818058193        601.71024135714924     
  -12.346129896976837       -76.907339267174692        601.79814595409607     
  -12.097511327039578       -76.657532813531887        601.89652460738682     
  -11.817966267608071       -76.377010688236709        602.00654160959198     
  -11.503736468208688       -76.062132469298973        602.12947225371170     
  -11.150632021157252       -75.708862804134540        602.26671015640181     
  -10.753989076008924       -75.312738482445980        602.41977493100228     
  -10.308625664494645       -74.868835594090243        602.59032056498415     
  -9.8087963607313569       -74.371737771154145        602.78014514508277     
  -9.2481468527872739       -73.815506836926986        602.99120301038101     
  -8.6196699602323434       -73.193657572547863        603.22562105548502     
  -7.9156652219879113       -72.499138767772678        603.48572182409373     
  -7.1277049248977278       -71.724323243562566        603.77405731406282     
  -6.2466103699941042       -70.861010111291606        604.09345915757444     
  -5.2624432983306519       -69.900443145269293        604.44711314892345     
  -4.1645187252442630       -68.833349755876000        604.83866906367939     
  -2.9414469378914387       -67.650005605513769        605.27240040865615     
  -1.5812140270783681       -66.340330335414023        605.75343315123416     
  -7.1311909372848703E-002  -64.894020081298464        606.28806745937072     
   1.6010699013190799       -63.300722368151966        606.88422170144077     
   3.4487778998836482       -61.550258555559800        607.55203279655871     
   5.4843414043013965       -59.632898360838489        608.30465053927924     
   7.7195233624327662       -57.539690544482731        609.15926453497968     
   10.164809937362032       -55.262831559966443        610.13816567142828     
   12.830040403619032       -52.795376950445089        611.26240760908740     
   15.724741737394559       -50.131324603301657        612.54706632731529     
   18.856735502741017       -47.266739790158411        614.00680277260835     
   22.232683780218881       -44.199762463127868        615.64848617642861     
   25.860507178819692       -40.929973093950252        617.45102974856161     
   29.747577038775969       -37.459583865315693        619.37074638983870     
   33.899996680546849       -33.794004582787672        621.33940039564459     
   38.322280612094858       -29.942309943714154        623.26003680735539     
   43.017072702977686       -25.917950957754663        625.00409485945556     
   47.984953680541707       -21.739784410210490        626.41066526503539     
   53.223042048729603       -17.433594571085028        627.29995018544957     
   58.715096648554130       -13.035603257449315        627.57223776838873     
   64.432342691385884       -8.5885850710779756        627.20465970709893     
   70.326396166792478       -4.1369850806547532        626.32769559090445     
   76.336557039316162       0.27875627746745624        625.16310898777544     
   82.152547339194385        4.4512668083646370        624.00598207312169     
   87.956129908025758        8.5373773284562873        623.04209227553793     
   93.689304204131105        12.521904459040254        622.48989818450582     
   99.302010296212146        16.395459254830129        622.47830755613916     
   104.75389574582599        20.150953450858449        623.03695518932068     
   110.01621400111475        23.778632323763176        624.08244717665002     
   115.06684840822876        27.267396283584091        625.49875768409356     
   119.88799689297585        30.606572025710342        627.17690329401773     
   124.46616789134251        33.786590527790949        629.01880070598656     
   128.79205524864685        36.799565210026906        630.93977256681160     
   132.86031300803049        39.639708471993643        632.86978810332539     
   136.66925854166954        42.303548164840947        634.75360684626810     
   140.22051612832655        44.789974350131928        636.55005884409354     
   143.51951045935962        47.100274127150321        638.23251912920421     
   146.57539072482027        49.238025418562771        639.78789441008962     
   149.39989531561758        51.208795143477381        641.21330369505756     
   152.00566871931051        53.019593833316577        642.51163862425324     
   154.40502102491533        54.678352591968498        643.68810026982374     
   156.60996730124657        56.193631473573049        644.74946091245920     
   158.63226148185862        57.574364112013626        645.70347620141138     
   160.48340515242904        58.829638886521813        646.55841010112908     
   162.17463517025823        59.968517353514585        647.32266643215439     
   163.71689582537846        60.999888554484656        648.00451538410448     
   165.12080158665805        61.932356490425207        648.61190070322482     
   166.39659601611731        62.774157150650979        649.15231271246182     
   167.55411175866067        63.533100632271257        649.63271329109659     
   168.60273507702246        64.216534225068528        650.05950031742918     
   169.55137710049200        64.831322716155185        650.43850090764226     
   170.40845294984030        65.383842463363663        650.77498476761912     
   171.18186908661352        65.879986168404415        651.07369082632192     
   171.87901862411428        66.325175702567407        651.33886194250351     
   172.50678391892274        66.724380759362333        651.57428383628053     
   173.07154550868694        67.082141504888284        651.78332549551646     
   173.57919634084448        67.402593753826267        651.96897916715284     
   174.03516021448982        67.689495510536247        652.13389869855382     
   174.44441340378418        67.946253979839284        652.28043547925165     
   174.81150852111904        68.175952372947464        652.41067158326075     
   175.14059979212905        68.381376014757507        652.52644995660467     
   175.43546903809727        68.565037404234801        652.62940165940586     
   175.69955178417649        68.729199994950449        652.72097027759537     
   175.93596302756771        68.875900552823211        652.80243368238780     
   176.14752230447081        69.006970017174467        652.87492334879994     
   176.33677778636400        69.124052843203273        652.93944145709645     
   176.50602921448154        69.228624842281732        652.99687600017728     
   176.65734954666169        69.322009563868576        653.04801411057485     
   176.79260524399717        69.405393281699588        653.09355380647389     
   176.92750023409536        69.488489413784592        653.13884916826828     
   177.06077033765212        69.570536989665328        653.18351438009756     
   177.19073570443322        69.650504272638827        653.22699104325898     
   177.31575555221349        69.727385836294673        653.26873781679978     
   177.43424911448656        69.800215204526395        653.30823696053449     
   177.54471592509046        69.868076995490654        653.34500052173348     
   177.64575522149426        69.930118406323288        653.37857600335633     
   177.73608419512675        69.985559895476200        653.40855146761328     
   177.81455470779662        70.033704952944035        653.43456025115961     
   177.88016831900813        70.073948822105862        653.45628510652023     
   177.93208941810033        70.105786063750173        653.47346171854133     
   177.96965626861430        70.128816869771114        653.48588157197639     
   177.99238979855178        70.142752050223692        653.49339415711711     
   178.40000000000001        70.392608615707047        653.62809415095990     
   178.50000000000000        70.453906533324314        653.66114042736911     
   178.59999999999999        70.515204450941582        653.69418670377831     
   178.69999999999999        70.576502368558849        653.72723298018752     
