  -15.009999999850628       -65.801598065096485        518.74346936347786     
  -14.909999999850628       -65.708296927192933        518.78834095093771     
  -14.809999999850628       -65.614995789289381        518.83321253839756     
  -14.709999999850629       -65.521694651385829        518.87808412585741     
  -14.191663175596126       -65.038080496183213        519.11067008728946     
  -14.126813446870194       -64.977574961354549        519.13976919003221     
  -14.049204205850099       -64.905200576499610        519.17454001196722     
  -13.959795631410174       -64.821871745344509        519.21452312556130     
  -13.859695435803054       -64.728640908437370        519.25919238211850     
  -13.750145830119362       -64.626685090514044        519.30796287282703     
  -13.632508777360064       -64.517290872400849        519.36019956401140     
  -13.508249674930905       -64.401837988282651        519.41522643502526     
  -13.378919632490419       -64.281781766630729        519.47233595061346     
  -13.246136534979007       -64.158634647122895        519.53079870737020     
  -13.111565103625979       -64.033947016327986        519.58987310520081     
  -12.977286690326679       -63.909648917242734        519.64864424603820     
  -12.828034768026207       -63.771628052089106        519.71376645687440     
  -12.662158736597121       -63.618403542197761        519.78589485396822     
  -12.477830786987717       -63.448342762412594        519.86574533978990     
  -12.273028184404319       -63.259647742990964        519.95409915504297     
  -12.045514132392121       -63.050340830265199        520.05180762153805     
  -11.792817055822304       -62.818249638407636        520.15979661133667     
  -11.512208498447897       -62.560991488969186        520.27907131486199     
  -11.200679663364035       -62.275957507871091        520.41072122281651     
  -10.854916736421190       -61.960296633499972        520.55592542603404     
  -10.471275232027272       -61.610899874475578        520.71595844268006     
  -10.045753726493922       -61.224385255554111        520.89219691763560     
  -9.5739675084342863       -60.797084008214298        521.08612773441587     
  -9.0511228880752785       -60.325028699763038        521.29935835587207     
  -8.4719931785335749       -59.803944151355289        521.53363059141634     
  -7.8308977041466576       -59.229242169723776        521.79083950583004     
  -7.1216856165017077       -58.596021306070725        522.07305987284417     
  -6.3377268199795811       -57.899073051925342        522.38258347385295     
  -5.4719129350240134       -57.132896075428405        522.72197168680077     
  -4.5166719628522802       -56.291720277498015        523.09412923561911     
  -3.4640011532954591       -55.369542585778824        523.50240669555683     
  -2.3055234937451461       -54.360176481092040        523.95074136588948     
  -1.0325741804814155       -53.257317240690092        524.44384837472842     
  0.36367568719657850       -52.054624764286395        524.98747624821010     
   1.8920502816198317       -50.745825619655903        525.58874344104868     
   3.5611469469388539       -49.324835643511030        526.25657415273542     
   5.3790531994473696       -47.785904184888025        527.00225268311192     
   7.3529969177179613       -46.123781172899001        527.84011505335525     
   9.4889628153978443       -44.333895276131791        528.78824877704869     
   11.792590446548115       -42.412053648050204        529.86383868438884     
   14.269811661174806       -40.354368971251475        531.07949532982889     
   16.925449449301901       -38.158000805516565        532.44780533561084     
   19.762833011998243       -35.821435704167996        533.98152552528950     
   22.785624210285814       -33.344244005987903        535.68442700166827     
   26.000401841946381       -30.726884284926719        537.53870435730232     
   29.414549955838844       -27.971544557943968        539.51142579064526     
   33.036084752838974       -25.082460127822614        541.55292932966131     
   36.873734393477761       -22.066212373010657        543.59430188052488     
   40.936976915705479       -18.932150795978913        545.54552453647057     
   45.236028274609275       -15.692989880541441        547.29469654380500     
   49.781660921206630       -12.365439905917901        548.70881034171089     
   54.578627040553926       -8.9718543121115371        549.67015212194212     
   59.615804906939722       -5.5408921927986485        550.13134226099373     
   64.872592639531035       -2.1035394132942473        550.08202666381885     
   70.304179513294855        1.3105132860637752        549.63184524424071     
   75.852950087295113        4.6757150994192802        548.95059569555656     
   81.518583858995129        8.0076128618842191        548.21874211266913     
   87.173882202222458        11.253695878821210        547.64527839696427     
   92.752993468410835        14.405052037916699        547.42764612582334     
   98.201061091778357        17.457686451887682        547.69601480819256     
   103.47765022857708        20.409772518514913        548.49611506678093     
   108.55924792733742        23.256671694097694        549.77776434438101     
   113.43342649894090        25.991177801332714        551.43753460201037     
   118.09075999580759        28.606231437837533        553.37524758376298     
   122.52450777041898        31.095467794606051        555.49829523384017     
   126.73041170766999        33.453656503789830        557.72419416857156     
   130.70649014154182        35.677030054846306        559.98218627612937     
   134.45284026360869        37.763466405258924        562.21394871646226     
   137.97144770708786        39.712527935202772        564.37353372037978     
   141.26603828860277        41.525409583776877        566.42682000961781     
   144.34276411226250        43.204965623421813        568.35283325440741     
   147.20985023221894        44.755551054006197        570.14192384263208     
   149.87708129030761        46.182797476542859        571.79337793501531     
   152.35425390196920        47.493021377699932        573.31017891944975     
   154.65087357225616        48.692923295668891        574.69727433820094     
   156.77623508631501        49.789409139034433        575.96102468615970     
   158.73947621500980        50.789439726766545        577.10872802965673     
   160.54960511791080        51.699907952246996        578.14822475717983     
   162.21550475635985        52.527541769932888        579.08758038251892     
   163.74591921180564        53.278830441953232        579.93484009547706     
   165.14942730583465        53.959971130111555        580.69784633700647     
   166.43440867426634        54.576832846069998        581.38410967507969     
   167.60900691293799        55.134934588462968        582.00072338545078     
   168.68109344308783        55.639434851065140        582.55431274435909     
   169.65823469965864        56.095130145998482        583.05101100767604     
   170.54766436607088        56.506460478971718        583.49645525218853     
   171.35626162382695        56.877520009081699        583.89579646398545     
   172.09053577515067        57.212071416587833        584.25371938275339     
   172.75661713620156        57.513562772524963        584.57446860295977     
   173.36025377570547        57.785145945482213        584.86187827537174     
   173.90681346921008        58.029695789904707        585.11940344565789     
   174.40129012955936        58.249829536802473        585.35015162228706     
   174.84831393690740        58.447925953780171        585.55691360052094     
   175.25216440625138        58.626143959939071        585.74219290175165     
   175.61678567989082        58.786440476011954        585.90823343625152     
   175.94580340268527        58.930587364681912        586.05704517935010     
   176.24254261902598        59.060187373801547        586.19042778075232     
   176.51004621446617        59.176689039236869        586.30999211634492     
   176.75109350672130        59.281400536970608        586.41717985136836     
   176.96821866691687        59.375502498184574        586.51328112111844     
   177.16372872058918        59.460059818183240        586.59945045657878     
   177.33972093815282        59.536032501769583        586.67672109223463     
   177.51596731818535        59.611996674796195        586.75386831558467     
   177.69016607104197        59.686979399119515        586.82993376666616     
   177.86011767809811        59.760039000327900        586.90396648238004     
   178.02367008608280        59.830258927653134        586.97504504165295     
   178.17874648317002        59.896759178095955        587.04228870401312     
   178.32337240363671        59.958707215241745        587.10486784647355     
   178.45570177275624        60.015328252235861        587.16201359734725     
   178.57404150375010        60.065914778842462        587.21302658569482     
   178.67687425586894        60.109835225731096        587.25728476111385     
   178.76287903468523        60.146541662713595        587.29425016923653     
   178.83094926007493        60.175576453034040        587.32347470959076     
   178.88020793936349        60.196577802491085        587.34460494880796     
   178.91001977412196        60.209284131784159        587.35738583864634     
   179.31999999999999        60.384024928379176        587.53315201155431     
   179.41999999999999        60.426646690494842        587.57602387751604     
   179.51999999999998        60.469268452610507        587.61889574347776     
   179.61999999999998        60.511890214726172        587.66176760943949     
