     178.7396066254843277       98.6973261866264977      699.2560714554088008
     178.6267536724069487       98.7094198101470113      699.2161901055303588
     178.5122974921971206       98.7064846885179463      699.1778018686273981
     178.3975915995359856       98.6885652973458747      699.1413563444425563
     178.2839902211339904       98.6558952751291542      699.1072798205447043
     178.1728301097457461       98.6088950866208194      699.0759695283049950
     178.0654124712757209       98.5481673031996053      699.0477881203345305
     177.9629851814240169       98.4744895464648664      699.0230584187245313
     177.8667254492995937       98.3888051793560123      699.0020584805869248
     177.7777230487544671       98.2922118707966632      698.9850170387215940
     177.6969641267129418       98.1859482200511167      698.9721095104857795
     177.6253159151850980       98.0713785612432929      698.9634540012880279
     177.5635121106689951       97.9499762473532201      698.9591076926019468
     177.5121386436043736       97.8233057355458016      698.9590638463780579
     177.4716196808776658       97.6930037633575239      698.9632490773003610
     177.4369525960764236       97.5625964914715951      698.9694431754523976
     177.3976323436816074       97.4145002997967424      698.9764548484828310
     177.3530452370053752       97.2463308183524333      698.9843875418414427
     177.3024996339804602       97.0553868433050866      698.9933563926580291
     177.2452168230522318       96.8386096553768994      699.0034890887664005
     177.1803210401478736       96.5925375700595623      699.0149266170885767
     177.1068285779511768       96.3132553140926575      699.0278238145924661
     177.0236359547319012       95.9963378447630191      699.0423496005167863
     176.9295071157286543       95.6367882777341549      699.0586867223852323
     176.8230596439526892       95.2289696758768685      699.0770307870492388
     176.7027499568376925       94.7665305894995242      699.0975882673430988
     176.5668574570042324       94.2423244445269717      699.1205730699469996
     176.4134675851317979       93.6483231705457229      699.1462011149586715
     176.2404536850885677       92.9755258706670560      699.1746822064178559
     176.0454575297409008       92.2138638898699980      699.2062082594538879
     175.8258682631172576       91.3521043726863979      699.2409366885403870
     175.5787993829497395       90.3777553538288458      699.2789674490269363
     175.3010632083025655       89.2769766387758779      699.3203118605938471
     174.9891420404159703       88.0345022476832355      699.3648509320819358
     174.6391549215127839       86.6335820522314748      699.4122804670952291
     174.2468185192619217       85.0559524536929104      699.4620397879687062
     173.8074002151995501       83.2818485259027597      699.5132205229103874
     173.3156609715133811       81.2900729256409846      699.5644516389859291
     172.7657850377265447       79.0581399281849997      699.6137568950728109
     172.1512931225499301       76.5625159442870711      699.6583813085244401
     171.4649354344594485       73.7789804388245614      699.6945843106318534
     170.6985611919450889       70.6831328425756737      699.7173992934581293
     169.8429616206315131       67.2510739853263146      699.7203621048232662
     168.8876823105950962       63.4602875330062872      699.6952149572589406
     167.8208072628470404       59.2907283291022367      699.6316015117685083
     166.6287272169639948       54.7261146650572528      699.5167796689207762
     165.2959125497193327       49.7553972581661412      699.3353905264513060
     163.8047225405943834       44.3743431442063496      699.0693363202465207
     162.1352955489923602       38.5871295303314170      698.6978348383179309
     160.2655756500193434       32.4077932229758616      698.1977300482326427
     158.1715366140391268       25.8613322577334088      697.5441445797638380
     155.8276594013167369       18.9842193099344101      696.7115542613260004
     153.2077016522942188       11.8240776882751337      695.6753427491260027
     150.2857745700025021        4.4383929149409411      694.4138532501942791
     147.0375992776194494       -3.1072919395648730      692.9108456355934322
     143.4415324226310418      -10.7415512588637458      691.1580992222758368
     139.4797038423360505      -18.3896723825180146      689.1587250873664061
     135.1442007746235276      -25.9767876217608489      686.9399584700342984
     130.4389513239436837      -33.4312401499038003      684.5579602818248759
     125.3776693553868284      -40.6874546375008777      682.0948463105729616
     119.9837092186596834      -47.6884031128958554      679.6581891234019395
     113.5361361829563407      -55.2262906380581171      677.1031498082504640
     106.7640740955337009      -62.3306251038091190      674.9598682231674047
      99.7367536174856326      -68.9744410969688317      673.4524438055266273
      92.5305501087465387      -75.1514868761539532      672.7934550126481099
      85.2324651330112033      -80.8454215395988598      672.9594354825328537
      77.9396650518348793      -86.0084255175216015      673.6096254629692339
      70.7422130201462949      -90.5884621838248165      674.3728816005825593
      63.7171089233000671      -94.5378853744311556      674.9004929765881116
      56.9235917115222065      -97.8243541732069986      674.8889961384139724
      50.4070493562354329     -100.4435963262142479      674.1109249054567272
      44.1913389535455678     -102.4584187562647344      672.6535880831381746
      38.2958802471320183     -103.9774151968657350      670.7841244267019647
      32.7497229713026883     -105.1135422443847034      668.7365445527921111
      27.5831609342219579     -105.9712798258683506      666.6995679601329812
      22.8186330447434145     -106.6375961588253176      664.8095918411627281
      18.4658067552404077     -107.1785606737393834      663.1501635473116494
      14.5217980700824718     -107.6405873099332808      661.7591734008879030
      10.9741069725311888     -108.0532843275013875      660.6360739151557482
       7.8065360886777846     -108.4295583984084885      659.7294532112307479
       4.9972182415815265     -108.7751799520479494      658.9830024362369159
       2.5189755951883197     -109.0941068261661542      658.3568478083140008
       0.3421365457284853     -109.3891784885106375      657.8231442561391304
      -1.5634486230531830     -109.6625389185869039      657.3624526888274886
      -3.2270677380697519     -109.9159014430484973      656.9610594649134327
      -4.6763216451094429     -110.1507112605320629      656.6090812507492274
      -5.9366714382838195     -110.3682428342718254      656.2991719670445718
      -7.0312430030486510     -110.5696565290822662      656.0256655465939275
      -7.9808015557465879     -110.7560302873134503      655.7840208523275578
      -8.8038327252116453     -110.9283764571311650      655.5704689634835631
      -9.5166856643461468     -111.0876501512574777      655.3817920453734587
     -10.1337479487880184     -111.2347530752866760      655.2151855237880227
     -10.6676323757173144     -111.3705351876806731      655.0681716845492701
     -11.1293630771888168     -111.4957955486651144      654.9385442460510376
     -11.5285533848488235     -111.6112830880305467      654.8243311419470274
     -11.8735712586775488     -111.7176976414414185      654.7237677742316464
     -12.1716903068195066     -111.8156913833123838      654.6352761901688382
     -12.4292258350346572     -111.9058706628644018      654.5574476120004874
     -12.6516562302983981     -111.9887981897854843      654.4890269348225047
     -12.8437304848250307     -112.0649954917044795      654.4288984959895288
     -13.0095629297610298     -112.1349455612924970      654.3760728005337342
     -13.1527163576522010     -112.1990956161940289      654.3296740847320052
     -13.2762747272875394     -112.2578599041377174      654.2889286918285734
     -13.3829066020756375     -112.3116224951017159      654.2531542676523486
     -13.4749203989222970     -112.3607400106397591      654.2217497879780694
     -13.5543124348796340     -112.4055442468657731      654.1941864203585055
     -13.6228086638394696     -112.4463446523343464      654.1699992097625227
     -13.6913404206986851     -112.4895373721159899      654.1453560102245319
     -13.7587248437841758     -112.5347990702095871      654.1206096675339268
     -13.8240756751577880     -112.5819642613265756      654.0960133220805801
     -13.8865314179961867     -112.6308618841899545      654.0718164660403318
     -13.9452662392837574     -112.6813161495704492      654.0482618582982468
     -13.9995003872851207     -112.7331474010833858      654.0255824823816511
     -14.0485099970504290     -112.7861729806625988      654.0039985944347336
     -14.0916361668473051     -112.8402080903410507      653.9837149097011206
     -14.1282931992202965     -112.8950666418755304      653.9649179761991036
     -14.1579759121108708     -112.9505620858715247      653.9477737830941351
     -14.1802659378908746     -113.0065082124139195      653.9324256486225977
     -14.1948369410632829     -113.0627199157836174      653.9189924282753736
     -14.2014586985708302     -113.1190139166382238      653.9075670783666965
     -14.1999999999817206     -113.1752094360261935      653.8982156032523108
     -14.1904513380335491     -113.2309153359998675      653.8910080166592707
     -14.1729040915015290     -113.2857468406837995      653.8859861908210860
     -14.1475284826511540     -113.3395421525381721      653.8831320113205265
     -14.1145926084839637     -113.3921493187926188      653.8823995543906449
     -14.0744592859779338     -113.4434264624147062      653.8837160966334068
     -14.0275817457679270     -113.4932418959097049      653.8869835054589430
     -13.9744982216492435     -113.5414741235566538      653.8920799792646221
     -13.9158254953951488     -113.5880117392638340      653.8988621002388300
     -13.8522514682334545     -113.6327532285734918      653.9071671578732321
     -13.7845268418580176     -113.6756066844430535      653.9168156979264950
     -13.7134560029274759     -113.7164894472624468      653.9276142496808006
     -13.6398872154896829     -113.7553276801432247      653.9393581838345426
     -13.5647022354758349     -113.7920558908372612      653.9518346541354958
     -13.4888054701418802     -113.8266164117402326      653.9648255776994574
     -13.4134234885036658     -113.8588300061756655      653.9780554870959577
     -13.3265502814618291     -113.8937267816933456      653.9936404263675058
     -13.2264321520053478     -113.9314159451292312      654.0119768088642331
     -13.1110463300214626     -113.9719996167511482      654.0335213889054558
     -12.9780596464632545     -114.0155712746143593      654.0587992498478798
     -12.8247809657775864     -114.0622138811157527      654.0884126421173050
     -12.6481064788352509     -114.1119976261802407      654.1230507149401774
     -12.4444568490967136     -114.1649772225453887      654.1635001830820784
     -12.2097050929048692     -114.2211886895888995      654.2106569764096093
     -11.9390939676024761     -114.2806455620733175      654.2655389462065614
     -11.6271415503036035     -114.3433344577360344      654.3292997663353390
     -11.2675336345776920     -114.4092099308438293      654.4032443005094137
     -10.8530015820712737     -114.4781885244689192      654.4888459598685131
     -10.3751843878871455     -114.5501419071908913      654.5877670291852155
      -9.8244740238376806     -114.6248889320416566      654.7018837240393623
      -9.1898437202393488     -114.7021863741062759      654.8333190546021569
      -8.4586598948017961     -114.7817179689872233      654.9844887181093327
      -7.6164801702285274     -114.8630811585109512      655.1581686752817859
      -6.6468426752919196     -114.9457706101147636      655.3575984467956914
      -5.5310560650509997     -115.0291570500892959      655.5866424280442288
      -4.2480060558935069     -115.1124591468744711      655.8500439268518676
      -2.7740035620054266     -115.1947049625077426      656.1538247806965956
      -1.0827127087591282     -115.2746776484616618      656.5059091228215493
       0.8547849124382256     -115.3508372618113498      656.9170847534441009
       3.0697096632278775     -115.4212062654613362      657.4024600540230949
       5.5949776913897598     -115.4831995205464068      657.9836256939568102
       8.4641275248944403     -115.5333688376890109      658.6917790095975533
      11.7096083244533524     -115.5670150478265441      659.5720930258112276
      15.3604149125757914     -115.5773602613508615      660.6882336273311012
      19.4437991863701995     -115.5474647112676507      662.0886503203479378
      23.9860883694129434     -115.4416027132234603      663.7727965724773185
      29.0071810693082170     -115.2037275052862384      665.6998936945863079
      34.5173864092135787     -114.7520260494370206      667.7736304167718799
      40.5141006204325933     -113.9754507720013663      669.8263903281299463
      46.9791565603727364     -112.7368942752042926      671.6096356581977034
      53.8803407695891750     -110.8864135472134649      672.7965182065652243
      61.1709164461079951     -108.2964614763419320      673.0863747104760932
      68.7679833846474082     -104.9431702718657391      672.6312813015547363
      76.5785925414375157     -100.8647298556957850      671.8084645008705138
      84.5119204128838817      -96.1229237232538480      671.0609172666752329
      92.4725803887217523      -90.7851615747951826      670.8664973454314122
     100.3570668349760240      -84.9107097159537574      671.6726122570523785
     108.0746548624573364      -78.5050743521496912      673.5163715538531051
     115.5458195382802131      -71.5512343352249189      676.1419488744973023
     122.6932302219395154      -64.0527199480418545      679.2769543244946817
     129.4428579693453685      -56.0365934233430636      682.6574937485711416
     135.0360133342006179      -48.5447371297522849      685.6661809842591992
     140.2263090573465831      -40.7432054697524677      688.5442885416351828
     144.9866620253071972      -32.7027814865537323      691.1884121462572921
     149.3085469478010623      -24.5068881424465665      693.5417777552301004
     153.1962487775177806      -16.2460815167827306      695.5808687012381597
     156.6606941172444181       -8.0128332527973516      697.3002723471720401
     159.7198305378024656        0.1028555044557082      698.7095812109322424
     162.3982794180986389        8.0174640212175099      699.8298609815180953
     164.7261912832894382       15.6572212130128356      700.6899605023237427
     166.7375251084905869       22.9605572710510621      701.3230791795388086
     168.4679162625889433       29.8796370086876166      701.7637899963615382
     169.9526265207937570       36.3805749294804954      702.0457360642983531
     171.2250252926636733       42.4426807444693637      702.2000966639751596
     172.3156186268633689       48.0570842161999323      702.2546975897696484
     173.2515454889866362       53.2250065443802782      702.2336124911618072
     174.0564359886979844       57.9558949340537168      702.1571157627961384
     174.7505239512284447       62.2655823632958132      702.0418701267095685
     175.3509184107653596       66.1745827625678800      701.9012563101967999
     175.8719578031910942       69.7065871410724327      701.7457749334078017
     176.3255913001895578       72.8871907218346990      701.5834705198129768
     176.7217504086524968       75.7428561423213722      701.4203438232447070
     177.0686877470819809       78.3001033931925292      701.2607307869752731
     177.3732715493191847       80.5848971707912654      701.1076373951322012
     177.6412366589562168       82.6222007215989720      700.9630280036673184
     177.8773945872208628       84.4356695989091577      700.8280677132534038
     178.0858052406875913       86.0474589361586766      700.7033236293375467
     178.2699167604908439       87.4781196908753316      700.5889258866284308
     178.4326801969796179       88.7465624466293548      700.4846900856790626
     178.5766385315752700       89.8700724839450373      700.3902170954968369
     178.7039970780060685       90.8643610704913698      700.3049697175094934
     178.8166793117403017       91.7436413514472093      700.2283300698694575
     178.9163712102323700       92.5207198142480394      700.1596416885917051
     179.0045566358852511       93.2070964100486634      700.0982396927643094
     179.0825457948309349       93.8130681532751254      700.0434717643578324
     179.1514983726714831       94.3478324282195757      699.9947121644821664
     179.2124425862834300       94.8195873510688756      699.9513705527601815
     179.2662910954569497       95.2356274101893518      699.9128969938486762
     179.3138544831394938       95.6024332773117749      699.8787842201502372
     179.3558528304930917       95.9257551842310221      699.8485679653596208
     179.3929257744189272       96.2106896265533749      699.8218259814535713
     179.4256413323913364       96.4617494164192522      699.7981761937662668
     179.4545037046768243       96.6829272842684162      699.7772743269537159
     179.4799602106306224       96.8777533455912874      699.7588112417780621
     179.5024074781782701       97.0493468183385062      699.7425101526825983
     179.5221969793706762       97.2004624128925485      699.7281238439045410
     179.5396399866681918       97.3335318289664713      699.7154319633018531
     179.5515976322660663       97.4684651834809870      699.7006280410485033
     179.5520181654117948       97.6036735876579229      699.6819200903290721
     179.5406765426584172       97.7375011213612481      699.6594641468526561
     179.5175268814582523       97.8683040190205986      699.6334729746253061
     179.4826962549294649       97.9944721371594198      699.6042109603822610
     179.4364779253989184       98.1144497143212675      699.5719890205975844
     179.3793236549334154       98.2267552646636801      699.5371594180124930
     179.3118348741947727       98.3300004349028995      699.5001104317065028
     179.2347525949107307       98.4229076499714637      699.4612608572010686
     179.1489460285601467       98.5043263734022077      699.4210543355671916
     179.0553999327406132       98.5732478127604992      699.3799535260529865
     178.9552007524969213       98.6288179077587301      699.3384341475448309
     178.8495216600925346       98.6703484487905200      699.2969789216454046
     178.7396066254843277       98.6973261866264977      699.2560714554088008
