     179.2404958394404275       93.7648215250481911      728.9304610313738522
     179.1157274203748955       93.7873901586185355      728.8889282396672797
     178.9883076697128388       93.7938749224937709      728.8485643589393703
     178.8597369098291665       93.7842256815402067      728.8098373775733307
     178.7315258908162718       93.7585959926116033      728.7731949925064328
     178.6051754395572573       93.7173412353911601      728.7390587112499816
     178.4821561732884447       93.6610142445107527      728.7078181663808891
     178.3638884675256691       93.5903585268041809      728.6798256804095217
     178.2517228440171380       93.5062991814505295      728.6553911148059797
     178.1469209107570464       93.4099316744850512      728.6347770307318115
     178.0506369408918772       93.3025086530238212      728.6181941793454371
     177.9639001171548216       93.1854250192573090      728.6057973245788162
     177.8875973844470195       93.0602015220007956      728.5976813857744219
     177.8224567152500128       92.9284671721684816      728.5938779138521113
     177.7690306080149298       92.7919407924642599      728.5943515184358148
     177.7215695926513206       92.6535130781857674      728.5969182855317285
     177.6679046440719674       92.4969618320709941      728.5997778775463303
     177.6072341326083404       92.3199373246840764      728.6029561835607637
     177.5386554415189835       92.1197916469136260      728.6064790037829653
     177.4611529646916210       91.8935426860380886      728.6103710897425572
     177.3735848779622302       91.6378342646762434      728.6146548078652359
     177.2746686153754467       91.3488921853045923      728.6193483135402857
     177.1629649953047760       91.0224759555248397      728.6244630930352741
     177.0368609614071715       90.6538260234468254      728.6300006938477054
     176.8945509311995465       90.2376064357474803      728.6359484189438263
     176.7340167818539669       89.7678429526045534      728.6422737051664171
     176.5530065494749579       89.2378568258193638      728.6489168391416342
     176.3490119747870040       88.6401946842853761      728.6557815832616143
     176.1192450936851515       87.9665552936326378      728.6627231876962014
     175.8606141423271652       87.2077143879466803      728.6695331498634687
     175.5696991173519450       86.3534493395128493      728.6759199486909893
     175.2427273924217275       85.3924661714023472      728.6814848265150886
     174.8755498275920388       84.3123323663262454      728.6856915174065534
     174.4636177966548019       83.0994201264954313      728.6878286307137387
     174.0019614707483129       81.7388662378208153      728.6869632006579423
     173.4851694969850939       80.2145565291206850      728.6818837217124383
     172.9073698533539698       78.5091451231595130      728.6710308298091832
     172.2622110947978058       76.6041212568632233      728.6524137000936889
     171.5428423799595237       74.4799393639722780      728.6235102720523855
     170.7418895460402268       72.1162312529084062      728.5811496691430875
     169.8514230732013459       69.4921223445177674      728.5213757761289344
     168.8629119312880675       66.5866736430550361      728.4392922570908695
     167.7671592155488725       63.3794582481419795      728.3288936349965752
     166.5542231558691526       59.8512919096566876      728.1828918374656041
     165.2133212179432462       55.9851303745910513      727.9925501803083989
     163.7327187080908857       51.7671248527708059      727.7475443259116901
     162.0996116610302806       47.1878078528553146      727.4358787541119682
     160.3000230920147828       42.2433525627528965      727.0438968796862582
     158.3187431153521061       36.9368123495347547      726.5564321830021299
     156.1393556260394462       31.2792057372595380      725.9571543089754186
     153.7444048302858732       25.2902724389470244      725.2291647456659121
     151.1157609225210479       18.9986976708493174      724.3558874147709048
     148.2352441218929755       12.4416019598174472      723.3222767072140869
     145.0855847992486076        5.6634109173188723      722.1163350610221414
     141.6515150189664496       -1.2850756432883008      720.7307915164426504
     137.9218482631578695       -8.3476892636546083      719.1678252360616170
     133.8934942181961105      -15.4642988087992705      717.4487578329666349
     129.5700713269146149      -22.5722963486080808      715.6116892883870833
     124.9614098165517504      -29.6079302535960700      713.7114551181864499
     120.0830577260184242      -36.5076219326009408      711.8197107928535843
     114.9553083514233833      -43.2093475351574980      710.0238255539796910
     109.0062979520243402      -50.3383396661744484      708.2670619619296986
     102.8147044871087701      -57.0811007391392948      706.9047497621312459
      96.4186259756662594      -63.3854472436499705      706.0986639849825224
      89.8626219376623396      -69.2205038716267609      705.9765949842836790
      83.2010893273636611      -74.5526152672993874      706.4178873004304933
      76.4947517471541261      -79.3498324918805480      707.1744494186268639
      69.8077274010725262      -83.5902522839568860      707.9767393351687588
      63.2065002169805012      -87.2632854305114165      708.5540807994062789
      56.7584982094065111      -90.3710310070089804      708.6564242028397302
      50.5290936331632778      -92.9315733972843674      708.0928566320586697
      44.5691486355335371      -95.0044789296444492      706.9360109799457632
      38.9178949255089464      -96.6747755260841757      705.4081656912160270
      33.6083224693595497      -98.0248290003680154      703.7040537380072465
      28.6644039681574334      -99.1279113472606213      701.9787392332385707
      24.0994558950734294     -100.0449072021383898      700.3443184732320788
      19.9162651034267348     -100.8236105024245148      698.8722066422881198
      16.1085485709266436     -101.4998141812098567      697.5994629252828645
      12.6629589220193068     -102.0992597662305315      696.5367769670807547
       9.5622338814972423     -102.6379826784303049      695.6640248303727958
       6.7868870870454163     -103.1243968163625624      694.9379233655699863
       4.3141496322175499     -103.5649899425615956      694.3244504048559520
       2.1194482628262512     -103.9651628637499243      693.7990103183574320
       0.1777345899708160     -104.3294731866008647      693.3438491974104636
      -1.5355766146089151     -104.6618090035050699      692.9460706032327835
      -3.0439820458258557     -104.9655162024581045      692.5961712904808110
      -4.3695042201998460     -105.2434945721331729      692.2869941491635473
      -5.5324828088359777     -105.4982723244552147      692.0129985823934931
      -6.5514921537367847     -105.7320651808617384      691.7697628688704299
      -7.4433454956328511     -105.9468240342923195      691.5536506580831428
      -8.2231561991003126     -106.1442738944340931      691.3615904563426966
      -8.9044341984933233     -106.3259460174081994      691.1909310423413899
      -9.4992020963438666     -106.4932046093732509      691.0393467947717454
     -10.0181200621029056     -106.6472691558461037      690.9047751591594988
     -10.4706121805107149     -106.7892331950816072      690.7853744106744216
     -10.8649894482877496     -106.9200801847510860      690.6794940072085183
     -11.2085664413172470     -107.0406969836157032      690.5856526392504975
     -11.5077699557743056     -107.1518853706899819      690.5025209487539541
     -11.7682388096353847     -107.2543719455552349      690.4289070976432185
     -11.9949145854400729     -107.3488166899546741      690.3637441298577642
     -12.1921234832522565     -107.4358204191162827      690.3060785394090999
     -12.3636496950863055     -107.5159313088841202      690.2550597348761130
     -12.5128008528194972     -107.5896506497596476      690.2099302483957217
     -12.6424661726995105     -107.6574379498211300      690.1700166210474663
     -12.7551679437887771     -107.7197154839951452      690.1347209366832658
     -12.8531070012421402     -107.7768723663563009      690.1035129917327140
     -12.9382027995485451     -107.8292682043621937      690.0759230910717861
     -13.0216362776761585     -107.8835923141459716      690.0483672780842426
     -13.1036860805521727     -107.9404648834340605      690.0206861646425978
     -13.1832699012885861     -107.9996731467063142      689.9931625349080377
     -13.2593343545985949     -108.0609982759426089      689.9660754560056830
     -13.3308683594094486     -108.1242164472990197      689.9396968264558154
     -13.3969159811976333     -108.1890998898561094      689.9142879559476569
     -13.4565885737507251     -108.2554179110005066      689.8900962296305579
     -13.5090760698492236     -108.3229378940310283      689.8673519127219151
     -13.5536572819312600     -108.3914262645094908      689.8462651524353078
     -13.5897090869312525     -108.4606494226649147      689.8270232337231391
     -13.6167143839397564     -108.5303746397913613      689.8097881429607696
     -13.6342687288859423     -108.6003709170374236      689.7946944893716363
     -13.6420855668728791     -108.6704098052712055      689.7818478277691838
     -13.6399999998930976     -108.7402661848273766      689.7713234181942425
     -13.6280003985752529     -108.8094292954833975      689.7632043314001749
     -13.6061994137526874     -108.8773967614005187      689.7575419100486442
     -13.5748034452054114     -108.9439685074266464      689.7543165325478185
     -13.5341396482977121     -109.0089575185656656      689.7534771058624301
     -13.4846520876037719     -109.0721901814799111      689.7549422052101136
     -13.4268964349453785     -109.1335064928392882      689.7586016544473750
     -13.3615332738347767     -109.1927601354279602      689.7643185098905860
     -13.2893200890482728     -109.2498184238563539      689.7719314028403232
     -13.2111020361130755     -109.3045621228011868      689.7812571904081551
     -13.1278016007010869     -109.3568851419218078      689.7920938604747789
     -13.0404072720971733     -109.4066941129742077      689.8042236347600920
     -12.9499613678486867     -109.4539078561450651      689.8174162139171131
     -12.8575471581947713     -109.4984567442341614      689.8314321100862117
     -12.7642754487128389     -109.5402819749758976      689.8460260151763350
     -12.6697464093049916     -109.5799549945206905      689.8611975176547730
     -12.5615778472757800     -109.6224916351064564      689.8789512535962558
     -12.4378005218109617     -109.6679660176749849      689.8996964882536531
     -12.2961607130565973     -109.7164380444696832      689.9239006967087562
     -12.1340796668475264     -109.7679501261916926      689.9520967634080080
     -11.9486075355010257     -109.8225231645350846      689.9848909020976180
     -11.7363711638810368     -109.8801516370350839      690.0229713454305056
     -11.4935150292751747     -109.9407976067415547      690.0671178687015299
     -11.2156346171378232     -110.0043834490206365      690.1182122454066530
     -10.8977015119987328     -110.0707830507354714      690.1772497972358451
     -10.5339795175760038     -110.1398111921077714      690.2453523192541525
     -10.1179312120536622     -110.2112107677222923      690.3237828661033291
      -9.6421145214252242     -110.2846374395077191      690.4139632285238122
      -9.0980691948936219     -110.3596412404149589      690.5174954888518641
      -8.4761935459714834     -110.4356445625801086      690.6361899339524371
      -7.7656125560841609     -110.5119158681442713      690.7721029905458181
      -6.9540395260315506     -110.5875383552844085      690.9275909674987588
      -6.0276350408871737     -110.6613726973474030      691.1053885700043793
      -4.9708692642359313     -110.7320128494371971      691.3087258319158082
      -3.7663967248139367     -110.7977337810664267      691.5415038613057277
      -2.3949570786278596     -110.8564298326505906      691.8085592955605989
      -0.8353211365421720     -110.9055421729191266      692.1160603619047151
       0.9356909420059623     -110.9419734737888064      692.4720945907981786
       2.9430827325017561     -110.9619872523686155      692.8875297694349911
       5.2133976307238550     -110.9610880349077604      693.3772548635688509
       7.7742163462618592     -110.9338759944517676      693.9619335401584976
      10.6533606376047381     -110.8738650301551019      694.6704231135731789
      13.8777176145443430     -110.7732440124741800      695.5430082750432348
      17.4727285433936785     -110.6206102025846718      696.6233656560355030
      21.4639678598990855     -110.3941115036685687      697.9230756581871447
      25.8743401124276247     -110.0610187365349049      699.4276881237884709
      30.7217917532286044     -109.5753718632035714      701.0914305338601480
      36.0171323744329115     -108.8747819169074376      702.8254917121862491
      41.7615076041556748     -107.8781011907474010      704.4867104573304459
      47.9438122278066601     -106.4854980741997537      705.8695078025421026
      54.5387983984392690     -104.5826985282926245      706.7048169911726063
      61.5019066550046745     -102.0639975439965212      706.7637888668856476
      68.7548712388722407      -98.8874655754388243      706.1897411086680449
      76.2002023461994469      -95.0477423877311480      705.2948327404517386
      83.7315750039886808      -90.5626982074712572      704.4516912481857389
      91.2414054802978285      -85.4681171834738507      704.0508123725579708
      98.6284538119728609      -79.8097753179446556      704.4485018860250420
     105.8095917699210418      -73.6152194336316370      705.7194809278560115
     112.7231503619527189      -66.9012165114354502      707.6512427313944045
     119.3216270631413067      -59.7066431848998747      710.0225761337626409
     125.5664174053785018      -52.0884064853236310      712.6318130219663090
     130.8683197275862540      -44.9139238290309279      715.0437738916285753
     135.8372781503799160      -37.5126819396067859      717.4015237953443602
     140.4567290315924026      -29.9510990882388874      719.6211914305837354
     144.7150913743610090      -22.3005280822424510      721.6421393022159236
     148.6110258043100600      -14.6352685033359364      723.4349900204122150
     152.1507453131498551       -7.0294870840639545      724.9913520885711478
     155.3448866228395957        0.4455059094145324      726.3130582724305668
     158.2088764065701696        7.7235320465449595      727.4104316941757133
     160.7626692811728901       14.7456294960371803      728.3003423461394732
     163.0299045142994885       21.4618834591087833      729.0041122227617052
     165.0364968469637574       27.8330399330202418      729.5454103926134621
     166.8089116267734084       33.8310218342021400      729.9483446585996944
     168.3728264959551950       39.4384830025319673      730.2360591618345325
     169.7522743396029625       44.6477993136675764      730.4298344976059525
     170.9691748854187665       49.4597297385009682      730.5485928550979224
     172.0431550485550076       53.8819353618282975      730.6087065100703057
     172.9915663177776537       57.9274973725184736      730.6240180714631833
     173.8296232736686306       61.6135302977580608      730.6059968054274805
     174.5706056086307854       64.9599483753460163      730.5639725042386772
     175.2260833605905646       67.9884127292336728      730.5054042324563852
     175.8061396103403240       70.7214649320507078      730.4361547125920424
     176.3195761147307508       73.1818339623713001      730.3607521805618035
     176.7740981534379330       75.3918998983396875      730.2826300477528321
     177.1764745650034172       77.3733055336554969      730.2043372677387651
     177.5326696478754229       79.1466865996509483      730.1277172675579550
     177.8479515261174129       80.7314957277198886      730.0540575708299684
     178.1269815424635681       82.1459002082526126      729.9842139383139283
     178.3738871145864380       83.4067368999031089      729.9187156106376051
     178.5923284873985040       84.5295084157337442      729.8578396670120583
     178.7855544327347275       85.5284107524791466      729.8016730095559979
     178.9564484717693631       86.4163832738012019      729.7501652714095144
     179.1075694718219324       87.2051732249526026      729.7031698869353704
     179.2411875380049935       87.9054091937238127      729.6604756382936330
     179.3593158860900303       88.5266792785473910      729.6218306259261226
     179.4637392301833074       89.0776108053866409      729.5869602524862785
     179.5560391092124348       89.5659492941524888      729.5555805082132110
     179.6376164984857837       89.9986350493504688      729.5274075947402252
     179.7097119974125690       90.3818762717855719      729.5021647173188057
     179.7734238446843165       90.7212179876622145      729.4795867060871615
     179.8297239825464828       91.0216063931426049      729.4594229893128841
     179.8794723685613803       91.2874484369075248      729.4414393302135977
     179.9234297140717445       91.5226666272325673      729.4254186493976704
     179.9622688119397367       91.7307491670019317      729.4111611832245217
     179.9965846011864414       91.9147956006693647      729.3984841712450589
     180.0269031024629953       92.0775582099740433      729.3872212205361620
     180.0536893455909535       92.2214794269938238      729.3772214589968144
     180.0742588972930207       92.3665321304923594      729.3651485511692272
     180.0821097701651752       92.5128729018143616      729.3489983459542145
     180.0768811925391901       92.6587213849696667      729.3288871086747349
     180.0584144429552964       92.8022942215036153      729.3049923743661793
     180.0267470672638126       92.9418297078180160      729.2775479515548795
     179.9821063954618694       93.0756117102339431      729.2468388855031662
     179.9249019414789927       93.2019926496750486      729.2131962759390262
     179.8557164300931106       93.3194153446389123      729.1769918954593095
     179.7752953149042696       93.4264334922394113      729.1386325908836170
     179.6845347421719339       93.5217305690414236      729.0985544750232066
     179.5844679855832453       93.6041369436512980      729.0572169335880517
     179.4762504320229652       93.6726450097081909      729.0150964832535010
     179.3611432416686284       93.7264221696253088      728.9726805238587986
     179.2404958394404275       93.7648215250481911      728.9304610313738522
