     175.7528290231843187       38.9400194507203992      901.8766899915164004
     175.6175241178185047       39.0555674350722555      901.8562920401421934
     175.4701379075103773       39.1554103406653624      901.8351539317291099
     175.3123602099857408       39.2384912243935844      901.8135114155770680
     175.1460046240965198       39.3039687718822037      901.7916053944593386
     174.9729830003275026       39.3512286921068579      901.7696786944197811
     174.7952786526334990       39.3798924512479189      901.7479728169705595
     174.6149185867163283       39.3898233767607238      901.7267246907555318
     174.4339450053314238       39.3811302111349661      901.7061634341589524
     174.2543863254676353       39.3541682466495999      901.6865071345882825
     174.0782279039606806       39.3095382290231825      901.6679596441622380
     173.9073826155418772       39.2480832812747522      901.6507073850470988
     173.7436613583619192       39.1708841720300356      901.6349161501522076
     173.5887434743343647       39.0792533380010525      901.6207278757195809
     173.4441469634489295       38.9747281711162188      901.6082573507691222
     173.3061006669909716       38.8650861061555801      901.5967280893845555
     173.1527373465484914       38.7433356183684765      901.5838584829572255
     172.9823938364090168       38.6081757347015184      901.5694878521228475
     172.7932349369631879       38.4581743047932108      901.5534350428674770
     172.5832376385592966       38.2917568366624437      901.5354955168613742
     172.3501743835887510       38.1071948941889289      901.5154379565378804
     172.0915954341047893       37.9025941839456664      901.4930002884808573
     171.8048104547775949       37.6758825082842179      901.4678850068210068
     171.4868694741837771       37.4247978221569184      901.4397536512371971
     171.1345434531542651       37.1468767047047805      901.4082202606529108
     170.7443047690890126       36.8394436448723184      901.3728435824216376
     170.3123076490402639       36.4996017034672562      901.3331192131549869
     169.8343654741316016       36.1242257334209782      901.2884853077216576
     169.3059321730476654       35.7099578647988238      901.2383159690738239
     168.7220870311409442       35.2532064246404033      901.1819075820724265
     168.0775203291547371       34.7501499355956014      901.1184713591551372
     167.3665222757909987       34.1967472489477444      901.0471263938109132
     166.5829762857644027       33.5887553101968521      900.9668936840078004
     165.7203577576841553       32.9217562487233479      900.8766918956972631
     164.7717396187786676       32.1911956506893304      900.7753358995460076
     163.7298059896812674       31.3924339977895812      900.6615394302388040
     162.5868753678924463       30.5208133041028340      900.5339235851433841
     161.3349347138205019       29.5717409184654230      900.3910332882281864
     159.9656853968264727       28.5407918234469484      900.2313642415376762
     158.4706012739507628       27.4238290934634641      900.0534032630962429
     156.8410008052281341       26.2171429848462552      899.8556854715129703
     155.0681335931453475       24.9176073529875133      899.6368718607930077
     153.1432809138545963       23.5228497943451522      899.3958507564922229
     151.0578695167480987       22.0314298908786412      899.1318663009483316
     148.8035973636860660       20.4430173646202640      898.8446762572664284
     146.3725694037047731       18.7585591915771275      898.5347399530122630
     143.7574410359030423       16.9804220626585547      898.2034350041163862
     140.9515874107805189       15.1124946849575785      897.8533146035853179
     137.9501835742575793       13.1602428472190489      897.4890873571335987
     134.7511751341284310       11.1306796513871848      897.1185155012867654
     131.3547572658032152        9.0322260681465476      896.7521401216745289
     127.7636041179784598        6.8744874462607246      896.4035515353212986
     123.9832151852308755        4.6679996376644599      896.0896384108768871
     120.0222854192947040        2.4240207458375878      895.8307082935776862
     115.8929575902972715        0.1543069895445884      895.6504165849698893
     111.6109695566270545       -2.1291012703566570      895.5754617579253818
     107.1956731195895998       -4.4140616474014145      895.6350095154109567
     102.6698915868624908       -6.6884702520193962      895.8598265781644159
      98.0595911191724952       -8.9403584732073345      896.2811336639434785
      93.3932171313984583      -11.1579404447465009      896.9282873118550015
      88.6961526722602684      -13.3291528362323337      897.7946425487988336
      84.0829188429156318      -15.3993856243217095      898.8042215914896360
      79.4775404461993844      -17.4005046149397309      899.9139364441980433
      74.8975085456849428      -19.3206782130343981      901.0631276397944021
      70.3596005504506508      -21.1491063946454148      902.1919779575891880
      65.8803771262405888      -22.8780877957046123      903.2441566266255677
      61.4759478744163346      -24.5032988250240749      904.1693503085758721
      57.1612804442339382      -26.0224057075561674      904.9254237602556259
      52.9502001703534120      -27.4350818043345228      905.4801733837002757
      48.8587069938191263      -28.7436393006593818      905.8326159174428085
      44.9053605586674678      -29.9531532007264367      906.0157980286311385
      41.1059405748015507      -31.0701675521176384      906.0626628060969097
      37.4734135136208977      -32.1019930494608019      906.0028679706024377
      34.0180137032423886      -33.0561242255505405      905.8625210245322705
      30.7472553863867688      -33.9397697370320657      905.6641022271769543
      27.6659233269991773      -34.7595289789857205      905.4265263261685277
      24.7760580597884292      -35.5212433026489975      905.1653077955858180
      22.0770195984571131      -36.2300035052634755      904.8928088371344529
      19.5657063365267057      -36.8902528200984534      904.6185582760591615
      17.2368932945931661      -37.5059288733483100      904.3496192815301811
      15.0836982172323673      -38.0805900918764593      904.0909853659615010
      13.0980966092986897      -38.6174853894758314      903.8459743701399702
      11.2711088652070615      -39.1195826620627400      903.6163571998882844
       9.5930553829819214      -39.5895892565228849      903.4026057924766064
       8.0542996303890639      -40.0299912226716117      903.2046679007562489
       6.6454171491681926      -40.4430676595758172      903.0221595644254649
       5.3572730223763818      -40.8309021687172162      902.8544660407545734
       4.1810788949762765      -41.1953950022424777      902.7008213019262257
       3.1084338415235662      -41.5382759793536565      902.5603693739993787
       2.1313522010079651      -41.8611179158957896      902.4322106468725906
       1.2422807576229915      -42.1653501981345897      902.3154359954462507
       0.4341071646395234      -42.4522721342629978      902.2091511967480528
      -0.2998388180451755      -42.7230657760849226      902.1124937560466606
      -0.9657899372188744      -42.9788079827355745      902.0246438977336538
      -1.5695507566858402      -43.2204815781448843      901.9448311512662713
      -2.1165106610118958      -43.4489855241467282      901.8723376770082041
      -2.6116596801612597      -43.6651440876620143      901.8064992335710031
      -3.0596063807518750      -43.8697150227007029      901.7467044858436793
      -3.4645971779552411      -44.0633968173295898      901.6923931877228142
      -3.8305365214760996      -44.2468350743272865      901.6430536410625791
      -4.1610074997706050      -44.4206281042789612      901.5982197277413661
      -4.4592924886159775      -44.5853318134988683      901.5574677302726059
      -4.7283935432553097      -44.7414639682646538      901.5204130938258231
      -4.9710522976888596      -44.8895079129182619      901.4867072351134993
      -5.1897691905316030      -45.0299158136109128      901.4560344681549395
      -5.3868218846525675      -45.1631114927300743      901.4281090908394845
      -5.5642827881306403      -45.2894929119699583      901.4026726572594725
      -5.7414497060849463      -45.4229076068388977      901.3769459716138499
      -5.9159236111885738      -45.5628447299044197      901.3512086541584267
      -6.0854104941715690      -45.7088345800115547      901.3257244410668818
      -6.2476684468215273      -45.8603934537465179      901.3007498217111788
      -6.4005360717667159      -46.0170250606428652      901.2765312221603153
      -6.5419600971264291      -46.1782217722881754      901.2533024171241323
      -6.6700218450094653      -46.3434657321809240      901.2312821895045545
      -6.7829622084952721      -46.5122298622713686      901.2106722470628029
      -6.8792048021475107      -46.6839788089656196      901.1916553967871550
      -6.9573769666612160      -46.8581698755773743      901.1743939699967996
      -7.0163283291956091      -47.0342539895099137      901.1590284856107473
      -7.0551466474016378      -47.2116767507346395      901.1456765357063432
      -7.0731706970392416      -47.3898796034677616      901.1344318767356754
      -7.0700000001072816      -47.5683011655655861      901.1253637115103174
      -7.0455949106473525      -47.7451717715124033      901.1185702715426942
      -7.0001853624106189      -47.9187364873452353      901.1141245371890136
      -6.9341760893266713      -48.0884781345079233      901.1120187017637591
      -6.8482361781727077      -48.2539119849591813      901.1122178107118543
      -6.7432914145775458      -48.4145873291962729      901.1146599788473850
      -6.6205131968753559      -48.5700888916457814      901.1192568544589676
      -6.4813041661433850      -48.7200380439048146      901.1258943544318072
      -6.3272807506005151      -48.8640937593882967      901.1344336950842262
      -6.1602528682578415      -49.0019532497665651      901.1447127411828433
      -5.9822010724116552      -49.1333522245144678      901.1565476905319656
      -5.7952514595815323      -49.2580647200493686      901.1697351038471879
      -5.6016486883726726      -49.3759024541589326      901.1840542797694980
      -5.4037274802523774      -49.4867136743243137      901.1992699634628252
      -5.2038829893463303      -49.5903814845206057      901.2151353650564261
      -5.0046320612133686      -49.6867787685148770      901.2313878872409987
      -4.7842737622866274      -49.7864467305855385      901.2498045538525275
      -4.5405935954370698      -49.8893407502511508      901.2706479580292580
      -4.2711556305031486      -49.9953822401351289      901.2942112740179255
      -3.9732831270314750      -50.1044523162658990      901.3208215301667678
      -3.6440381213544413      -50.2163844519926172      901.3508431197676600
      -3.2802000874766177      -50.3309559705385183      901.3846815192970325
      -2.8782438326968456      -50.4478782165302775      901.4227871593088821
      -2.4343168507671624      -50.5667852332768319      901.4656593596030234
      -1.9442164285484265      -50.6872207614389509      901.5138501944783229
      -1.4033668871024043      -50.8086233678296821      901.5679680925171624
      -0.8067974349421978      -50.9303095128006404      901.6286808943434607
      -0.1491212189161856      -51.0514543740364886      901.6967179865009712
       0.5754837250660447      -51.1710702673382016      901.7728709948639789
       1.3732907970894277      -51.2879825454703635      901.8579923514751044
       2.2510374876699402      -51.4008029191063613      901.9529908394936228
       3.2159333013922407      -51.5079002338736629      902.0588229682845167
       4.2756617951882046      -51.6073688578181518      902.1764787334871016
       5.4383755163636778      -51.6969949846440358      902.3069599784867023
       6.7126826177400343      -51.7742213343643414      902.4512492043074872
       8.1076239947886961      -51.8361109186941249      902.6102662948228499
       9.6326399593988086      -51.8793107005743934      902.7848102671318884
      11.2975257688241228      -51.9000160549186873      902.9754828738925880
      13.1123758050779529      -51.8939368267931940      903.1825907462753094
      15.0874515162074534      -51.8562614426343202      903.4059554697074645
      17.2325081426301772      -51.7815907765155572      903.6441479985581964
      19.5566446835124275      -51.6639019213071577      903.8942396768514982
      22.0682803472673328      -51.4965110840018880      904.1516551951178826
      24.7748979848036157      -51.2719994743942138      904.4097494789252778
      27.6827610982795420      -50.9820932129522859      904.6593311018302757
      30.7964562257154171      -50.6175245103181837      904.8881316501481251
      34.1182524314985614      -50.1679451498727786      905.0802503697675547
      37.6473662503331923      -49.6219511956444777      905.2156332679260231
      41.3791972858475390      -48.9672972436159810      905.2696630109412581
      45.3047054123336324      -48.1913382809753372      905.2129537854991668
      49.4100680146201583      -47.2816793299879379      905.0114338021858202
      53.6766540642505490      -46.2269779276515607      904.6267721115748373
      58.0823945094650753      -45.0181153677794867      904.0234905993490884
      62.6093349119849023      -43.6507743466921099      903.2111082667278197
      67.2414442911627503      -42.1246814335947874      902.2280156329371721
      71.9620772855884638      -40.4427827617020696      901.1240180172674172
      76.7541183141883607      -38.6110977923302983      899.9585171005332995
      81.6000840325719423      -36.6383259434909831      898.7980364847985584
      86.4815674860267336      -34.5338058700650734      897.7133644602616869
      91.3791045377039524      -32.3069245807434555      896.7760146838078299
      96.2727556608811739      -29.9681756453552808      896.0541150389719860
     101.2379050432876966      -27.4770151911290412      895.5779493170464320
     106.1401324946391611      -24.8907517328810002      895.3396296140690538
     110.9453492587678340      -22.2215412458973525      895.3028008743845021
     115.6216850812248254      -19.4835650711813884      895.4301725919308410
     120.1404677053748173      -16.6929378220905420      895.6852014268572475
     124.4770273095291344      -13.8674514017818513      896.0335641244397493
     128.6112692170857201      -11.0261607322939188      896.4443189845179631
     132.5279830543468336       -8.1888404235158987      896.8906965317534059
     136.2168847254358752       -5.3753601438341647      897.3505069956750049
     139.6724143114425374       -2.6050364412547640      897.8061951051170126
     142.8933519718024456        0.1039904150025734      898.2446125169567495
     145.8831005909297005        2.7353566517360446      898.6571882828262687
     148.6492280180252408        5.2749395336974603      899.0395105765218204
     151.2010522667244174        7.7111029164846592      899.3893738062556622
     153.5490051766640249       10.0347750138059855      899.7061781753176319
     155.7042546953119313       12.2393983143655412      899.9905233907268212
     157.6783836732604129       14.3207821373516566      900.2438554805798958
     159.4831235920761401       16.2768871918818476      900.4681737364337550
     161.1301394653636692       18.1075685325864875      900.6657975096677546
     162.6308608399145612       19.8142990682259423      900.8391880172362107
     163.9963531955477833       21.3998910985274620      900.9908178864343427
     165.2372239196230623       22.8682287955160568      901.1230802911563842
     166.3635572551833661       24.2240204594178721      901.2382296719445094
     167.3848730537338838       25.4725759360413804      901.3383467660405586
     168.3101044780947575       26.6196115350684828      901.4253216739259642
     169.1475908422626730       27.6710829483391905      901.5008498472662950
     169.9050830275334647       28.6330465841264399      901.5664369747421460
     170.5897575979257397       29.5115468488258550      901.6234094924715237
     171.2082345069727296       30.3125268929275009      901.6729384688001119
     171.7665955777445674       31.0417602621264379      901.7160792485437923
     172.2704250606487619       31.7047976194617753      901.7537372728564833
     172.7248405445751871       32.3069297289138433      901.7866778977543163
     173.1345210454661299       32.8531633688410096      901.8155495468859044
     173.5037359226017202       33.3482073491012230      901.8409028840296742
     173.8363738496923361       33.7964666455002245      901.8632066991838201
     174.1359712699858733       34.2020429291540324      901.8828610829182253
     174.4057399261698720       34.5687400209691660      901.9002083632891527
     174.6485931832756933       34.9000730353473330      901.9155421963563413
     174.8671709621006585       35.1992801883354005      901.9291151324857765
     175.0638631770895017       35.4693364321194267      901.9411449237461511
     175.2408316306046459       35.7129682400237485      901.9518197908188313
     175.4000303587864096       35.9326690051382442      901.9613028292293393
     175.5432244558126342       36.1307146331289815      901.9697357029167506
     175.6720074258391833       36.3091790078196084      901.9772417470169330
     175.7878171272456029       36.4699490890125020      901.9839285802383984
     175.8919503836737874       36.6147394679983762      901.9898903095599962
     175.9905634385953306       36.7659737410932408      901.9949244161534807
     176.0757227372932334       36.9270609481387666      901.9979923550910144
     176.1459316173986736       37.0963501458556166      901.9989925296061983
     176.1999345595413047       37.2720378144806261      901.9978574894405483
     176.2367239481068850       37.4522011607889524      901.9945532297493855
     176.2555454728368147       37.6348309932417209      901.9890783588147087
     176.2559016346673388       37.8178641357287049      901.9814630720227342
     176.2375529555235971       37.9992152582887996      901.9717678899062321
     176.2005166110674850       38.1768079402952480      901.9600821359609881
     176.1450623090199770       38.3486047410764925      901.9465221454130415
     176.0717053255858389       38.5126360313351199      901.9312292091969994
     175.9811966904791518       38.6670273326750618      901.9143672681000226
     175.8745105784674934       38.8100249190752393      901.8961203803128228
     175.7528290231843187       38.9400194507203992      901.8766899915164004
