     178.5000000000000000       65.4862584615972736      624.1137729234155813
     178.4200067298125703       65.6542885334303890      624.0621722489131571
     178.3237621746968102       65.8113639974423137      624.0047079550290618
     178.2124000232724370       65.9557102719076767      623.9420180902892525
     178.0872453496989749       66.0857181553480046      623.8748043504640464
     177.9497961458113195       66.1999671289863301      623.8038237755475848
     177.8017024596078386       66.2972464804837784      623.7298796476835605
     177.6447434048560581       66.3765740676269047      623.6538116084063859
     177.4808023250840279       66.4372125994146359      623.5764850218212132
     177.3118404030980741       66.4786833837921023      623.4987796185366733
     177.1398690031899150       66.5007775781778605      623.4215774617146053
     176.9669210159128738       66.5035650839882777      623.3457502793744425
     176.7950214429048401       66.4874013539436106      623.2721462035148079
     176.6261574094153843       66.4529325368545329      623.2015759435913651
     176.4622477222344514       66.4010995759019238      623.1347983960694137
     176.3007011785230702       66.3406312720074709      623.0697535038684691
     176.1205678023576411       66.2730447266937688      622.9969725165914269
     175.9197653778925883       66.1975030589741209      622.9155275399189122
     175.6959919760827233       66.1130714015435359      622.8243779675640326
     175.4467060013145669       66.0187055811864241      622.7223566341901915
     175.1691051977726374       65.9132395492244285      622.6081542993955509
     174.8601047577637360       65.7953714456345864      622.4803022943472115
     174.5163147349138626       65.6636481779120231      622.3371531627439026
     174.1340170364993014       65.5164483967529634      622.1768591369085470
     173.7091423510032939       65.3519637568674909      621.9973483124015274
     173.2372474581666211       65.1681783649071491      621.7962984265127488
     172.7134934668168285       64.9628463405109926      621.5711082151800611
     172.1326256261582444       64.7334674545663233      621.3188664295198578
     171.4889554520252659       64.4772608656633253      621.0363187501449147
     170.7763459906249182       64.1911370572351956      620.7198330608873675
     169.9882010944952526       63.8716681910588520      620.3653638527622434
     169.1174595903342777       63.5150572458695777      619.9684169463954504
     168.1565951530920699       63.1171065120048951      619.5240162713408836
     167.0976225383585643       62.6731862738945438      619.0266751487298507
     165.9321105363902120       62.1782048409975090      618.4703754116595746
     164.6512015678615057       61.6265814915100663      617.8485587794368712
     163.2456372219478169       61.0122243743845871      617.1541361748337522
     161.7057882351102194       60.3285159685308798      616.3795221079325302
     160.0216864495306197       59.5683093092617781      615.5167027764557588
     158.1830554799031745       58.7239390440482367      614.5573481378007727
     156.1793358181232634       57.7872524370265594      613.4929794395250156
     153.9996982159737513       56.7496653484960873      612.3152038151504257
     151.6330396906794533       55.6022488277821623      611.0160276452346579
     149.0679569756302669       54.3358521113458508      609.5882585306309238
     146.2926938482784465       52.9412672622008529      608.0260017332260531
     143.2950621763251604       51.4094394466256261      606.3252503796286419
     140.0625703519409342       49.7317755497063914      604.4851772570748381
     136.5857973991006133       47.9011889223089682      602.5182948867230834
     132.8591842059117027       45.9124741232471791      600.4536232037660284
     128.8795250168335258       43.7621569444235661      598.3334815770124351
     124.6462916521741420       41.4487148961979130      596.2149066316420658
     120.1619846160829042       38.9727109839469605      594.1706048627045220
     115.4324223858242959       36.3367865074002268      592.2890248542432801
     110.4669262647842487       33.5454457345564734      590.6733112928249056
     105.2784505107526627       30.6046520724709694      589.4390099040501809
      99.8836400526316766       27.5212794013414097      588.7104507741977386
      94.3028234287171472       24.3024610373928525      588.6155429928620606
      88.5679689684588567       20.9518636249327308      589.1927956336254510
      82.7340531724425574       17.4680549062681791      590.2597299224797780
      76.8624661656839834       13.8549857713454507      591.5807114979354537
      71.0161236096647883       10.1244111351466834      592.9083083295653296
      65.1554528917058633        6.2272863860365621      594.0139283925989275
      59.4473257727503608        2.2587944318880497      594.6341168907795236
      53.9481805840873676       -1.7438397888232067      594.5627781431117000
      48.6976145827815685       -5.7390247325031343      593.7148366472199541
      43.7022944066842456       -9.6897477003464854      592.2623110913935989
      38.9620659710098920      -13.5656006129103286      590.4065784574926283
      34.4757379189211761      -17.3419593135639545      588.3237714484267826
      30.2413549318956711      -20.9993467690830897      586.1602756398622205
      26.2563155814724460      -24.5226179373618471      584.0311326055143581
      22.5173022376885470      -27.9001742853820573      582.0208949728515790
      19.0199843283968484      -31.1235597477698178      580.1862790916865151
      15.7589237060328848      -34.1871907743315617      578.5601638942683849
      12.7276588293749633      -37.0880773746475754      577.1560343908607820
       9.9215026515392939      -39.8245191707918522      575.9580231709558120
       7.3379260400446906      -42.3953174449106456      574.9241282642096849
       4.9712485507570321      -44.8013917827239254      574.0198722300326608
       2.8130813611222649      -47.0456023349762518      573.2194394149894379
       0.8531666435057372      -49.1323296643844856      572.5037160158104825
      -0.9200159284224507      -51.0671362065149310      571.8586344700030395
      -2.5187664776274712      -52.8564990105277062      571.2738364474629407
      -3.9557475587183233      -54.5075636204778675      570.7416339841323634
      -5.2436416477265873      -56.0279211200809968      570.2562208692262402
      -6.3948839432567208      -57.4254121235925012      569.8130888684448792
      -7.4214641034946656      -58.7079595971113974      569.4086072363727453
      -8.3347874725794640      -59.8834306048393827      569.0397287386521157
      -9.1455854763000914      -60.9595256478990706      568.7037908657820253
      -9.8638652405920162      -61.9436932750609586      568.3983865566257236
     -10.4988895064247956      -62.8430670682030836      568.1212840955694219
     -11.0591792044126578      -63.6644218660503398      567.8703805976587091
     -11.5525323842927445      -64.4141461001545679      567.6436775050534607
     -11.9860544407997534      -65.0982272953172725      567.4392697610891219
     -12.3661956762012348      -65.7222480649434857      567.2553428579130923
     -12.6987931694058709      -66.2913902585870289      567.0901738636863456
     -12.9891146845294987      -66.8104452577520931      566.9421339338397274
     -13.2419029631183420      -67.2838287429389084      566.8096908038617130
     -13.4614192243513386      -67.7155985557184863      566.6914104434210913
     -13.6514850680977222      -68.1094745470402501      566.5859575031133772
     -13.8155222571051333      -68.4688595345589164      566.4920944699490519
     -13.9565900649066883      -68.7968606881239282      566.4086796156991568
     -14.0774200305893658      -69.0963108261469898      566.3346639108384579
     -14.1804480729836708      -69.3697892397278650      566.2690871135155248
     -14.2678440005384566      -69.6196417723988645      566.2110732674309475
     -14.3415385507263338      -69.8479999908838920      566.1598259973911809
     -14.4032478815793308      -70.0567992336770260      566.1146230193382962
     -14.4544958325089556      -70.2477955531494160      566.0748106906266912
     -14.4966341605192373      -70.4225815508762167      566.0397989272203176
     -14.5344269845300555      -70.6005645056606426      566.0056886695355161
     -14.5670316346577167      -70.7815177295841949      565.9727768325558372
     -14.5933207386978125      -70.9639710943729796      565.9416070673833019
     -14.6122153053471671      -71.1464725342795390      565.9127075115366097
     -14.6227003481123319      -71.3276037825214075      565.8865830475162966
     -14.6238397082445726      -71.5059955867472894      565.8637077526605026
     -14.6147899023721717      -71.6803422136108708      565.8445176742861804
     -14.5948128362953700      -71.8494150610409719      565.8294040637863418
     -14.5632872430894533      -72.0120752079926802      565.8187071993755808
     -14.5197187208894274      -72.1672847452345536      565.8127109195022513
     -14.4637482632124392      -72.3141167469164969      565.8116379777196698
     -14.3951591921788946      -72.4517637610423719      565.8156463152466813
     -14.3138824223503391      -72.5795447172645822      565.8248263299076370
     -14.2199999999999989      -72.6969101722932294      565.8391992000920254
     -14.1143457179845022      -72.8027762267051628      565.8586158078663857
     -13.9979001907370932      -72.8962041417664039      565.8828630480444417
     -13.8711826537550706      -72.9770779089143815      565.9117661912511039
     -13.7348459200273343      -73.0454326065948436      565.9450892867652101
     -13.5896713981532642      -73.1014505618252031      565.9825386080775615
     -13.4365625280631598      -73.1454556949659320      566.0237668832526197
     -13.2765366885748080      -73.1779061306700953      566.0683782063742910
     -13.1107156483416816      -73.1993851798044801      566.1159335180561811
     -12.9403146494480321      -73.2105908176750120      566.1659565392792501
     -12.7666302307583166      -73.2123238028355132      566.2179400434060881
     -12.5910269158418568      -73.2054745978271910      566.2713523556211612
     -12.4149229074927234      -73.1910092681138167      566.3256439765142431
     -12.2397749471333128      -73.1699545480068707      566.3802542362104759
     -12.0670625122733135      -73.1433822723127776      566.4346178964077581
     -11.8970588567491919      -73.1121539434105898      566.4885577646211914
     -11.7108724774537265      -73.0727301947227517      566.5480538536924087
     -11.5068666597697185      -73.0238589442106445      566.6136795087504652
     -11.2832306987408195      -72.9641317961795579      566.6860650737628475
     -11.0379619231361268      -72.8919669366978411      566.7659029424930850
     -10.7688461486777793      -72.8055905744092655      566.8539530095761165
     -10.4734365132379246      -72.7030169120121315      566.9510485885724620
     -10.1490306783633155      -72.5820266694368712      567.0581028983144734
      -9.7926464265754394      -72.4401442278376066      567.1761162706189907
      -9.4009957466009428      -72.2746135267748286      567.3061843086125009
      -8.9704575841497931      -72.0823729286650803      567.4495073350093435
      -8.4970495504532231      -71.8600293683584255      567.6074016262890609
      -7.9763990323435756      -71.6038322355005903      567.7813131481651681
      -7.4037143457059127      -71.3096475971947541      567.9728348108894807
      -6.7737568299449222      -70.9729335622487554      568.1837286758292294
      -6.0808151078178643      -70.5887178192128459      568.4159550990408434
      -5.3186831472999740      -70.1515786504211434      568.6717115304272738
      -4.4806442758346918      -69.6556310331605175      568.9534846400912329
      -3.5594639279539964      -69.0945197834931264      569.2641206600341093
      -2.5473946681384234      -68.4614220703262220      569.6069203491779263
      -1.4361979294852834      -67.7490620136913435      569.9857668399185968
      -0.2171879418112888      -66.9497404624388679      570.4052968051744301
       1.1186955319306491      -66.0553833981588525      570.8711278476471307
       2.5807778260138270      -65.0576127087948919      571.3901576305552226
       4.1784943715402134      -63.9478433017246886      571.9709527955267276
       5.9211800809521247      -62.7174106996348399      572.6242477352960805
       7.8177925573073210      -61.3577334802764227      573.3635741709280182
       9.8765587064054898      -59.8605154515068136      574.2060413146371047
      12.1045355399956218      -58.2179939222999465      575.1732819476346776
      14.5071262811492154      -56.4232187397007010      576.2923101005133049
      17.0898088406849133      -54.4692233257303968      577.5839736855931505
      19.8599491574964162      -52.3484635793232371      579.0509916790260831
      22.8249113008791014      -50.0543138295739638      580.6866427418839294
      25.9920705865937016      -47.5814962845947491      582.4731741447594686
      29.3690395397372086      -44.9263698506098663      584.3789607024175439
      32.9638188178882174      -42.0872159129368910      586.3554893199383287
      36.7848022176334126      -39.0645930112854174      588.3343033589102333
      40.8406346595914727      -35.8618085909388071      590.2241966221945404
      45.1398682099470108      -32.4856140708713994      591.9090654813483070
      49.6904515208821067      -28.9472466105316784      593.2470150739214887
      54.4993890081603070      -25.2634255164099670      594.0714267830866220
      59.5661011366002668      -21.4590426044204641      594.2447859183413357
      64.8615008821197279      -17.5710551277680729      593.8296789996985581
      70.3420106601118391      -13.6380990896186702      592.9738001377298815
      75.9546899716598745       -9.6941894574068250      591.8616583287819140
      81.6404643807926078       -5.7687210457624483      590.7049517414859565
      87.2374125982262001       -1.9533365932929116      589.7439095261610191
      92.7853395283314342        1.8040664676104547      589.1721926737855028
      98.2276667607719958        5.4924690278284007      589.1834160118703494
     103.5247353242458956        9.1041385233244814      589.8102712497682205
     108.6526746962801440       12.6303115652645754      590.9462191717987025
     113.5917153694953186       16.0609664371734375      592.4788713216123597
     118.3257586159162997       19.3853641108799728      594.3000944223874740
     122.8422946396776751       22.5926677674365735      596.3102127993024624
     127.1322437290141920       25.6725718468553374      598.4210118892901846
     131.1897412579546369       28.6158695315152158      600.5575438373192583
     135.0118733486582983       31.4148971953110703      602.6588348279160527
     138.5983858858272129       34.0638160163973609      604.6776752837639606
     141.9514207988227952       36.5587731672558292      606.5797309150276533
     145.0760132199649775       38.8980823481925242      608.3442653124407116
     147.9818347848126052       41.0825687067640999      609.9679939846431580
     150.6793593978112824       43.1148580186511055      611.4537301236861140
     153.1787853109196931       44.9989559643652797      612.8065245956858007
     155.4901194481423090       46.7400011210359239      614.0330519220068481
     157.6232370649844370       48.3440228210250638      615.1410709322797175
     159.5879137632273910       49.8177125787743904      616.1389703712699202
     161.3938313923026726       51.1682153490234413      617.0354011245942729
     163.0505621783854053       52.4029445542876431      617.8389904946012621
     164.5675367968285912       53.5294227885129814      618.5581300318181093
     165.9540024811685157       54.5551485431737717      619.2008264613664323
     167.2189766794868433       55.4874881129594471      619.7746046084515683
     168.3712002368048957       56.3335903419884829      620.2864513962661022
     169.4190941075316346       57.1003219263013904      620.7427915713342372
     170.3707221637326370       57.7942208415115459      621.1494869303870701
     171.2337614192553303       58.4214652588003247      621.5118521241774943
     172.0154802099994527       58.9878553812195534      621.8346815105001042
     172.7227242706116783       59.4988058086680667      622.1222827803262589
     173.3619102182789220       59.9593462772970227      622.3785141492644470
     173.9390256758223927       60.3741288845578694      622.6068227852362043
     174.4596351124243370       60.7474401812587317      622.8102828436047957
     174.9288904228923514       61.0832167712628049      622.9916320237437048
     175.3515452790301197       61.3850632983302873      623.1533059705413962
     175.7319723467165886       61.6562719130373580      623.2974701451316832
     176.0741825512544665       61.8998424988500133      623.4260490037410136
     176.3818456772446552       62.1185030955440780      623.5407524715618592
     176.6583116973472727       62.3147300918445666      623.6430997963357186
     176.9066323296332257       62.4907678697438342      623.7344409270738197
     177.1295824212893706       62.6486476731333539      623.8159755974270411
     177.3296808445792578       62.7902055458917090      623.8887703086270449
     177.5092106680162942       62.9170992420510089      623.9537734096559234
     177.6702384314953633       63.0308240555480737      624.0118284667788657
     177.8146324091121073       63.1327275515283759      624.0636861039936321
     177.9547418789035760       63.2420730213354574      624.1127563748602824
     178.0862883682244160       63.3667326937720432      624.1564228236197778
     178.2074013553428813       63.5056473592620492      624.1940158595702997
     178.3163641531896531       63.6575147994004595      624.2249613625405118
     178.4116309693593223       63.8208183098473896      624.2487830563009084
     178.4918430901774684       63.9938552664791942      624.2651044350092207
     178.5558436494161469       64.1747660638203001      624.2736501135930212
     178.6026905481102176       64.3615635781544739      624.2742464825854540
     178.6316672919526809       64.5521631524438391      624.2668213794986514
     178.6422911321815263       64.7444130707575312      624.2514032301046427
     178.6343184030240536       64.9361253387556445      624.2281194195775242
     178.6077469450795547       65.1251065385435197      624.1971937688547314
     178.5628154983066906       65.3091884947467918      624.1589431041172702
     178.5000000000000000       65.4862584615972736      624.1137729234155813
