  -14.990000000000000       -61.647990106122812        490.77988598849163     
  -14.890000000000001       -61.557059295857393        490.82630267014906     
  -14.790000000000001       -61.466128485591973        490.87271935180650     
  -14.690000000000001       -61.375197675326554        490.91913603346393     
  -14.154796731688585       -60.888533006883954        491.16755963073621     
  -14.080697694429718       -60.821154151905588        491.20195394497188     
  -13.992012977972411       -60.740559701958510        491.24304752619071     
  -13.889836426803143       -60.647768771821177        491.29029492355363     
  -13.775430431320896       -60.543954241966098        491.34307183876820     
  -13.650211274459814       -60.430427721815263        491.40068472948553     
  -13.515732508349370       -60.308622755041128        491.46238118869684     
  -13.373666511000369       -60.180076493855580        491.52736088833262     
  -13.225784402391307       -60.046410088884919        491.59478688175477     
  -13.073934528909597       -59.909308056854073        491.66379707173473     
  -12.920019753919977       -59.770496899699964        491.73351566654435     
  -12.765661306659331       -59.631441883999578        491.80320532781678     
  -12.594799280405141       -59.477701119795718        491.88008084696207     
  -12.405693127582389       -59.307765714774305        491.96484443978181     
  -12.196424562636331       -59.119981277832295        492.05825915897674     
  -11.964881076787361       -58.912536130444110        492.16115329073807     
  -11.708738094004321       -58.683449006904397        492.27442427731751     
  -11.425440041524686       -58.430556443305392        492.39904284069473     
  -11.112180422102609       -58.151500023798441        492.53605736330951     
  -10.765881012831066       -57.843713699869085        492.68659856217312     
  -10.383170425652466       -57.504411473290922        492.85188464498776     
  -9.9603623739548812       -57.130575811876540        493.03322725009303     
  -9.4934341307568673       -56.718947258675584        493.23203863237353     
  -8.9780058442380213       -56.266015800330834        493.44984077961925     
  -8.4093216041155472       -55.768014678585835        493.68827744642971     
  -7.7822334367570187       -55.220917459022360        493.94913049708185     
  -7.0911897574291736       -54.620439310000620        494.23434247928037     
  -6.3302302336388880       -53.962043587399634        494.54604803361036     
  -5.4929895209877504       -53.240954959419469        494.88661760473622     
  -4.5727129248552991       -52.452180429703844        495.25871798168231     
  -3.5622877122499546       -51.590539712562261        495.66539546766882     
  -2.4542945303426893       -50.650706464871071        496.11018895812862     
  -1.2410841442395042       -49.627261868637746        496.59728185170786     
   8.5114578769192595E-002  -48.514761973574011        497.13170345152935     
   1.5320489417350149       -47.307820050293969        497.71959219014354     
   3.1072521812833278       -46.001205000057382        498.36853441288963     
   4.8178022069084108       -44.589956700188729        499.08799327921940     
   6.6700238767115252       -43.069519224252275        499.88984221653175     
   8.6691324645767818       -41.435893290845470        500.78901322318325     
   10.819569163401075       -39.685574749729646        501.80172928036887     
   13.126462332528890       -37.815214229176945        502.93986931499330     
   15.594286754976455       -35.822238177586314        504.21475732700026     
   18.226303784134046       -33.705164097505047        505.63819262052573     
   21.024625113423792       -31.463716485581070        507.22120562866309     
   23.993812443236063       -29.098404169191724        508.96058835968120     
   27.140861295730993       -26.610866338430927        510.83750262273526     
   30.473701879419099       -24.004351619233674        512.82100187765889     
   34.001342439113600       -21.283893836491107        514.86595834133959     
   37.733990606556887       -18.456530879188037        516.91120821484378     
   41.683126151393168       -15.531657603273894        518.87830426324308     
   45.861484748056554       -12.521498892036636        520.67115232363471     
   50.282724040977925       -9.4415925386075674        522.17735962877202     
   54.952343985478187       -6.3122724156286143        523.30694040992569     
   59.860513457939163       -3.1584820726213043        524.02342591109687     
   64.988378797231221       -6.6477526297165079E-003   524.31842390802728     
   70.291474179099765        3.1185593042127984        524.28327586256592     
   75.712607931018240        6.1960519203748854        524.05636386831804     
   81.345719647259045        9.2932809117461339        523.78366109724425     
   86.968930425216115        12.308656002490929        523.64236253412764     
   92.513307577214789        15.233895744072964        523.80187808348649     
   97.921918016612679        18.064942161956367        524.37705700021797     
   103.15424380252345        20.799723458412920        525.41040250170477     
   108.18856105962288        23.433782847483258        526.86387492356732     
   113.01638044334197        25.960272095611444        528.64818886991441     
   117.63177480793547        28.372738669724392        530.67598062228649     
   122.03086120235348        30.665615894829862        532.86591821366994     
   126.21155419411942        32.834574370864217        535.14493644537424     
   130.17335676456074        34.876763988897338        537.44971237191703     
   133.91719544473918        36.790920180798885        539.72741532837017     
   137.44529608655506        38.577332432131790        541.93581686078039     
   140.76107915999830        40.237734705648606        544.04289000094161     
   143.86943663930953        41.775263062059310        546.02779561438763     
   146.77677220258172        43.194352709992231        547.88047486570144     
   149.49067755088691        44.500539396072710        549.59938534592891     
   152.01909924703480        45.699923208511926        551.18682167325960     
   154.37005105767412        46.798856795132828        552.64688979386904     
   156.55163176091838        47.803795346026789        553.98504674813262     
   158.57202439196132        48.721174112552610        555.20769505594376     
   160.43947763241033        49.557311160880822        556.32183665276443     
   162.16227237639146        50.318332644271194        557.33478734660252     
   163.74867754265480        51.010117633599677        558.25394886109552     
   165.20689946068640        51.638259552098333        559.08663304737684     
   166.54502880660459        52.208041562057304        559.83993147795661     
   167.77098859669923        52.724423201695174        560.52062332623404     
   168.89248610685763        53.192035619422064        561.13511469905222     
   169.91697057429548        53.615183511830352        561.68940297292795     
   170.85159777863061        53.997852217947283        562.18906043918685     
   171.70320199924367        54.343718644098409        562.63923243242243     
   172.47827536365577        54.656164909105946        563.04464596654600     
   173.18295424082152        54.938293799674014        563.40962568313830     
   173.82301208511521        55.192945304932820        563.73811460251216     
   174.40385798564807        55.422713654854981        564.03369775023737     
   174.93054010281782        55.629964419528939        564.29962721302616     
   175.40775316110461        55.816851336414132        564.53884756619357     
   175.83984919720081        55.985332622827748        564.75402092186971     
   176.23085082123552        56.137186603498968        564.94755108519257     
   176.58446632454246        56.274026540599749        565.12160648689041     
   176.90410605121264        56.397314598634765        565.27814169600947     
   177.19289953605397        56.508374911137807        565.41891741557356     
   177.45371299403195        56.608405742214771        565.54551893477321     
   177.68916682287193        56.698490755250589        565.65937306046305     
   177.90165284960580        56.779609414961826        565.76176358362841     
   178.09335111266367        56.852646558587701        565.85384535726280     
   178.28479926247758        56.925468599564617        565.94558014014012     
   178.47402489711288        56.997345174410192        566.03607574389343     
   178.65863870685041        57.067373892217041        566.12419821663684     
   178.83630285282499        57.134676656928541        566.20884654045938     
   179.00476114522473        57.198410589815936        566.28896615161875     
   179.16186849719480        57.257778458787953        566.36356172386763     
   179.30561923216871        57.312038491367154        566.43170907584135     
   179.43417382232531        57.360513458472994        566.49256608285543     
   179.54588364416497        57.402598927401215        566.54538249334905     
   179.63931334867789        57.437770595172779        566.58950857847924     
   179.71326051173577        57.465590619467392        566.62440249913607     
   179.76677218308438        57.485712889267830        566.64963641702457     
   179.79915804305529        57.497887183024865        566.66490132200715     
   180.21000000000049        57.652328370507917        566.85854952036482     
   180.31000000000049        57.689919756896828        566.90568399509016     
   180.41000000000048        57.727511143285739        566.95281846981550     
   180.51000000000047        57.765102529674650        566.99995294454084     
