     177.9300000000000068       76.0031239712656799      730.5873295141440167
     177.8578249316487359       76.1036502454080193      730.5540977032609362
     177.7755445195080028       76.1951207643622581      730.5185729600204922
     177.6841390325817827       76.2764756806839870      730.4811659943129598
     177.5847023509642781       76.3467848834376355      730.4423106725885191
     177.4784272335818684       76.4052609379287446      730.4024585759685806
     177.3665892644577866       76.4512703331764811      730.3620732664400066
     177.2505296551855736       76.4843429490495907      730.3216242981347932
     177.1316370856393689       76.5041796931846818      730.2815810123522624
     177.0113287624147915       76.5106583030895422      730.2424061549052112
     176.8910308636775426       76.5038373629513870      730.2045493516229726
     176.7721585179570809       76.4839586504243556      730.1684404710401850
     176.6560954299762329       76.4514480104380425      730.1344828906881048
     176.5441732144384162       76.4069150575472520      730.1030466624616793
     176.4376504223307620       76.3511521455310458      730.0744615398069755
     176.3352007474541949       76.2906416030620562      730.0476274447285050
     176.2195263320887193       76.2222750743653563      730.0172612554815714
     176.0889427582106066       76.1450396993544558      729.9828944746981279
     175.9415572641619860       76.0577940216575854      729.9439956033922954
     175.7752446585212169       75.9592522265589736      729.8999614879542150
     175.5876209065071691       75.8479666098603929      729.8501074529544894
     175.3760142907610486       75.7223081275195540      729.7936560521370666
     175.1374340836686372       75.5804448786585823      729.7297242514459867
     174.8685367180382286       75.4203183835815878      729.6573088402651592
     174.5655895101218391       75.2396175360752864      729.5752698520996091
     174.2244320771399941       75.0357501383162742      729.4823117666355756
     173.8404357043117443       74.8058119706828535      729.3769622658186336
     173.4084610574973908       74.5465534118863644      729.2575483336781872
     172.9228148101088891       74.2543437121450154      729.1221695321344214
     172.3772059591291281       73.9251331394925302      728.9686683656270816
     171.7647028453029634       73.5544133734302505      728.7945977832871449
     171.0776921643214621       73.1371767183382673      728.5971860813884859
     170.3078415523367539       72.6678749590149380      728.3732997905013917
     169.4460676377681807       72.1403789897398156      728.1194055979965469
     168.4825117519772846       71.5479407222836699      727.8315330116312225
     167.4065257552501294       70.8831592202288903      727.5052403641093406
     166.2066706238194058       70.1379535144230601      727.1355879441439356
     164.8707305128387191       69.3035451165895608      726.7171235634010600
     163.3857449098375128       68.3704538420534504      726.2438877584669399
     161.7380611777888362       67.3285111384349193      725.7094480699836367
     159.9134092409379946       66.1668956450794212      725.1069743572818425
     157.8970001127820524       64.8741970181434482      724.4293699003628717
     155.6736487265093558       63.4385165954457761      723.6694750532260514
     153.2279163657109677       61.8476106798088523      722.8203602164155654
     150.5442703969937952       60.0890829083781313      721.8757256577532644
     147.6072582585701127       58.1506324007177540      720.8304223026134423
     144.4016922365449034       56.0203629328945851      719.6810999912389661
     140.9128732705157176       53.6871614948085778      718.4270462635784043
     137.1289837872905366       51.1414927371313510      717.0760706916104255
     133.0440854017945469       48.3762332191075117      715.6517946922236888
     128.6568041958329331       45.3867455115135314      714.1909690016484547
     123.9708195238630708       42.1712627355902896      712.7446871844546195
     118.9954816330603933       38.7312419059902737      711.3794913989740962
     113.7461985593751308       35.0715635120800187      710.1774461480551963
     108.2445396089160994       31.2004192443300141      709.2348993639167247
     102.5181632276399455       27.1289240851889843      708.6597661128748769
      96.6005142478502137       22.8705042827761460      708.5672380938071910
      90.5309097881679179       18.4395041515118159      709.0501016091970996
      84.3581203671675581       13.8479513828298728      710.0080409967386004
      78.1369676996355906        9.1123151138480729      711.2308486745608889
      71.9245185655010459        4.2571988410924613      712.4907601609991161
      65.1706029031877989       -1.1812667626282551      713.6471439121723961
      58.5712228925985912       -6.6708136273188856      714.2923022351169493
      52.1959280330765125      -12.1500644580244082      714.1975803573673147
      46.1000807339618035      -17.5593521832600423      713.3528663535990972
      40.3196090576385657      -22.8485464677317935      711.9898676208027837
      34.8816314871027515      -27.9763988727412247      710.3281260445789940
      29.8049732323530812      -32.9094488759740784      708.5466060847062408
      25.1001533127969765      -37.6208624604936688      706.7804596406823521
      20.7696648811669959      -42.0894871798162811      705.1228768369684303
      16.8086488040340498      -46.2994829161130497      703.6304899504295918
      13.2060691256637881      -50.2402057520707928      702.3307002258384273
       9.9469998495349294      -53.9054480038326318      701.2194973161256257
       7.0149153361637389      -57.2923186302231784      700.2594405098457173
       4.3900008786054956      -60.4032400305332544      699.4185990863264806
       2.0502933174451621      -63.2455160611655174      698.6743273600598059
      -0.0270516273927923      -65.8302134444237623      698.0105912562776211
      -1.8649149934225422      -68.1711023434502152      697.4159063727028069
      -3.4856248509743724      -70.2837170288068620      696.8818295928326734
      -4.9105501325752998      -72.1845623057396324      696.4018999392997102
      -6.1598352483669538      -73.8904744162810232      695.9709225524920839
      -7.2522421092494334      -75.4181288958472038      695.5845035660059921
      -8.2050730703873818      -76.7836789586877160      695.2387612751567758
      -9.0341537242175303      -78.0025042007723641      694.9301563310980328
      -9.7538588532540569      -79.0890489182591665      694.6553988673613276
     -10.3771684329950613      -80.0567307710169587      694.4114028205984823
     -10.9157435026696668      -80.9179029107656476      694.1952672478576005
     -11.3800141046570324      -81.6838554138733173      694.0042714968087694
     -11.7792734187071080      -82.3648445321479130      693.8358761014795846
     -12.1217737577041405      -82.9701406987864942      693.6877247100749173
     -12.4148213109550358      -83.5080883132562377      693.5576446095871006
     -12.6648674740957361      -83.9861720602917075      693.4436448290011867
     -12.8775953396994307      -84.4110859151616069      693.3439116398989199
     -13.0580004808545240      -84.7888020892301739      693.2568017249145669
     -13.2104655765108632      -85.1246380222126078      693.1808334906241953
     -13.3388287317606657      -85.4233201752814040      693.1146770591471977
     -13.4464455628703448      -85.6890438629438478      693.0571434470438135
     -13.5362452658106651      -85.9255287163248909      693.0071733729711241
     -13.6107809844035046      -86.1360696251885116      692.9638260529011404
     -13.6722748535355887      -86.3235831847273261      692.9262682623806313
     -13.7226581284029514      -86.4906497977862614      692.8937639029790034
     -13.7636067909521209      -86.6395516368447431      692.8656640552305817
     -13.7965730670445730      -86.7723067530130123      692.8413977474153853
     -13.8228132565081019      -86.8906996282093615      692.8204635165400305
     -13.8434122389862502      -86.9963084574209091      692.8024216831081503
     -13.8593050100088888      -87.0905294546697064      692.7868873342152938
     -13.8712955763820212      -87.1745984632676283      692.7735239917501531
     -13.8811579707084576      -87.2602139399505177      692.7604499354956715
     -13.8884646598348116      -87.3469741316989428      692.7478151670446778
     -13.8927480306061213      -87.4341322897932400      692.7358227386379212
     -13.8935613899629029      -87.5209524657728224      692.7246697548122256
     -13.8904857867328602      -87.6067176294367300      692.7145446615334095
     -13.8831365286042363      -87.6907375009544126      692.7056246252400342
     -13.8711693102838574      -87.7723560026448126      692.6980730402099198
     -13.8542858738249208      -87.8509582409865573      692.6920372016853662
     -13.8322391279867940      -87.9259769355228684      692.6876461804895371
     -13.8048376601746181      -87.9968982184234392      692.6850089324152577
     -13.7719495819291460      -88.0632667364814949      692.6842126724804984
     -13.7335056569997072      -88.1246899961459746      692.6853215403014019
     -13.6895016696526639      -88.1808419017152687      692.6883755783650258
     -13.6399999999518293      -88.2314654469247586      692.6933900399969843
     -13.5853566167765614      -88.2761674800747045      692.7003291714817124
     -13.5259920522043551      -88.3146292759147684      692.7091328337494360
     -13.4621614444304214      -88.3468161448794120      692.7197428907066978
     -13.3941790900370989      -88.3727694029761182      692.7320778094322122
     -13.3224160559510985      -88.3926044593203386      692.7460336315948553
     -13.2472970667020320      -88.4065079880841154      692.7614852419361569
     -13.1692966998098893      -88.4147342238575931      692.7782879122091799
     -13.0889349307808125      -88.4176004303260754      692.7962790950733734
     -13.0067720774148459      -88.4154816024944239      692.8152804392598227
     -12.9234032008208022      -88.4088044723129372      692.8350999947954278
     -12.8394520275909017      -88.3980408963487889      692.8555345753180745
     -12.7555644639198267      -88.3837007119733471      692.8763722434034662
     -12.6724017779621079      -88.3663241552999068      692.8973948844202368
     -12.5906335313342677      -88.3464739396892469      692.9183808345694615
     -12.5106000251127440      -88.3246323358025052      692.9391939476789730
     -12.4211753792804043      -88.2976531991273532      692.9627364160604657
     -12.3212520657065134      -88.2645769334803418      692.9893651350178061
     -12.2095813834200655      -88.2242927460519155      693.0194838447246184
     -12.0847544426680145      -88.1755171927693482      693.0535490330262292
     -11.9451807685860540      -88.1167698305003455      693.0920764638648279
     -11.7890642697335544      -88.0463456486068594      693.1356483676945572
     -11.6143763006828831      -87.9622839394911864      693.1849213251485935
     -11.4188255368827640      -87.8623332624753886      693.2406348683907709
     -11.1998243768167391      -87.7439121616757802      693.3036208165090102
     -10.9544515945273027      -87.6040653220234020      693.3748133531139501
     -10.6794109894054685      -87.4394148956719732      693.4552598482575831
     -10.3709858255792309      -87.2461068135482662      693.5461324269492707
     -10.0249889277186384      -87.0197520265185460      693.6487402995664979
      -9.6367084129470584      -86.7553628139742017      693.7645429060704600
      -9.2008492013780536      -86.4472845753134322      693.8951640025752567
      -8.7114706745965051      -86.0891239074906025      694.0424069600730945
      -8.1619211587784726      -85.6736743005826753      694.2082717869078579
      -7.5447703161784316      -85.1928414894911867      694.3949747798112639
      -6.8517410565315728      -84.6375714239708543      694.6049723235153124
      -6.0736432506501936      -83.9977850030500264      694.8409912909444301
      -5.2003123635483899      -83.2623252013591042      695.1060698681568510
      -4.2205571417123480      -82.4189240177787212      695.4036145948783769
      -3.1221216991905338      -81.4541987952601545      695.7374821560497367
      -1.8916687481530010      -80.3536898346748956      696.1120981849409191
      -0.5147922913693537      -79.1019537060612947      696.5326302435506705
       1.0239302074073131      -77.6827289620099322      697.0052383855706921
       2.7408344061668033      -76.0791925976772490      697.5374343216559510
       4.6530009447480269      -74.2743258300997979      698.1385890190763348
       6.7780075691159443      -72.2514054925229345      698.8206380376199149
       9.1335852698160185      -69.9946310400282528      699.5990429344202539
      11.7371613705229532      -67.4898847896771912      700.4940737697239683
      14.6052931402983770      -64.7255807539137749      701.5322524701039129
      17.7542403301971774      -61.6923382819956174      702.7343816468373916
      21.2008421077533491      -58.3824983099167980      704.0992876367539566
      24.9609673118044704      -54.7917782869304020      705.6113467012337424
      29.0486062717334619      -50.9197248847257882      707.2366301800157089
      33.4747154851569135      -46.7700740067751894      708.9169787558354301
      38.2458377247977808      -42.3512980456303794      710.5638612695976235
      43.3626927352478759      -37.6774247065145431      712.0530180966438820
      48.8188514879917861      -32.7693533712271545      713.2212428802812383
      54.5999248238389328      -27.6564263214939174      713.8669270635267594
      60.6798965539174802      -22.3799352290518172      713.8213772106489614
      67.0106950560417260      -16.9966817182239147      713.1672714814038727
      73.5299086742192287      -11.5657511093496375      712.1011836447183896
      80.1641121765853626       -6.1401394339267004      710.8710050314108457
      86.2296978545496984       -1.2504010352557073      709.8435040703750474
      92.2657001608307610        3.5681768112862100      709.1215190851909256
      98.2152084138086821        8.2932549297029681      708.8971221360412756
     104.0288782468729210       12.9063623063603607      709.2114224884898022
     109.6659915841417074       17.3887312104257532      709.9618185474861320
     115.0917034956251683       21.7216360213709869      711.0399059433950697
     120.2772965643738985       25.8873122153454744      712.3437466145680901
     125.2003254638557195       29.8698150586048250      713.7822830345826333
     129.8445223007340132       33.6557406903166836      715.2780989547472927
     134.1994914274098676       37.2347210327248774      716.7686440889980304
     138.2602511431605024       40.5996187469159580      718.2061785246122554
     142.0267476336351535       43.7465451278775959      719.5567808846659545
     145.5040616778314302       46.6748722534412934      720.8005234142037807
     148.7034996683526344       49.3873122184340403      721.9335168433248100
     151.6383589839474837       51.8891005938497045      722.9577144107269078
     154.3226524457560345       54.1874474940698931      723.8775695955705487
     156.7708994361855730       56.2911278469019294      724.6992504819129408
     158.9979148606597050       58.2100879762419865      725.4299754541331140
     161.0186034971217168       59.9550816137317284      726.0774801145656738
     162.8477673814548439       61.5373445528996683      726.6496108288467894
     164.4999327276394752       62.9683132987199912      727.1540313402176707
     165.9892014227957588       64.2593901317078604      727.5980245953336407
     167.3291293413097662       65.4217544478837851      727.9883705485794962
     168.5326301831978526       66.4662150467504773      728.3312815139180429
     169.6119061209053029       67.4030995527731989      728.6323802213859153
     170.5784034708580066       68.2421769924316095      728.8967076435453691
     171.4427900513996121       68.9926086518626391      729.1287501590475131
     172.2149507248317946       69.6629223196123348      729.3324782086064033
     172.9039976890620096       70.2610052964276974      729.5113907703093901
     173.5182923086427138       70.7941120036630593      729.6685617150059215
     174.0654755983980522       71.2688825555010084      729.8066854334513209
     174.5525048471943137       71.6913692153014068      729.9281201135472656
     174.9856942577744690       72.0670681918858520      730.0349277535192414
     175.3707578548486481       72.4009547228693009      730.1289104869251787
     175.7128532610680338       72.6975198267565048      730.2116431216907131
     176.0166252497701294       72.9608074791564007      730.2845020020072297
     176.2862482505963726       73.1944512821563507      730.3486904236389137
     176.5254672092001726       73.4017099538129827      730.4052608963997955
     176.7376363876750247       73.5855011726804236      730.4551345718572293
     176.9257558418544818       73.7484334768435303      730.4991181538146066
     177.0925054297299255       73.8928360446109167      730.5379185937017610
     177.2402762964990757       74.0207862810768518      730.5721558494718693
     177.3711998506044552       74.1341352068183994      730.6023739594140807
     177.4871742955526202       74.2345306969946250      730.6290506543393803
     177.5898888178909942       74.3234386552811657      730.6526057045560947
     177.6808455554817101       74.4021622309271322      730.6734081729729269
     177.7691732724693452       74.4866426869323703      730.6927393211742583
     177.8496848940653479       74.5805997219916890      730.7085842205702875
     177.9212170941598856       74.6830834394454968      730.7206799368284464
     177.9827392909666912       74.7930048249281043      730.7288204006277965
     178.0333625165642957       74.9091561345566674      730.7328565617162894
     178.0723475880717501       75.0302311958406563      730.7326961902044786
     178.0991120700760462       75.1548458235387642      730.7283034705353657
     178.1132357626927103       75.2815583961232306      730.7196982541345278
     178.1144645211729198       75.4088905508899074      730.7069548689480598
     178.1027122494560615       75.5353478987539688      730.6902004547002889
     178.0780609606661073       75.6594406167412217      730.6696128096320990
     178.0407588418055127       75.7797037473760042      730.6454177478121892
     177.9912162995355516       75.8947170163886256      730.6178859768183429
     177.9300000000000068       76.0031239712656799      730.5873295141440167
