x_s	r_s
-55.70862012008712	1.1898347521567243
-55.13626028174332	1.56183696018084
-54.371402265167156	2.055184435118653
-53.79787785651644	2.4253676690193835
-53.2241946428239	2.795310922034367
-52.650458494117316	3.1651874504642663
-52.07664294288993	3.5349213719665813
-51.5027744566485	3.904533225326726
-50.92880010037922	4.2740222694545045
-50.354746341588985	4.643392209800893
-49.78061318027786	5.01264622246673
-49.20640061644579	5.381779013950619
-48.63210865009278	5.75079084892763
-48.05779021623277	6.119712165030785
-47.4833659123449	6.488511465926782
-46.90888867344307	6.857188222265488
-46.3343320320203	7.2257943103605635
-45.759695988076636	7.594234976537047
-45.18503347662599	7.962644940405437
-44.61023862764043	8.330891070405647
-44.035443778654944	8.699075266439536
-43.46054305964145	9.067131889089806
-42.885589405614056	9.435111226619703
-42.31060928407976	9.803015131754723
-41.735523292517456	10.170767642749844
-41.160437300955216	10.538490510137153
-40.58524543936505	10.906084745440559
-40.0100271102679	11.273618105477922
-39.434702911142885	11.641039772635848
-38.8593787120178	12.008402946603361
-38.28394864286485	12.375646222764276
-37.7085185737119	12.742857473241745
-37.13303556954499	13.109954648764157
-36.55747316285719	13.47698883161996
-35.981884288662414	13.843956581033263
-35.406242479453674	14.210813431592333
-34.83057420273795	14.57765254892173
-34.254826523501265	14.944380238046762
-33.67905237675768	15.31105684488333
-33.103225295000044	15.677650608423066
-32.52737174573551	16.044219227831174
-31.951465261457002	16.410687535387847
-31.37553230967151	16.777105554681263
-30.79954642287213	17.14345290573106
-30.223534068565687	17.50978490562681
-29.647468779245354	17.876004683292983
-29.07140348992502	18.24221307993115
-28.495285265590724	18.608355043126817
-27.91914057374943	18.974446453384164
-27.34296941440116	19.340476194350252
-26.766771787545906	19.706487937411595
-26.19054769318367	20.072440393257317
-25.614270663807545	20.438334885262762
-25.037993634431412	20.804220642990906
-24.46169013754822	21.170044731427797
-23.885333705651142	21.535825148478175
-23.30897727375406	21.901593655150418
-22.732594374349993	22.267303668632238
-22.156185007438943	22.633005212511833
-21.57977564052797	22.998653027352265
-21.003339806109942	23.364278080136703
-20.426903971691914	23.729899427470162
-19.85041520225998	24.095472339265857
-19.273926432827977	24.46100899057699
-18.69743766339606	24.826561522392314
-18.12092242645707	25.192078852423364
-17.544380722011184	25.557548805616918
-16.967865485072267	25.923050519818844
-16.391297313119317	26.288506180558638
-15.814755608673423	26.653961047273217
-15.238213904227528	27.019405856335155
-14.66164573227465	27.38484298982006
-14.085077560321771	27.750287798881992
-13.508509388368822	28.115690259932766
-12.931941216415952	28.4811297754933
-12.355373044463072	28.84657193780454
-11.778804872510193	29.211979692356707
-11.202236700557314	29.577427148169335
-10.62569499611142	29.94287195723126
-10.049126824158463	30.30832470654529
-9.472585119712576	30.673777455859312
-8.896069882773673	31.039267259683104
-8.319554645834685	31.404762357008288
-7.743039408895783	31.770273334837658
-7.166524171956873	32.135805486672616
-6.5900089350178845	32.501340285258266
-6.0135466330929495	32.86691478510437
-5.4370578636609395	33.23248663819979
-4.860622029242904	33.59811142630915
-4.284159727317963	33.963715040412936
-3.707750360406919	34.32935570902648
-3.131340993495876	34.695033432149806
-2.5549316265848248	35.06072174227591
-1.9785487271807511	35.4264232861555
-1.402192295283669	35.79219099880253
-0.8258623308935782	36.157977238704454
-0.24953236650348032	36.52382170712171
0.32669172785876555	36.88976939881618
0.902915822220919	37.25572767751343
1.4791134490761806	37.62174418472603
2.0553375434384122	37.98771040367538
2.631561637800573	38.353658095369845
3.2075210570930466	38.720071615187074
3.7844862416506047	39.08488649758299
4.36531568222653	39.44352121710014
4.951173949127799	39.793892780939565
5.538726136475432	40.141387326770754
6.125351961079005	40.49043551526141
6.710522072798915	40.84195047540217
7.293601251467783	41.196892977696244
7.8761775475041205	41.55266920646005
8.4608712440984	41.90497289830868
9.048211691390321	42.25284328273893
9.637298994142554	42.59773871938513
10.226545101936708	42.94232183944902
10.815076587042512	43.28814363883936
11.402152359264662	43.63646661763889
11.987878288631022	43.987036687780616
12.572386712676561	44.3396129949511
13.156021708991872	44.69364501500523
13.738809745083984	45.04905599217277
14.320883158487774	45.40565006690212
14.903141844440368	45.761968879558914
15.485056452802324	46.11881968910592
16.065488880773643	46.47806580803421
16.643168688019472	46.84174258763018
17.217566524400354	47.21059376483986
17.789	47.584
18.358210205013705	47.960788782551596
18.925911762129857	48.33987494470868
19.49292516406466	48.71994569812523
20.05869459317151	49.10188241078355
20.62303477690176	49.48591799674503
21.189121816092353	49.867396821532694
21.76021121410139	50.24137475484349
22.340167226947145	50.601563117020106
22.933621668350284	50.939275272273186
23.541897913659795	51.24948239427738
24.161369914419865	51.53644045815436
24.78984086755156	51.803134998690936
25.42506103496204	52.05317883058927
26.06533649620478	52.28993068048454
26.70997909609848	52.51458687969204
27.358300679461767	52.72832523227217
28.009718961141232	52.932402944806256
28.663678123490257	53.12815927314728
29.319860556425297	53.316271785473795
29.97802805238346	53.497386288956015
30.637889468788003	53.672310042556674
31.299180130569283	53.84158033666735
31.961714765178357	54.006012370502944
32.62525516505259	54.16629694599548
33.289668992656914	54.322923712024036
33.95485037796354	54.476252626683426
34.620693450944614	54.6265748325504
35.28717174409307	54.77422911371427
35.95412645236702	54.91961777628104
36.62150464075263	55.063034609578125
37.2894915817987	55.20365118063722
37.95824608054703	55.34053583321278
38.62797987705346	55.472693389042526
39.29877237383893	55.59925042039628
39.970782375945205	55.71923027626662
40.6440892858933	55.83168012640246
41.31877250620413	55.93563920030058
41.99483203687765	56.030122906701486
42.67237374794189	56.11357230944432
43.35134470438274	56.18431995558967
44.03166550367931	56.24087043099339
44.713150873282785	56.28146364644161
45.39550967061649	56.30342903048053
46.07823901304785	56.303804869079585
46.760597810381576	56.280754317254676
47.44181850491536	56.23540224405227
48.12153055155153	56.171890814314004
48.79957514524825	56.09245917913002
49.4755288058939	55.99692735945289
50.148835715842026	55.88388993066219
50.81809309722288	55.74888711783259
51.48168643211099	55.58805995844706
52.13720717737161	55.396728997272334
52.78211445233502	55.17219190184622
53.41418498641539	54.91359112494273
54.03124844404074	54.621051063844625
54.63293428011332	54.298211000761064
55.219189559619196	53.94816763400812
55.79117885286537	53.57536221125633
56.35027847021442	53.183587526255224
56.898447007182654	52.776710481773954
57.43814594191879	52.358664149349046
57.97112212988311	51.93215880169478
58.49880481645242	51.49908421880922
59.022755584538146	51.0615419207462
59.54405960192628	50.6208446958517
60.06311388122157	50.177495426758284
60.580156629986696	49.73180643004824
61.09526725074265	49.28388622250013
61.608392808475436	48.83369510285357
62.11945390066408	48.381180136094535
62.628556397336574	47.926415431242596
63.1357002984929	47.46950421157496
63.64101794166792	47.0105523471195
64.14453579436858	46.54966041440275
64.64638619412986	46.08694487045541
65.14670147848652	45.62253805281233
65.6454022449177	45.156424080969316
66.14275316849309	44.68886233649477
66.80401736276738	44.06348278817777
67.29808631547782	43.592437919785255
67.62675981709876	43.27768103333198
0.0	0.0
-21.00334	23.364278
-15.238214	27.019406
-9.472585	30.673777
-6.590009	32.501341
-1.27	36.068
1.35768	37.255728
5.446081	39.793893
9.534482	42.252843
14.20694	45.049056
17.789	47.884
19.492925	48.719945
25.425061	52.053179
31.961715	54.006013
38.62798	55.472693
45.39551	56.303429
52.137207	55.396729
57.971122	51.932159
67.62676	43.277681
0.0	0.0
-21.00334	32.533538
-15.238214	35.78046
-9.472585	39.02671
-6.590009	40.650171
-1.366	43.785
1.35768	44.836925
5.446081	47.027471
9.534482	47.924564
14.20694	50.403576
17.884	52.947
19.492925	53.715335
25.425061	56.742347
31.961715	58.515776
38.62798	59.847714
45.39551	60.60213
52.137207	59.778728
57.971122	56.632445
67.62676	48.773047
0.0	0.0
-21.00334	39.309784
-15.238214	42.255035
-9.472585	45.199676
-6.590009	46.672301
-1.429	49.488
1.35768	50.439565
5.446081	52.373213
9.534482	52.417804
14.20694	54.645524
17.981	56.958
19.492925	57.672772
25.425061	60.457191
31.961715	62.088491
38.62798	63.313684
45.39551	64.007639
52.137207	63.250226
57.971122	60.356097
67.62676	53.126574
0.0	0.0
-21.00334	42.66642
-15.238214	45.462237
-9.472585	48.257475
-6.590009	49.655383
-1.431	52.313
1.35768	53.214851
5.446081	55.021244
9.534482	54.754602
14.20694	56.851632
17.892	59.044
19.492925	59.730916
25.425061	62.389169
31.961715	63.946553
38.62798	65.11623
45.39551	65.778741
52.137207	65.055648
57.971122	62.292655
67.62676	55.390713
0.0	0.0
-21.00334	48.293687
-15.238214	50.838983
-9.472585	53.383753
-6.590009	54.656401
-1.422	57.049
1.35768	57.867507
5.446081	59.460563
9.534482	58.910653
14.20694	60.775249
17.85	62.754
19.492925	63.391373
25.425061	65.825237
31.961715	67.251159
38.62798	68.322101
45.39551	68.928688
52.137207	68.266633
57.971122	65.736871
67.62676	59.417536
0.0	0.0
-21.00334	52.528395
-15.238214	54.885167
-9.472585	57.241451
-6.590009	58.419836
-1.441	60.613
1.35768	61.368788
5.446081	62.801301
9.534482	62.238854
14.20694	63.917315
17.8	65.725
19.492925	66.322699
25.425061	68.57687
31.961715	69.897516
38.62798	70.88939
45.39551	71.451193
52.137207	70.838017
57.971122	68.495028
67.62676	62.642251
0.0	0.0
-21.00334	54.987948
-15.238214	57.235223
-9.472585	59.482032
-6.590009	60.60567
-1.449	62.683
1.35768	63.402361
5.446081	64.741628
9.534482	64.217179
14.20694	65.784998
17.782	67.491
19.492925	68.065116
25.425061	70.212476
31.961715	71.470544
38.62798	72.415419
45.39551	72.950602
52.137207	72.366481
57.971122	70.134511
67.62676	64.559062
0.0	0.0
-21.00334	59.359298
-15.238214	61.411965
-9.472585	63.464207
-6.590009	64.49054
-1.42	66.362
1.35768	67.016618
5.446081	68.190161
9.534482	67.686529
14.20694	69.060319
17.783	70.588
19.492925	71.120759
25.425061	73.080805
31.961715	74.229133
38.62798	75.091587
45.39551	75.580086
52.137207	75.046917
57.971122	73.009642
67.62676	67.920537
0.0	0.0
-21.00334	63.478752
-15.238214	65.348025
-9.472585	67.216911
-6.590009	68.151548
-1.364	69.829
1.35768	70.422607
5.446081	71.439975
9.534482	70.895986
14.20694	72.090282
17.793	73.453
19.492925	73.9475
25.425061	75.734265
31.961715	76.781073
38.62798	77.56728
45.39551	78.012592
52.137207	77.526559
57.971122	75.669393
67.62676	71.030199
0.0	0.0
-21.00334	65.84919
-15.238214	67.612934
-9.472585	69.376312
-6.590009	70.258184
-1.306	71.824
1.35768	72.382499
5.446081	73.310001
9.534482	72.727561
14.20694	73.819423
17.767	75.088
19.492925	75.560667
25.425061	77.248543
31.961715	78.237415
38.62798	78.98011
45.39551	79.400776
52.137207	78.941643
57.971122	77.187261
67.62676	72.804824
0.0	0.0
-21.00334	68.712727
-15.238214	70.348989
-9.472585	71.984913
-6.590009	72.803044
-1.237	74.234
1.35768	74.750088
5.446081	75.569029
9.534482	75.175262
14.20694	76.130232
17.699	77.273
19.492925	77.716488
25.425061	79.272211
31.961715	80.183659
38.62798	80.868204
45.39551	81.255934
52.137207	80.832749
57.971122	79.215728
67.62676	75.176416
0.0	0.0
-21.00334	70.382134
-15.238214	71.944076
-9.472585	73.505694
-6.590009	74.286665
-1.213	75.639
1.35768	76.130363
5.446081	76.886014
9.534482	76.451203
14.20694	77.334814
17.657	78.412
19.492925	78.840278
25.425061	80.327112
31.961715	81.1982
38.62798	81.852432
45.39551	82.222993
52.137207	81.818547
57.971122	80.27313
67.62676	76.412684
0.0	0.0
-21.00334	74.67744
-15.238214	76.048159
-9.472585	77.418594
-6.590009	78.103954
-1.173	79.254
1.35768	79.681747
5.446081	80.274557
9.534482	79.731234
14.20694	80.431404
17.546	81.34
19.492925	81.729178
25.425061	83.03892
31.961715	83.806255
38.62798	84.382564
45.39551	84.708989
52.137207	84.352715
57.971122	82.991367
67.62676	79.590726
0.0	0.0
-21.00334	81.412099
-15.238214	82.482998
-9.472585	83.553676
-6.590009	84.089126
-0.988	84.922
1.35768	85.250002
5.446081	85.587492
9.534482	84.856283
14.20694	85.269825
17.35	85.915
19.492925	86.243084
25.425061	87.27612
31.961715	87.881342
38.62798	88.335896
45.39551	88.593357
52.137207	88.312353
57.971122	87.238614
67.62676	84.556418
0.0	0.0
-21.00334	87.728516
-15.238214	88.518215
-9.472585	89.30775
-6.590009	89.7026
-0.707	90.238
1.35768	90.472452
5.446081	90.570477
9.534482	89.668788
14.20694	89.813183
17.062	90.211
19.492925	90.481716
25.425061	91.25492
31.961715	91.707916
38.62798	92.048139
45.39551	92.240843
52.137207	92.030517
57.971122	91.226848
67.62676	89.219284
0.0	0.0
-21.00334	93.695604
-15.238214	94.219655
-9.472585	94.743596
-6.590009	95.005622
-0.347	95.26
1.35768	95.406075
5.446081	95.27788
9.534482	94.311018
14.20694	94.195788
16.674	94.355
19.492925	94.570377
25.425061	95.092944
31.961715	95.399098
38.62798	95.629036
45.39551	95.759275
52.137207	95.617127
57.971122	95.073971
67.62676	93.717169
0.0	0.0
-21.00334	99.458325
-15.238214	99.725825
-9.472585	99.993269
-6.590009	100.12702
0.05	100.11
1.35768	100.170726
5.446081	99.824057
9.534482	98.869231
14.20694	98.499075
16.305	98.424
19.492925	98.58504
25.425061	98.861505
31.961715	99.023476
38.62798	99.145125
45.39551	99.214028
52.137207	99.138824
57.971122	98.851467
67.62676	98.13365
0.0	0.0
-21.00334	105.467
-15.238214	105.467
-9.472585	105.467
-6.590009	105.467
0.467	105.167
1.35768	105.138733
5.446081	104.564267
9.534482	103.9898
14.20694	103.333267
15.981	102.995
19.492925	103.095
25.425061	103.095
31.961715	103.095
38.62798	103.095
45.39551	103.095
52.137207	103.095
57.971122	103.095
67.62676	103.095
0.0	0.0
-21.579776	105.467
-21.00334	105.467
-20.426904	105.467
-19.850415	105.467
-19.273926	105.467
-18.697438	105.467
-18.120922	105.467
-17.544381	105.467
-16.967865	105.467
-16.391297	105.467
-15.814756	105.467
-15.238214	105.467
-14.661646	105.467
-14.085078	105.467
-13.508509	105.467
-12.931941	105.467
-12.355373	105.467
-11.778805	105.467
-11.202237	105.467
-10.625695	105.467
-10.049127	105.467
-9.472585	105.467
-8.89607	105.467
-8.319555	105.467
-7.743039	105.467
-7.166524	105.467
-6.590009	105.467
-6.013547	105.467
-5.437058	105.467
-4.860622	105.467
-4.28416	105.467
-3.70775	105.467
-3.131341	105.467
-2.554932	105.467
-1.978549	105.467
-1.402192	105.467
-0.394491	105.384933
0.189566	105.302867
0.773623	105.2208
1.35768	105.138733
1.941738	105.056667
2.525795	104.9746
3.109852	104.892533
3.693909	104.810467
4.277966	104.7284
4.862024	104.646333
5.446081	104.564267
6.030138	104.4822
6.614195	104.400133
7.198253	104.318067
7.78231	104.236
8.366367	104.153933
8.950424	104.071867
9.534482	103.9898
10.118539	103.907733
10.702596	103.825667
11.286653	103.7436
11.870711	103.661533
12.454768	103.579467
13.038825	103.4974
13.622882	103.415333
14.20694	103.333267
14.790997	103.2512
15.375054	103.169133
15.959111	103.087067
16.065489	103.095
16.643169	103.095
17.217567	103.095
17.789	103.095
18.35821	103.095
18.925912	103.095
19.492925	103.095
20.058695	103.095
20.623035	103.095
21.189122	103.095
21.760211	103.095
22.340167	103.095
22.933622	103.095
23.541898	103.095
24.16137	103.095
24.789841	103.095
25.425061	103.095
26.065336	103.095
26.709979	103.095
27.358301	103.095
28.009719	103.095
28.663678	103.095
29.319861	103.095
29.978028	103.095
30.637889	103.095
31.29918	103.095
31.961715	103.095
32.625255	103.095
33.289669	103.095
33.95485	103.095
34.620693	103.095
35.287172	103.095
35.954126	103.095
36.621505	103.095
37.289492	103.095
37.958246	103.095
38.62798	103.095
39.298772	103.095
39.970782	103.095
40.644089	103.095
41.318773	103.095
41.994832	103.095
42.672374	103.095
43.351345	103.095
44.031666	103.095
44.713151	103.095
45.39551	103.095
46.078239	103.095
46.760598	103.095
47.441819	103.095
48.121531	103.095
48.799575	103.095
49.475529	103.095
50.148836	103.095
50.818093	103.095
51.481686	103.095
52.137207	103.095
52.782114	103.095
53.414185	103.095
54.031248	103.095
54.632934	103.095
55.21919	103.095
55.791179	103.095
56.350278	103.095
56.898447	103.095
57.438146	103.095
57.971122	103.095
58.498805	103.095
59.022756	103.095
59.54406	103.095
60.063114	103.095
60.580157	103.095
61.095267	103.095
61.608393	103.095
62.119454	103.095
62.628556	103.095
63.1357	103.095
63.641018	103.095
64.144536	103.095
64.646386	103.095
65.146701	103.095
65.645402	103.095
66.142753	103.095
66.804017	103.095
67.298086	103.095
67.62676	103.095
0.0	0.0
