      55.3219243590754104      -14.5016749144805832      103.3003121675155285
      55.3329284774598875      -14.4807889117614437      103.3037021240865840
      55.3415896589381475      -14.4588370170606435      103.3071389023427002
      55.3478088168067472      -14.4360779468683624      103.3105815856013265
      55.3515178335987201      -14.4127802658993911      103.3139893724752341
      55.3526805698680704      -14.3892188000173995      103.3173221441668375
      55.3512934816835269      -14.3656709404127501      103.3205410199967247
      55.3473858441634192      -14.3424128748020934      103.3236088953170366
      55.3410195853622895      -14.3197157800388961      103.3264909570037418
      55.3322887425398662      -14.2978420074573158      103.3291551730398368
      55.3213185614411458      -14.2770412870526666      103.3315727543393194
      55.3082642689633630      -14.2575469685612095      103.3337185889898819
      55.2933095609474421      -14.2395723056729739      103.3355716516443294
      55.2766648605639617      -14.2233067725670530      103.3371153940676948
      55.2585654200580834      -14.2089123776040633      103.3383381271769537
      55.2399862905210242      -14.1956188798432130      103.3393872113852012
      55.2189624145173994      -14.1805808734372967      103.3405712122861928
      55.1951747433289341      -14.1635719544914345      103.3419068695003631
      55.1682633476335837      -14.1443370345457939      103.3434128285987583
      55.1378223976703126      -14.1225888975308322      103.3451098096630005
      55.1033945910591925      -14.0980043953944403      103.3470207762882893
      55.0644649869448415      -14.0702202586779546      103.3491710996941180
      55.0204542084415849      -14.0388285010115457      103.3515887113650962
      54.9707109815174633      -14.0033714005200896      103.3543042341322717
      54.9145039882360422      -13.9633360472244412      103.3573510780361602
      54.8510130266313993      -13.9181484545810239      103.3607654862320118
      54.7793194900763041      -13.8671672449712720      103.3645865100565402
      54.6983962069924132      -13.8096769349350144      103.3688558875112875
      54.6070967189545939      -13.7448808669405409      103.3736177933028983
      54.5041441234996284      -13.6718938618100747      103.3789184213834602
      54.3881196692008544      -13.5897347011272345      103.3848053526484279
      54.2574513667199412      -13.4973185938333966      103.3913266511062830
      54.1104029722063302      -13.3934498378111595      103.3985296220286614
      53.9450638078174833      -13.2768149612760400      103.4064591843095542
      53.7593400145023210      -13.1459767091871207      103.4151557572621556
      53.5509479788481357      -12.9993693370267849      103.4246525020767393
      53.3174108220699949      -12.8352958145502587      103.4349718889441476
      53.0560590017061173      -12.6519276758722441      103.4461214959411706
      52.7640362101008478      -12.4473084435728598      103.4580891990071336
      52.4383119291012605      -12.2193616450703484      103.4708372209922658
      52.0757020365935830      -11.9659047076853966      103.4842951513725495
      51.6728990744529568      -11.6846703831325183      103.4983528576631784
      51.2265152777617558      -11.3733371790720312      103.5128522435014276
      50.7331396158614183      -11.0295690344871495      103.5275794733198609
      50.1894099126286548      -10.6510651907546805      103.5422580563090804
      49.5921017716381769      -10.2356211495965272      103.5565435799158251
      48.9382353330091817       -9.7812005146218723      103.5700213804326069
      48.2252001266701029       -9.2860164657582782      103.5822093195738631
      47.4508976487752037       -8.7486199821369155      103.5925661714750134
      46.6138998864919927       -8.1679903584742544      103.6005081242048789
      45.7136206856085821       -7.5436214527533405      103.6054339943450202
      44.7504949708251587       -6.8755952770107838      103.6067590860631356
      43.7261584955748503       -6.1646331728304578      103.6039560693525061
      42.6436100892409158       -5.4121126747170409      103.5965983177991916
      41.5073168319026564       -4.6200500815044370      103.5843983707329414
      40.3232564111815464       -3.7910707863268231      103.5672332842492267
      39.0988862312488621       -2.9283657287140494      103.5451500518316124
      37.8430250937652914       -2.0356370093659417      103.5183490978003107
      36.5656437565590053       -1.1170402683640488      103.4871439453988131
      35.2775699341441467       -0.1771302635002335      103.4519041043611054
      33.9901235546891201        0.7791873495213447      103.4129919106093496
      32.5732293280270113        1.8554192680980977      103.3657759078725462
      31.1863536439609916        2.9378842776389371      103.3146609878850342
      29.8430772094771690        4.0183718438893754      103.2597758035274609
      28.5545068270406546        5.0878507390618068      103.2011926005291400
      27.3292769930746324        6.1371921864887407      103.1390287137949571
      26.1734447820516714        7.1574992280672491      103.0735383238044278
      25.0905088062507140        8.1403837348927599      103.0051836843152984
      24.0815724237715507        9.0782294368403491      102.9346661068575202
      23.1458020775078666        9.9643377564378763      102.8629199936688821
      22.2811423527131502       10.7931680361488631      102.7910527578881386
      21.4849316102438301       11.5607005786872676      102.7202332467488759
      20.7543164639545274       12.2647161111723193      102.6515664177654656
      20.0863884716183669       12.9048943667643261      102.5859848762021898
      19.4781229087843890       13.4826527225410864      102.5241907814372269
      18.9262670654069609       14.0007720313858233      102.4666484660000805
      18.4273283160116961       14.4629138014844170      102.4136101791376348
      17.9776532709729260       14.8732132024274897      102.3651608112915028
      17.5735176878075201       15.2360009417011977      102.3212566630359532
      17.2112096602849611       15.5556142672102986      102.2817563852626819
      16.8871002225718030       15.8362699383939880      102.2464474605362170
      16.5976988353834223       16.0819816288219748      102.2150700775210339
      16.3396940064162735       16.2965091176475809      102.1873359645851451
      16.1099804652958838       16.4833304793808502      102.1629426419909663
      15.9056748346259180       16.6456311777715662      102.1415859791210607
      15.7241220441251119       16.7863047680628945      102.1229687586128279
      15.5628945549833055       16.9079616633636114      102.1068065355967320
      15.4197862511391151       17.0129433068288911      102.0928318637652694
      15.2928025242480796       17.1033395126724201      102.0807962437586411
      15.1801478820371596       17.1810076053487926      102.0704710855222288
      15.0802121045563862       17.2475922762154461      102.0616481175240438
      14.9915557127525361       17.3045453111344010      102.0541391018002457
      14.9128953323107112       17.3531446547774166      102.0477750637757310
      14.8430893720517787       17.3945124646644160      102.0424052045435275
      14.7811243052623524       17.4296319468275911      102.0378956238467651
      14.7261017401835392       17.4593628664198484      102.0341279480315677
      14.6772263877683500       17.4844556955752495      102.0309979084304075
      14.6337949777931993       17.5055644287179639      102.0284139947638238
      14.5951861312101485       17.5232581097828621      102.0262961757912024
      14.5608511670416316       17.5380311357144976      102.0245746574913852
      14.5303058032928742       17.5503124295316830      102.0231887353549922
      14.5031226985494293       17.5604735747021827      102.0220857464622384
      14.4789247740741036       17.5688360037613798      102.0212201209780858
      14.4573792534360450       17.5756773324771487      102.0205525298097200
      14.4381923568231034       17.5812369271927160      102.0200491232487821
      14.4211045893104863       17.5857207880684214      102.0196808542219742
      14.4058865657879522       17.5893058253519463      102.0194228791054201
      14.3902294657487086       17.5925526119087046      102.0192332817918270
      14.3743311128850451       17.5953429171950084      102.0191277909394501
      14.3583236201391102       17.5975774021350375      102.0191204463586132
      14.3423373719985925       17.5991607976356441      102.0192246343911933
      14.3264996058397820       17.6000033122081128      102.0194528725457843
      14.3109330415698022       17.6000219783898544      102.0198166027956006
      14.2957545761984104       17.5991419204814328      102.0203259965601745
      14.2810740591427887       17.5972975271160443      102.0209897742840326
      14.2669931630404765       17.5944335133807073      102.0218150423635279
      14.2536043636235252       17.5905058585954990      102.0228071499607552
      14.2409900408103880       17.5854826074098050      102.0239695679792504
      14.2292217116160824       17.5793445235731056      102.0253037921657722
      14.2183594037874332       17.5720855875619044      102.0268092719510804
      14.2084511772604696       17.5637133311703657      102.0284833662539512
      14.1995717791904283       17.5542859355841223      102.0303140589528681
      14.1917830091672492       17.5438748381572793      102.0322873458257789
      14.1850942472031942       17.5325271685569604      102.0343946262963044
      14.1795015964618987       17.5203023496063217      102.0366254911570252
      14.1749882109570038       17.5072716126573873      102.0389678099021324
      14.1715247835296445       17.4935173625566200      102.0414078411141219
      14.1690701870280620       17.4791323992948726      102.0439303643230602
      14.1675722596946070       17.4642190052213238      102.0465188314420004
      14.1669687239671891       17.4488879083871282      102.0491555356132523
      14.1671882262459139       17.4332571341456521      102.0518217950751705
      14.1681514836819105       17.4174507585556277      102.0544981494849850
      14.1697725227318969       17.4015975783914207      102.0571645660096607
      14.1719599931063538       17.3858297136465900      102.0598006524265884
      14.1746185398327516       17.3702811593065398      102.0623858744533692
      14.1776363733398902       17.3551513909488300      102.0648890312952233
      14.1814880206509315       17.3381442284114478      102.0676892742195605
      14.1863428829053060       17.3190265521259121      102.0708212167448892
      14.1923984273444930       17.2975343495369316      102.0743237397777534
      14.1998842930732625       17.2733684005848822      102.0782405331473228
      14.2090669730826367       17.2461893988397961      102.0826206918837613
      14.2202551435724160       17.2156124448960313      102.0875193684443616
      14.2338057158675895       17.1812008438263391      102.0929984806127209
      14.2501306895485769       17.1424591346575959      102.0991274725955691
      14.2697048872240515       17.0988252775948375      102.1059841236979366
      14.2930746508557203       17.0496619249105379      102.1136553945954688
      14.3208675756082986       16.9942467051160548      102.1222382953223615
      14.3538033484179302       16.9317614586623790      102.1318407512759592
      14.3927057430242851       16.8612803788194228      102.1425824333798715
      14.4385157988039303       16.7817570359258355      102.1545955055877926
      14.4923061745652664       16.6920102998879507      102.1680252266987026
      14.5552966171611065       16.5907092283899154      102.1830303236026509
      14.6288704144741146       16.4763570613734203      102.1997830293683904
      14.7145916087955211       16.3472745615205319      102.2184686521319463
      14.8142226253914941       16.2015830692766158      102.2392844911663019
      14.9297418159110062       16.0371877661453155      102.2624375842345330
      15.0633602374293911       15.8517619651705584      102.2881413826942776
      15.2175367692594143       15.6427334861106164      102.3166111857459839
      15.3949904259543349       15.4072744385781597      102.3480576266091759
      15.5987084895193604       15.1422962357217603      102.3826779618078149
      15.8319488888031898       14.8444521746617664      102.4206449412572084
      16.0982352363983310       14.5101507484257208      102.4620945955255564
      16.4013429010502563       14.1355829932634105      102.5071103294500290
      16.7452752148231738       13.7167684899722531      102.5557033755692800
      17.1342304384150843       13.2496257658400278      102.6077894326960944
      17.5725627333973620       12.7300747042893594      102.6631633003063513
      18.0647457751634022       12.1541810506760051      102.7214744857248405
      18.6153577709885489       11.5183562274662066      102.7822009444171698
      19.2291193654937302       10.8196386645691831      102.8446285838998904
      19.9109351578595799       10.0561425900369930      102.9078322105266352
      20.6657906817934176        9.2276582419844484      102.9706670906007275
      21.4984410553487422        8.3361969771980124      103.0318251700328034
      22.4128756112876495        7.3862572428225226      103.0899549757905476
      23.4116570290210859        6.3846736697677411      103.1438262121374692
      24.4952563799533145        5.3401108746948927      103.1925018966134928
      25.6616285146924454        4.2623401983951599      103.2354585210823359
      26.9060254300516668        3.1616940636825137      103.2726162523754283
      28.2208796610283379        2.0486787484617528      103.3042845485930172
      29.5958874412910937        0.9335818039176673      103.3310464185110504
      31.0183883076436366       -0.1737802872522205      103.3536008109730204
      32.4742834998123158       -1.2637623613531332      103.3726201441576933
      33.7996972391644377       -2.2217472407932037      103.3871633775444820
      35.1285211939726096       -3.1525318800834099      103.3995625663388438
      36.4494407143571735       -4.0509704944765659      103.4099561094388946
      37.7515733675750695       -4.9126661078273166      103.4183750286720738
      39.0248168042579309       -5.7340045055694997      103.4247862454325571
      40.2601302389045301       -6.5121664499369984      103.4291414342326760
      41.4497373488629748       -7.2451210173389526      103.4314208832244475
      42.5872473646798824       -7.9316016977807147      103.4316640193440691
      43.6676988155523773       -8.5710661827000347      103.4299823967605363
      44.6875305871772852       -9.1636400591779665      103.4265581037977313
      45.6444886855079659       -9.7100530544117696      103.4216288585825225
      46.5375087547955175      -10.2115738759718919      103.4154662130998048
      47.3665828287003947      -10.6699277070518708      103.4083537192704796
      48.1326135305358918      -11.0872008360234897      103.4005678363813274
      48.8372630335958888      -11.4657422289665849      103.3923636203122101
      49.4828034189393478      -11.8080697391867115      103.3839654396721102
      50.0719739622533524      -12.1167862323032196      103.3755623933373755
      50.6078496364557679      -12.3945085808023077      103.3673075148467007
      51.0937238350042264      -12.6438104833176936      103.3593189870325517
      51.5330067941357157      -12.8671789407813382      103.3516839794353928
      51.9291404811576172      -13.0669829074230019      103.3444622974846254
      52.2855298756761471      -13.2454527529729909      103.3376913237860464
      52.6054895870432944      -13.4046678670920638      103.3313898312642181
      52.8922027743325813      -13.5465508865756075      103.3255625439382044
      53.1486916266877572      -13.6728674759135451      103.3202032405552728
      53.3777978149693055      -13.7852302417323607      103.3152976059452328
      53.5821712244788273      -13.8851054076436391      103.3108257915035040
      53.7642653977754179      -13.9738211485649213      103.3067642266539963
      53.9263382101095914      -14.0525768588020608      103.3030870172357254
      54.0704564927968150      -14.1224528259657109      103.2997671277463212
      54.1985035309388365      -14.1844199111551212      103.2967772703786693
      54.3121885378538209      -14.2393489796558104      103.2940905683745285
      54.4130573822452916      -14.2880199133679806      103.2916810218265908
      54.5025039955914892      -14.3311301040308923      103.2895238097739821
      54.5817820154817923      -14.3693023799117121      103.2875955034131437
      54.6520163353041895      -14.4030923421232746      103.2858741926283983
      54.7142143203773159      -14.4329951118608246      103.2843395448639399
      54.7692765240352628      -14.4594515047360677      103.2829728134362313
      54.8180067954080030      -14.4828536575619840      103.2817568088281917
      54.8611217157772799      -14.5035501383736847      103.2806758436476997
      54.8992593345924504      -14.5218505733331877      103.2797156596299999
      54.9329872015072738      -14.5380298252918578      103.2788633432043355
      54.9628097089290009      -14.5523317587481351      103.2781072346417517
      54.9891747720816682      -14.5649726251308849      103.2774368345863962
      55.0124798817630207      -14.5761441010297776      103.2768427107990021
      55.0330775698636145      -14.5860160103618259      103.2763164071608912
      55.0544174212492052      -14.5949450666691529      103.2759532273830700
      55.0767149468879254      -14.6017126242990329      103.2759347424105840
      55.0997157055491087      -14.6061909150995621      103.2762686883895356
      55.1231528800765602      -14.6082868224631142      103.2769572728865199
      55.1467513786681351      -14.6079417583708207      103.2779973388841483
      55.1702318579888740      -14.6051314139691417      103.2793805537666145
      55.1933146685197542      -14.5998653046955251      103.2810936350365125
      55.2157237093374533      -14.5921860571103892      103.2831186196330862
      55.2371901707057376      -14.5821684040268735      103.2854331801619594
      55.2574561371831834      -14.5699178693163987      103.2880109885115871
      55.2762780205592676      -14.5555691353295806      103.2908221250921059
      55.2934297902670266      -14.5392840951475026      103.2938335301465855
      55.3087059686227605      -14.5212495994920499      103.2970094921846425
      55.3219243590754104      -14.5016749144805832      103.3003121675155285
