      57.0274044813344858       -7.8202769885926067       78.5374373175758933
      57.0159937860617134       -7.7706716531247721       78.5410865295815483
      56.9987277297441182       -7.7225615112798511       78.5439027539478474
      56.9758157171600672       -7.6764784944508362       78.5458595387101894
      56.9475380256728485       -7.6329269458529936       78.5469419443642352
      56.9142419941315438       -7.5923764630398294       78.5471466343225586
      56.8763373383636974       -7.5552551239133434       78.5464818038653050
      56.8342906505626573       -7.5219431493877238       78.5449669599404245
      56.7886191522573185       -7.4927670417089871       78.5426325675768595
      56.7398837815621988       -7.4679942196088094       78.5395195816966378
      56.6886817042882356       -7.4478281496285152       78.5356788857159387
      56.6356383444494398       -7.4324039466938050       78.5311706611601892
      56.5813990322121256       -7.4217843855303549       78.5260637128474173
      56.5266203657105919       -7.4159562274759914       78.5204347749635900
      56.4719613769403921       -7.4148267247218209       78.5143678285500215
      56.4177014451223826       -7.4159898097566597       78.5081219469623903
      56.3575041548835998       -7.4172735255419084       78.5011844707007214
      56.2907368070935163       -7.4186883688227319       78.4934798710274606
      56.2167033500016515       -7.4202450473719050       78.4849246511035830
      56.1346390225348131       -7.4219541958168538       78.4754265823161745
      56.0437047922112441       -7.4238259648901641       78.4648838891315563
      55.9429816499787051       -7.4258694431802788       78.4531843855034481
      55.8314648478599693       -7.4280918595991086       78.4402045683052052
      55.7080581942038577       -7.4304975017051209       78.4258086754029335
      55.5715685580206014       -7.4330862686290100       78.4098477079080283
      55.4207007692047853       -7.4358517630085741       78.3921584551964514
      55.2540531533679484       -7.4387788045120651       78.3725625459390614
      55.0701139983201529       -7.4418402242947232       78.3508655400855218
      54.8672593084460729       -7.4449927786692554       78.3268561070178890
      54.6437522701066740       -7.4481720000953011       78.3003053793218413
      54.3977449216224400       -7.4512857856589196       78.2709666262927755
      54.1272826307387334       -7.4542064694284269       78.2385750296679703
      53.8303120121794834       -7.4567611621306336       78.2028478595926941
      53.5046930338673334       -7.4587201031808625       78.1634849385800266
      53.1482160470432277       -7.4597828284075804       78.1201696858603185
      52.7586244752832485       -7.4595620201746193       78.0725712020895344
      52.3336440149839248       -7.4575649172997895       78.0203470818410239
      51.8710189549605687       -7.4531723506072751       77.9631472449798366
      51.3685561366690564       -7.4456157807104768       77.9006210254167826
      50.8241772114174140       -7.4339523903080167       77.8324245880968846
      50.2359783074513260       -7.4170391286894422       77.7582274286133384
      49.6022958786640231       -7.3935075970283348       77.6777217854905473
      48.9217771119139471       -7.3617417026253431       77.5906338989824036
      48.1934522150334246       -7.3198605991102896       77.4967354851887791
      47.4168045314020716       -7.2657102327221423       77.3958556567743585
      46.5918333777226437       -7.1968672035939898       77.2878923252719261
      45.7191035291262153       -7.1106588597996430       77.1728217342152902
      44.7997746813436919       -7.0042033769295085       77.0507047409899712
      43.8356044468093771       -6.8744728314938577       76.9216879149643376
      42.8289208467403526       -6.7183803929933950       76.7859904134456599
      41.7825609802323399       -6.5328923839194921       76.6438818421337373
      40.6997676490137792       -6.3151703018356331       76.4957313920870661
      39.5841284332815135       -6.0627180806757357       76.3419251344950425
      38.4395477702555581       -5.7735266141400716       76.1828567930755867
      37.2702069135937535       -5.4462019963987807       76.0189713027777714
      36.0805483399759410       -5.0800704612630705       75.8507686490842019
      34.8752799233296145       -4.6752566380408345       75.6788145842867124
      33.6593898000147789       -4.2327267004280200       75.5037591125951906
      32.4381570840462814       -3.7542885988593602       75.3263684691397088
      31.2171311532240097       -3.2425461638327282       75.1476417947183108
      30.0021478341256689       -2.7007844396312626       74.9685370003527254
      28.8321586316333729       -2.1487929398686045       74.7950065853641064
      27.6790589079521041       -1.5758538515681020       74.6232724682716224
      26.5481116306209053       -0.9859538643349761       74.4544122897507776
      25.4442391590624943       -0.3831802608406396       74.2893836985479936
      24.3717371264859999        0.2280244919708002       74.1289759382613909
      23.3341216180860727        0.8428865346840039       73.9737991677970541
      22.3343083716535986        1.4568151171702013       73.8243122426195981
      21.3746205726425487        2.0654974434891273       73.6808078207901644
      20.4568019122558908        2.6649480735186146       73.5433635364663871
      19.5819989195152289        3.2515582441588347       73.4121338900221474
      18.7508327937565333        3.8221127437128541       73.2871762578484720
      17.9634938141215699        4.3737882266020991       73.1684067584011331
      17.2197911347385890        4.9041825409513393       73.0557081588345056
      16.5191979891282550        5.4113393184286025       72.9489627025118210
      15.8608955353386172        5.8937570143697258       72.8480512007206045
      15.2438107316736566        6.3503832467527070       72.7528516281178383
      14.6666512647256670        6.7805933045004112       72.6632360478636343
      14.1279414975471642        7.1841535071632885       72.5790668425610903
      13.6260598606101446        7.5611744438259585       72.5001948042542779
      13.1592765099342639        7.9120593592434041       72.4264622121304029
      12.7257929423813270        8.2374500884894974       72.3577020728004925
      12.3237769313860870        8.5381779260859414       72.2937338699526038
      11.9513909477091431        8.8152213744660184       72.2343681799235071
      11.6068152476650894        9.0696691643846421       72.1794122318132878
      11.2882669521825747        9.3026869261402876       72.1286674269114911
      10.9940151661738401        9.5154879818175004       72.0819260304330669
      10.7223924405693012        9.7093083631873967       72.0389694933731022
      10.4718025728704376        9.8853870135345527       71.9995767426966466
      10.2407261016392876       10.0449490954719707       71.9635282349585026
      10.0277238626517757       10.1891920779131286       71.9306062457211652
       9.8314386581985467       10.3192749920866955       71.9005967595413011
       9.6505953916127272       10.4363104914826508       71.8732925611072915
       9.4840001388879926       10.5413589094877800       71.8484942199025483
       9.3305383059192462       10.6354242505482937       71.8260108869833971
       9.1891720532594565       10.7194519074112904       71.8056615593255003
       9.0589372729883504       10.7943275508290739       71.7872749739553626
       8.9389402129572595       10.8608770922538156       71.7706892273938166
       8.8283538272118225       10.9198676310024894       71.7557520266030480
       8.7264140001362307       10.9720090719617609       71.7423207819408191
       8.6324157281177083       11.0179562433600644       71.7302625492294510
       8.5457093238177659       11.0583113734740852       71.7194538489762152
       8.4656966934077538       11.0936268086021030       71.7097803871364334
       8.3918277268343378       11.1244078708174801       71.7011366673438175
       8.3235968227871755       11.1511157911109340       71.6934256017443374
       8.2605395687447309       11.1741706531625979       71.6865581178519449
       8.2022295940947085       11.1939542860149110       71.6804526889630296
       8.1427318029667894       11.2124610689449273       71.6744916690093703
       8.0822829450951090       11.2293354254885198       71.6687445130716725
       8.0213807801540451       11.2441368418238312       71.6633073917798811
       7.9605171716593830       11.2564382709470667       71.6582738808676396
       7.9001728726740472       11.2658323282702391       71.6537335829464439
       7.8408124852419814       11.2719373485365910       71.6497707713228209
       7.7828796489564045       11.2744032175031492       71.6464630800264928
       7.7267925108525359       11.2729168916848099       71.6438802651749000
       7.6729395252093990       11.2672075209322671       71.6420830630506771
       7.6216756279108138       11.2570510918156526       71.6411221697117924
       7.5733188258053916       11.2422745147232135       71.6410373654008055
       7.5281472381360990       11.2227590812338924       71.6418567852806376
       7.4863966196748741       11.1984432344575886       71.6435963843402561
       7.4482583892381458       11.1693246079121113       71.6462596601172805
       7.4141295612362219       11.1356795934823847       71.6498159713526519
       7.3843573944315617       11.0978430405663229       71.6542227966327943
       7.3589846615655583       11.0559871409429746       71.6594477617722987
       7.3380013587620656       11.0103385715787052       71.6654473986654779
       7.3213456634973459       10.9611765331327113       71.6721677889573527
       7.3089055141765460       10.9088300300137053       71.6795453719815185
       7.3005207979047055       10.8536744335506778       71.6875078972955322
       7.2959861263542978       10.7961273824466382       71.6959754987449713
       7.2950541727102749       10.7366440858391190       71.7048618645207227
       7.2974395355656814       10.6757121037281042       71.7140754762345267
       7.3028230884310039       10.6138456870523168       71.7235208896578627
       7.3108567663224067       10.5515797651757950       71.7331000304209567
       7.3211687338473679       10.4894636719427616       71.7427134795635624
       7.3333688724796069       10.4280547028024309       71.7522617262317084
       7.3471199407530845       10.3676401026793030       71.7616887934908618
       7.3638175161716983       10.3020767300188485       71.7719478136748421
       7.3838427463119531       10.2308945231014317       71.7831104071556183
       7.4076203210065259       10.1535826880382238       71.7952530774330882
       7.4356228421438315       10.0695868951742362       71.8084572450093219
       7.4683755471134550        9.9783064912982944       71.8228092011131594
       7.5064613921212215        9.8790917898588226       71.8383999617996523
       7.5505264950041848        9.7712415184468977       71.8553250008003204
       7.6012859283341356        9.6540005227592367       71.8736838371229965
       7.6595298445730791        9.5265578431720765       71.8935794047474133
       7.7261298968468672        9.3880453146086751       71.9151171876898445
       7.8020458944321689        9.2375368824399331       71.9384042007723963
       7.8883326204188879        9.0740488301503266       71.9635476787820636
       7.9861467018780985        8.8965411681271078       71.9906534787872232
       8.0967533880821545        8.7039204661910397       72.0198241895672879
       8.2215330494926828        8.4950444475725302       72.0511569531515903
       8.3619871594927151        8.2687286947844765       72.0847410258853643
       8.5197434622851844        8.0237558442899566       72.1206551373392983
       8.6965599811862724        7.7588876357542613       72.1589644963098920
       8.8943274522926057        7.4728801853432172       72.1997173065736320
       9.1150695897507852        7.1645029961671396       72.2429422762231042
       9.3609406714595202        6.8325619050082089       72.2886463615017618
       9.6342197547847022        6.4759262810046341       72.3368139768417819
       9.9373005452497658        6.0935610128625024       72.3874135960273435
      10.2726768485940951        5.6845620761771034       72.4404010612587115
      10.6429228529340456        5.2481957472059211       72.4957230405395592
      11.0506680472641161        4.7839407286734961       72.5533173565594609
      11.4985659217716503        4.2915335625710496       72.6131262752986686
      11.9892587114261602        3.7710144731086701       72.6750969129442126
      12.5253361364300275        3.2227760077958334       72.7391926545385132
      13.1092797798882543        2.6476182508461270       72.8054413614772500
      13.7433969864552505        2.0468011033947437       72.8739595760705612
      14.4297425203566974        1.4220899445516324       72.9449571796242111
      15.1700252017889667        0.7757886974583824       73.0187665661027836
      15.9655078271565181        0.1107489111904666       73.0958532879960501
      16.8169070925043336       -0.5696504277721606       73.1768112442874639
      17.7242982323950002       -1.2615528884308134       73.2623570850813763
      18.6870442211586862       -1.9607082918970193       73.3533034814440583
      19.7037807999860739       -2.6625814239675307       73.4505246739130371
      20.7724112639846226       -3.3624295972775164       73.5548438480038840
      21.8901266222788706       -4.0553634395069995       73.6667965426432971
      23.0533874247191939       -4.7364343819034351       73.7869025453921665
      24.2580024393002631       -5.4006786078102991       73.9155102463259368
      25.4994295068117154       -6.0427468290052744       74.0526533500349302
      26.7727465324819462       -6.6570458201345035       74.1981398920148223
      28.0725336898333211       -7.2381607169439066       74.3515273637994198
      29.4305893689119458       -7.7957418260135531       74.5167727227257330
      30.8035640574638379       -8.3076694714181478       74.6886012604301897
      32.1840273088071669       -8.7694725005107443       74.8658617438204175
      33.5640918913693937       -9.1776550850453145       75.0474387393039706
      34.9356529539267484       -9.5298875933810390       75.2318366278342836
      36.2905306428112553       -9.8252223806624404       75.4176255779892841
      37.6207334271005678      -10.0641512337616863       75.6033606678396239
      38.9187111333036242      -10.2485654201444003       75.7875982400701815
      40.1775838819835727      -10.3816185974188766       75.9689442843533982
      41.3913299662806295      -10.4675091331271730       76.1461049890342707
      42.5549261544525308      -10.5112061230449747       76.3179057173176005
      43.6644574858044692      -10.5181430812963850       76.4832791277961945
      44.7171201190735772      -10.4939251461065339       76.6413962034628753
      45.7111638970666903      -10.4440585021513712       76.7916223744104940
      46.6457949315635858      -10.3737511754960430       76.9335042428612184
      47.5210570934643002      -10.2877799331080961       77.0667755872209170
      48.3377092777326567      -10.1904088183230765       77.1913386580892933
      49.0971030765422114      -10.0853519200060031       77.3072409917216561
      49.8010659532883366       -9.9757703505290465       77.4146505714465718
      50.4517932854389670       -9.8642940334130014       77.5138310927698058
      51.0517512088674081       -9.7530601959401935       77.6051189889835342
      51.6035912245471380       -9.6437618490145312       77.6889028671267994
      52.1100768416434263       -9.5377009360321452       77.7656050663586313
      52.5740216379871512       -9.4358425347079589       77.8356676357851143
      52.9982382497393729       -9.3388672310353904       77.8995417163943245
      53.3854982054577079       -9.2472191543898052       77.9576752821108556
      53.7385000971540094       -9.1611495291277443       78.0105054202203405
      54.0598450878597916       -9.0807552702272858       78.0584531606150307
      54.3520190927531317       -9.0060124526220235       78.1019196835009240
      54.6173805631863516       -8.9368048651250849       78.1412839783904332
      54.8581529101259662       -8.8729479887337295       78.1769017561974238
      55.0764207948203861       -8.8142087696474256       78.2091048629596628
      55.2741294783023420       -8.7603217023326660       78.2382013399195273
      55.4530865892308142       -8.7110016789185494       78.2644757269513178
      55.6149657129902906       -8.6659541118553438       78.2881898371934994
      55.7613113330516796       -8.6248827529741465       78.3095838118938730
      55.8935447335775564       -8.5874955943883613       78.3288773169616093
      56.0129705395418043       -8.5535091972196113       78.3462708124425973
      56.1207836259210140       -8.5226517530478105       78.3619468830498676
      56.2180761942696279       -8.4946651309735124       78.3760715547675915
      56.3058448536184173       -8.4693061273826196       78.3887955743621774
      56.3849975801178260       -8.4463470996662302       78.4002556427699631
      56.4563604636026710       -8.4255761318320967       78.4105755896151777
      56.5206841755660534       -8.4067968520043763       78.4198674808837097
      56.5786501143158347       -8.3898279979764432       78.4282326554493778
      56.6308762000459183       -8.3745028069539433       78.4357626889007662
      56.6827172944275759       -8.3568481242645145       78.4434873984077115
      56.7331217963272323       -8.3346676467640002       78.4515203726779191
      56.7814243773562737       -8.3080771230118753       78.4597711824423385
      56.8269897836548381       -8.2772680608706022       78.4681444956246139
      56.8692203811585131       -8.2425014192189643       78.4765417688358156
      56.9075633039271338       -8.2041011809715680       78.4848629307018371
      56.9415170883981787       -8.1624477199971377       78.4930080406100217
      56.9706376927025033       -8.1179709141657899       78.5008789043475019
      56.9945438151494486       -8.0711429889886457       78.5083806265006814
      57.0129214394942707       -8.0224711020223776       78.5154230789610352
      57.0255275467923468       -7.9724896984807403       78.5219222653391000
      57.0321929448440201       -7.9217526843153490       78.5278015624075323
      57.0328241768491324       -7.8708254751678215       78.5329928217605868
      57.0274044813344858       -7.8202769885926067       78.5374373175758933
