  -14.989999999893811        25.965590391793658        493.94322773544212     
  -14.889999999893812        25.979933403018411        493.97891795591158     
  -14.789999999893812        25.994276414243163        494.01460817638105     
  -14.689999999893812        26.008619425467916        494.05029839685051     
  -14.277404351424469        26.067798065640719        494.19755469343670     
  -14.270504527941563        26.068787708097361        494.20001725564975     
  -14.262249818155590        26.069972364149105        494.20296264413071     
  -14.252743787467921        26.071337517203354        494.20635352657985     
  -14.242105725412513        26.072866397789728        494.21014695283901     
  -14.230469158495849        26.074540173695929        494.21429491063418     
  -14.217980183883615        26.076338166463174        494.21874494493210     
  -14.204795644226063        26.078238092601474        494.22344083233497     
  -14.191081165960831        26.080216327465770        494.22832330128801     
  -14.177009085227514        26.082248189288446        494.23333078838266     
  -14.162756287049918        26.084308240409335        494.23840022070209     
  -14.147867605760233        26.086462434843991        494.24369328894784     
  -14.130219402900138        26.089018828524217        494.24996404452600     
  -14.109300393372886        26.092053089626592        494.25739228671557     
  -14.084504637200105        26.095655333926953        494.26619056232880     
  -14.055114050459212        26.099932954789978        494.27661000255478     
  -14.020277701238090        26.105014027066673        494.28894714910814     
  -13.978987307867738        26.111051403245781        494.30355191693297     
  -13.930048255501111        26.118227641727813        494.32083685433128     
  -13.872045330877301        26.126760928998713        494.34128787262893     
  -13.803302243191190        26.136912176167705        494.36547662437277     
  -13.721833851863616        26.148993478616553        494.39407470887215     
  -13.625289862276375        26.163378111909417        494.42786987315969     
  -13.510888584528855        26.180512173282906        494.46778435093086     
  -13.375339190724000        26.200927823116935        494.51489543710778     
  -13.214750776616855        26.225257760854799        494.57045832729995     
  -13.024526474755408        26.254249959462534        494.63593115811375     
  -12.799240948296319        26.288780571952586        494.71300207112847     
  -12.532499933379730        26.329860966875369        494.80361800956786     
  -12.216781282127091        26.378631484747007        494.91001488837304     
  -11.843258490280972        26.436328834371530        495.03474885032603     
  -11.401610448177561        26.504204653351813        495.18072871048037     
  -10.879825860635197        26.583357470204170        495.35125070802081     
  -10.264018528315994        26.674415892485218        495.55003883315931     
  -9.5382820253216778        26.776972688153439        495.78129803266665     
  -8.6846313266569819        26.888611346984096        496.04979451724500     
  -7.6831071124373507        27.003281330862720        496.36098819732189     
  -6.5121580541957176        27.108658774237860        496.72125716579251     
  -5.1494676854776467        27.181974778758111        497.13827054130832     
  -3.5734500025493499        27.183620163461867        497.62157427445038     
  -1.7656827302194786        27.047703199609732        498.18342961922184     
  0.28546870631040888        26.668799682122351        498.83982582347591     
   2.5799713790395664        25.884744043123064        499.61123042074405     
   5.1005270421558535        24.457228577803903        500.52177590718856     
   7.8081745206143927        22.056815332776402        501.59444542778891     
   10.643394928108101        18.269912682368417        502.84062678225098     
   13.541616757779462        12.668711083072616        504.24664376261899     
   16.480905274531533        5.0158378686914435        505.76092877003674     
   19.548411086195205       -4.4147715842710813        507.33318087562145     
   22.979934771581789       -14.612930197210044        509.01076158561295     
   27.131114132347012       -23.932373440303316        511.01719124128817     
   32.385972339168646       -30.538916324151000        513.67853644562831     
   39.063569521839071       -32.964776148580775        517.12982665041045     
   47.406971969933394       -30.403379029017010        520.89352714163363     
   57.592029153911469       -22.859596702746401        523.67164781448366     
   69.510221988168993       -11.267238588605604        524.37225088036359     
   82.443670725069495        2.7113183618260517        523.83977292784698     
   93.900308655579323        15.599318292016298        523.82525923478693     
   104.75012143653348        27.974344952367023        525.47139674850803     
   114.72568470064621        39.058553732898609        528.59669798374455     
   123.74441693759567        48.239249231176956        532.55062223477569     
   131.78223406690776        55.111385568009212        536.81283942275491     
   138.85519262955205        59.498937655023795        541.02577609537639     
   145.00776877698257        61.442475470124606        544.97525401403459     
   150.31049878151578        61.159238847926304        548.57865134891949     
   154.84690630081244        58.982989644046654        551.82070395128494     
   158.70019203865053        55.305434349345106        554.69473220058865     
   161.95299569488265        50.529594303612612        557.20229357533253     
   164.68614443075822        45.033947586222482        559.35445327410707     
   166.97609053378596        39.149795080590415        561.17197192306037     
   168.89269329122854        33.149927261593660        562.68384786259617     
   170.49785500403672        27.246030605931892        563.92462884943245     
   171.84500616056368        21.592206509514249        564.93134070579936     
   172.97928098370349        16.292141557488563        565.74072357132991     
   173.93816573085979        11.407913236066969        566.38715168536680     
   174.75238292959560        6.9688681572995765        566.90132159733309     
   175.44684839002286        2.9797055668588142        567.30962304283400     
   176.04164507634215      -0.57241015404543005        567.63405546885201     
   176.55293724768327       -3.7119100892208454        567.89251324116992     
   176.99377121641731       -6.4701256506547740        568.09927428508831     
   177.37474326089102       -8.8817556725898932        568.26556664888449     
   177.70453683810729       -10.982335503576813        568.40012970735825     
   177.99034290608347       -12.806521268535604        568.50972238647364     
   178.23818206378394       -14.387006761228720        568.59955695888800     
   178.45314794292105       -15.753910814566797        568.67365404098621     
   178.63958970423695       -16.934499925580880        568.73512423676334     
   178.80124883079537       -17.953138726971900        568.78638652691097     
   178.94136243765547       -18.831386529314450        568.82933484467662     
   179.06274248188748       -19.588180140163246        568.86546373401427     
   179.16783779857909       -20.240061006490034        568.89596253621789     
   179.25878390210332       -20.801418531543785        568.92178581958717     
   179.33744397664651       -21.284731643110408        568.94370609977489     
   179.40544337935626       -21.700797959628915        568.96235345756691     
   179.46419921265385       -22.058944865553585        568.97824549463598     
   179.51494599967396       -22.367220062039308        568.99181017486865     
   179.55875819650140       -22.632561193662497        569.00340336460522     
   179.59657002221354       -22.860945355920450        569.01332244244293     
   179.62919294868982       -23.057519937454046        569.02181699222081     
   179.65733114886467       -23.226716543633582        569.02909726871349     
   179.68159513219220       -23.372349826671513        569.03534096260933     
   179.70251376231181       -23.497702997855072        569.04069865453937     
   179.72054482921550       -23.605601679118067        569.04529824820986     
   179.73608433108376       -23.698477600653575        569.04924860046310     
   179.75210360638511       -23.794128072051404        569.05331175877200     
   179.76792692072991       -23.888531876394346        569.05732000787611     
   179.78335507217139       -23.980503883068899        569.06122323228476     
   179.79819362041226       -24.068891133087320        569.06497275557979     
   179.81225534893071       -24.152587174363163        569.06852192858651     
   179.82536264773904       -24.230545732617479        569.07182668856660     
   179.83734978565792       -24.301793556978161        569.07484608402956     
   179.84806504161361       -24.365442294191233        569.07754276011451     
   179.85737266556816       -24.420699261302275        569.07988339982353     
   179.86515464132000       -24.466877003163319        569.08183911672450     
   179.87131222559236       -24.503401537774387        569.08338579508893     
   179.87576724057794       -24.529819208839669        569.08450437385591     
   179.87846309899427       -24.545802080966290        569.08518107338512     
   180.27936554222146       -26.922622928283051        569.18581339626485     
   180.37936554222145       -27.515490566650058        569.21091484540284     
   180.47936554222144       -28.108358205017066        569.23601629454083     
   180.57936554222144       -28.701225843384073        569.26111774367882     
