  -15.010000000000000        28.612766552448530        522.10677567983510     
  -14.910000000000000        28.625911849864035        522.14036127191855     
  -14.810000000000000        28.639057147279541        522.17394686400200     
  -14.710000000000001        28.652202444695046        522.20753245608546     
  -14.295208675162616        28.706727997998630        522.34684257844310     
  -14.287105198195666        28.707793224146933        522.34956417916180     
  -14.277409666638899        28.709071550964566        522.35281934018826     
  -14.266243306501281        28.710548948721790        522.35656677422776     
  -14.253745805058816        28.712208985654133        522.36075898450713     
  -14.240073591578428        28.714032925246983        522.36534288085454     
  -14.225397907263776        28.715999853391519        522.37026046608753     
  -14.209902686795623        28.718086839386370        522.37544958312901     
  -14.193782276335739        28.720269133939816        522.38084471256002     
  -14.177239015135388        28.722520406200751        522.38637780978343     
  -14.160480709900733        28.724813020469941        522.39197917061028     
  -14.143170213617655        28.727193895999655        522.39776123685954     
  -14.122717488637322        28.730023546640957        522.40458782668338     
  -14.098551703954673        28.733389970098937        522.41264671162992     
  -14.069998163091753        28.737399674150698        522.42215905600960     
  -14.036259347253742        28.742182003137092        522.43338521286842     
  -13.996392480557789        28.747894607318216        522.44663146997982     
  -13.949282975267089        28.754730387819151        522.46225787945968     
  -13.893612996864082        28.762926349468771        522.48068731446222     
  -13.827824250414583        28.772774920382737        522.50241590298049     
  -13.750073928928256        28.784638454923840        522.52802498991673     
  -13.658182580174230        28.798967827901691        522.55819477140881     
  -13.549572441658238        28.816326249681211        522.59371972630538     
  -13.421194569296111        28.837419670763708        522.63552593441023     
  -13.269442856347201        28.863135366543098        522.68469031536745     
  -13.090052831252358        28.894590427486825        522.74246174269967     
  -12.877982984636356        28.933191791339034        522.81028388544439     
  -12.627276393252171        28.980708896386211        522.88981951538699     
  -12.330900730533241        29.039358580250063        522.98297592106746     
  -11.980565628052457        29.111898774178393        523.09193105833981     
  -11.566518185119154        29.201721661391026        523.21916027796772     
  -11.077320861410293        29.312926383895139        523.36746415945970     
  -10.499622032719662        29.450333157715590        523.53999959846510     
  -9.8179396460985480        29.619370402522406        523.74031959137608     
  -9.0144948280545538        29.825717958643729        523.97243328497575     
  -8.0691578359819243        30.074514366132242        524.24090837439712     
  -6.9596067250338738        30.368824804645804        524.55105448897621     
  -5.6618523184897711        30.706910091705591        524.90924931133577     
  -4.1513510927954558        31.077635684995041        525.32349504376793     
  -2.4050009196835540        31.453136496589444        525.80430703597403     
 -0.40436365861210632        31.777689160323934        526.36600456722454     
   1.8595840069133940        31.951840944991055        527.02833519112687     
   4.3801374596298528        31.811649672855179        527.81802007363467     
   7.1277333021021079        31.105316103985938        528.76890353468502     
   10.044745763045231        29.475486030655162        529.91685629014648     
   13.048849716653388        26.469520966657349        531.28447926733702     
   16.059605354391579        21.629395804137339        532.85142820489932     
   19.058694959076171        14.737107678257985        534.55073607210136     
   22.162442079189574        6.1541959669862241        536.33148457170762     
   25.659149597453279       -2.9827340966379934        538.25167502335830     
   29.967155938745151       -10.925659431389256        540.51813559404252     
   35.521374030440775       -15.821917556105356        543.36438778740319     
   42.670583032548954       -16.283155974388595        546.67689156299605     
   51.656997834231070       -11.676838266727113        549.57867981048776     
   62.591437521770658       -2.2931687741540858        550.46093699018525     
   75.117441466654753        10.633629889388235        549.04557486818021     
   88.383507111030269        25.351218506813844        547.03141281216153     
   99.729010717729835        38.315890604278451        546.72674984339528     
   110.38761105693357        50.526248822240483        548.51871592357065     
   120.16846714773098        61.243157397505527        551.74197396712157     
   128.97834210998494        69.894295354378613        555.69859780876334     
   136.78489548406966        76.118593707434670        559.86681688578631     
   143.60045999232736        79.780041678507260        563.91239929703238     
   149.47879903371160        80.950171134198627        567.67751746714623     
   154.50453740081986        79.860199402290533        571.12848972489633     
   158.75955331260474        76.837158417465020        574.25008528673175     
   162.32283853162960        72.259959087676066        577.03272676999654     
   165.27496684434610        66.521699169504942        579.47232479887271     
   167.69755424598264        59.999160788287931        581.57233127664495     
   169.67029697655775        53.031350254079335        583.34552978741976     
   171.26798407810065        45.906437126493955        584.81390870265068     
   172.55820257394123        38.856210296508515        586.00685382532345     
   173.59998005684744        32.056529822294252        586.95841848692999     
   174.44334745927065        25.631944002204623        587.70442520450229     
   175.12963736411825        19.662731812782575        588.27994685649992     
   175.69225987943383        14.192891374857592        588.71744691780248     
   176.15768343463009        9.2378650316056792        589.04561776140770     
   176.54650617267180        4.7916302761840956        589.28885023913256     
   176.87454706013449       0.83302494505997815        589.46721082347096     
   177.15385537563634       -2.6689475280849728        589.59675845902200     
   177.39358231871989       -5.7509082639906310        589.69004775871235     
   177.60069680434239       -8.4519253808689712        589.75670117040477     
   177.78055073154144       -10.811233932905303        589.80397149082421     
   177.93731119237776       -12.866692033932871        589.83724934110273     
   178.07428193617761       -14.653812899857463        589.86049498859359     
   178.19413680694026       -16.205228464114388        589.87659033523698     
   178.29908584469456       -17.550462682669483        589.88761651338064     
   178.39099159781989       -18.715916579369328        589.89506720627833     
   178.47144973917565       -19.724989620871543        589.90000925794777     
   178.54184480515457       -20.598281681875260        589.90320167937296     
   178.60338912393601       -21.353836070990681        589.90518261570992     
   178.65715049807335       -22.007396827531132        589.90633241198054     
   178.70407255706081       -22.572663056075886        589.90691901876073     
   178.74499038335941       -23.061529956907876        589.90713050356794     
   178.78064307278109       -23.484310981833080        589.90709825219187     
   178.81168426651757       -23.849938713184340        589.90691349132953     
   178.83869128454188       -24.166144072926574        589.90663904090025     
   178.86217323315060       -24.439614670570357        589.90631766818512     
   178.88257830340325       -24.676133757511352        589.90597802461184     
   178.90030038644213       -24.880701562121452        589.90563886369478     
   178.91568508152358       -25.057640866829818        589.90531203657656     
   178.92903514674350       -25.210688645002499        589.90500461773490     
   178.94061543039942       -25.343075460146611        589.90472041127077     
   178.95214643347430       -25.474605755045985        589.90442714710912     
   178.96354567786037       -25.604394293981656        589.90413292250855     
   178.97466928061181       -25.730812992348486        589.90384187616110     
   178.98537632551151       -25.852279331433646        589.90355823756272     
   178.99553067764472       -25.967275933740133        589.90328623637663     
   179.00500276509825       -26.074369159099390        589.90303001005555     
   179.01367130243949       -26.172226509561767        589.90279351353843     
   179.02142492959229       -26.259632655108575        589.90258043435438     
   179.02816373925452       -26.335503917132819        589.90239411579614     
   179.03380066624413       -26.398901071450478        589.90223749005997     
   179.03826271322436       -26.449040356533359        589.90211302247258     
   179.04149198685724       -26.485302595242665        589.90202267093150     
   179.04344651530138       -26.507240359294350        589.90196787350783     
   179.44410086459877       -31.004212817023344        589.89073507401065     
   179.54410086459876       -32.126619815877831        589.88793146049272     
   179.64410086459876       -33.249026814732318        589.88512784697480     
   179.74410086459875       -34.371433813586805        589.88232423345687     
