     179.2537889266229740       86.9198415480796314      746.2970630301747406
     179.1255784288692610       86.9496230993583339      746.2564048485817239
     178.9939792943524992       86.9630375165563407      746.2165928319923296
     178.8605374745296501       86.9599616811600953      746.1780860739612535
     178.7268172911760757       86.9404808093188990      746.1413272570498521
     178.5943802838550027       86.9048872287393692      746.1067368715679322
     178.4647640558125090       86.8536766224405881      746.0747076087245659
     178.3394613150705368       86.7875418362949347      746.0455989604975002
     178.2198992815728502       86.7073643800113700      746.0197320543892374
     178.1074195957571646       86.6142037833281506      745.9973847454590441
     178.0032588167890140       86.5092850014359271      745.9787869792495485
     177.9085295365569550       86.3939840972995796      745.9641164257450328
     177.8242020531059211       86.2698124654702951      745.9534943638083178
     177.7510864364726331       86.1383999049325411      745.9469817643450824
     177.6898146688547797       86.0014769014556180      745.9445754742290546
     177.6342233467116216       85.8613898240294873      745.9441794886782873
     177.5714887503764601       85.7033279549960270      745.9436791377835334
     177.5007024865189180       85.5250121260858833      745.9430465829904051
     177.4208432761620031       85.3238815748454584      745.9422465715731505
     177.3307636618899323       85.0970611619604398      745.9412344855395531
     177.2291753573459800       84.8413253209461402      745.9399538911534364
     177.1146331614779967       84.5530585696728565      745.9383334657779869
     176.9855173747173183       84.2282124545930486      745.9362831516630195
     176.8400146769448327       83.8622588606934727      745.9336893530442012
     176.6760974591292666       83.4501397096796182      745.9304089534382456
     176.4915016436574433       82.9862131939643461      745.9262618834616205
     176.2837030840833847       82.4641968651957171      745.9210219151106003
     176.0498927041548995       81.8771081264684284      745.9144052954925428
     175.7869506181620238       81.2172029834320739      745.9060567610131329
     175.4914195677815485       80.4759143111766519      745.8955323919603870
     175.1594781099086049       79.6437914149439337      745.8822786780176557
     174.7869140873375216       78.7104433312341314      745.8656070695799372
     174.3690989970048406       77.6644891632277279      745.8446631919803167
     173.9009639206859958       76.4935198046661924      745.8183898070318492
     173.3769776755086411       75.1840767136354344      745.7854825301385517
     172.7911277433589134       73.7216549820273173      745.7443372688863974
     172.1369043077840217       72.0907398258824088      745.6929883657750224
     171.4072873162590156       70.2748877905459608      745.6290365394424953
     170.5947358447636475       68.2568663751729190      745.5495659755989664
     169.6911781287062695       66.0188683195570150      745.4510503897945455
     168.6879993812661382       63.5428190653451992      745.3292486639431900
     167.5760225870455145       60.8107901385073220      745.1790923319600779
     166.3454825545110793       57.8055222389001671      744.9945718042863518
     164.9859973619571178       54.5110785443446559      744.7686309053493687
     163.4865336303250274       50.9136302854477805      744.4930816506873725
     161.8353671023737945       47.0023621718395006      744.1585574271582573
     160.0200453450219413       42.7704680345028905      743.7545291013464066
     158.0273655895379932       38.2161824068428047      743.2694149266949353
     155.8433883964076188       33.3437641006900236      742.6908204145685204
     153.4535161298668697       28.1643160179549348      742.0059466932698342
     150.8426727718311042       22.6962968987953744      741.2022027691608628
     147.9956268183206305       16.9655636735052013      740.2680456568754153
     144.8975035154059583       11.0047961329960149      739.1940509445106500
     141.5345816490904838        4.8525373456417658      737.9742046570906950
     137.8965415692016734       -1.4474784593145815      736.6102592280855106
     133.9801453607311430       -7.8472491581721657      735.1197898741936569
     129.7880827495658593      -14.2956308558238749      733.5339746749982623
     125.3288695333697262      -20.7393117571444492      731.8978296752345614
     120.6167311057894977      -27.1237226130694182      730.2705185433985662
     115.6710092971312775      -33.3939382652356258      728.7246455784361387
     110.5151536576333910      -39.4956549842071354      727.3445552107029926
     104.6302631256845785      -45.9526786012846884      726.1294490535475461
      98.5591533834758451      -52.0794416056730682      725.3614716027892655
      92.3396813576557065      -57.8271247250955724      725.1713881926552858
      86.0152455650136858      -63.1550333616820581      725.5410527219453343
      79.6332347999832990      -68.0235597120916538      726.2782252828729952
      73.2432424201183636      -72.4036443692736924      727.1614047400038316
      66.8970880472878946      -76.2784652361893336      727.9607814067391018
      60.6485547069232922      -79.6442304917912622      728.4539081763334707
      54.5532173231212880      -82.5103237856440614      728.4423939654388960
      48.6656354595336609      -84.9041739730937906      727.8200249015885674
      43.0313143164519971      -86.8871526892693282      726.7261111956743207
      37.6893991578636260      -88.5289995054828438      725.3443816590630604
      32.6713051177293750      -89.8951436991108466      723.8315061192440680
      27.9983285600621628      -91.0427934204030151      722.3108371654240045
      23.6809409447023320      -92.0192950747924385      720.8708167336658335
      19.7197798530707722      -92.8622916937278546      719.5676696732680284
      16.1076210505562720      -93.6008011101362172      718.4308730469858801
      12.8313572847612978      -94.2566394700532442      717.4695076059213079
       9.8743566280593686      -94.8446820132885478      716.6691838125532286
       7.2180124528847234      -95.3739910161741875      715.9959009901230047
       4.8414378989208950      -95.8518642808479910      715.4221041290932135
       2.7225382991489799      -96.2844986531694360      714.9274512168299225
       0.8389739642326277      -96.6771860265178589      714.4969257320240104
      -0.8311463533475238      -97.0344651581321926      714.1193685914856815
      -2.3087903619564285      -97.3602428194228651      713.7863762359172597
      -3.6136980994856986      -97.6578927344511669      713.4914968999203211
      -4.7642075957735086      -97.9303376449786356      713.2296580433160216
      -5.7771762020929218      -98.1801179960429380      712.9967663394171495
      -6.6679702695023195      -98.4094496680272215      712.7894325896085093
      -7.4505019077036376      -98.6202725619343710      712.6047847691215793
      -8.1372966543905214      -98.8142914721267971      712.4403418522952052
      -8.7395800257739502      -98.9930104383642515      712.2939287082406281
      -9.2673741903901679      -99.1577615931736887      712.1636182373192696
      -9.7295985370998075      -99.3097293793489087      712.0476912730016466
     -10.1341698275199086      -99.4499708908230815      711.9446079008833976
     -10.4880990563275329      -99.5794329821502231      711.8529860345155384
     -10.7975831965545748      -99.6989666952045468      711.7715845824920962
     -11.0680907693450834      -99.8093394658158672      711.6992895396165295
     -11.3044407194935417      -99.9112454975715707      711.6351019866043544
     -11.5108744550485458     -100.0053146244879372      711.5781273977636374
     -11.6911211643555557     -100.0921199279823099      711.5275659130604708
     -11.8484566899213757     -100.1721843256592877      711.4827033847767552
     -11.9857563401828422     -100.2459863088438112      711.4429030970819667
     -12.1055420761696908     -100.3139649715103019      711.4075981042667536
     -12.2100245339102127     -100.3765244443091547      711.3762841565671806
     -12.3011403453369272     -100.4340378229263706      711.3485131918463367
     -12.3912755391425460     -100.4941714161932396      711.3205408421953280
     -12.4799330870569811     -100.5571216948841737      711.2924472035629151
     -12.5659430986102194     -100.6226539772564479      711.2645202080300351
     -12.6481661273416890     -100.6905271689325474      711.2370440204508668
     -12.7255076713006936     -100.7604948953661506      711.2102955329771703
     -12.7969321213095117     -100.8323066003488009      711.1845408893550484
     -12.8614759806025809     -100.9057086074606957      711.1600320923055278
     -12.9182601887930453     -100.9804451431314760      711.1370037501949355
     -12.9665013945920968     -101.0562593214549310      711.1156700207117183
     -13.0055220351266350     -101.1328940920226813      711.0962218090265878
     -13.0347590948543068     -101.2100931527711936      711.0788242758065962
     -13.0537714337378237     -101.2876018301495975      711.0636147062808732
     -13.0622455922804193     -101.3651679288220748      711.0507007854153017
     -13.0599999999978689     -101.4425425526454774      711.0401593162339395
     -13.0470209713394354     -101.5191427319774533      711.0320763508705113
     -13.0234297585968584     -101.5943945720445782      711.0265055673856978
     -12.9894479099590257     -101.6680762985266426      711.0234269135662544
     -12.9454282069703446     -101.7399806373483386      711.0227881388829019
     -12.8918505127237477     -101.8099152338771063      711.0245059403077903
     -12.8293160174300986     -101.8777029356127173      711.0284675598926469
     -12.7585399509979975     -101.9431819361227838      711.0345327963240152
     -12.6803428515056602     -102.0062057784318483      711.0425363849662972
     -12.5956404967195663     -102.0666432168951872      711.0522906950752713
     -12.5054326228914814     -102.1243779378111753      711.0635886890457869
     -12.4107905707107928     -102.1793081406524948      711.0762070867145894
     -12.3128440122884832     -102.2313459838029814      711.0899096777440036
     -12.2127669251843578     -102.2804169010217947      711.1044507267469044
     -12.1117629895669161     -102.3264587974439479      711.1195784187405025
     -12.0102859621917997     -102.3697371798287463      711.1351569483538242
     -11.8945682213316601     -102.4159767254782878      711.1533112229427616
     -11.7626120800620182     -102.4652397779747872      711.1744374696894511
     -11.6121403963424967     -102.5175718226969650      711.1989867850088558
     -11.4405583172538847     -102.5729975914716050      711.2274718095627577
     -11.2449101386943990     -102.6315162803604295      711.2604740855362024
     -11.0218307725758358     -102.6930956967759982      711.2986521576176528
     -10.7674913021227923     -102.7576651193295589      711.3427505007555283
     -10.4775381128126739     -102.8251066137501937      711.3936093979984889
     -10.1470251208925344     -102.8952444997852353      711.4521759628968312
      -9.7703386956911373     -102.9678326062378915      711.5195166219610883
      -9.3411150029936092     -103.0425388834720763      711.5968315722209354
      -8.8521497073142594     -103.1189268644848198      711.6854720495293805
      -8.2953002913759786     -103.1964333773777014      711.7869617472222217
      -7.6613817217128872     -103.2743418151442540      711.9030245013359490
      -6.9400568626622157     -103.3517501660173536      712.0356215336141759
      -6.1197239849545051     -103.4275329039656128      712.1870032897463716
      -5.1874050155064557     -103.5002957411671929      712.3597834587873194
      -4.1286399378292895     -103.5683221609935458      712.5570464080951751
      -2.9273951038691388     -103.6295105896661681      712.7825043810497618
      -1.5659963004947242     -103.6813010311209098      713.0407277955828249
      -0.0251013742285888     -103.7205899724037010      713.3374812584331721
       1.7162678169936207     -103.7436323236657927      713.6802097593341614
       3.6806083252098576     -103.7459289814874239      714.0787338759960221
       5.8917010918105088     -103.7220980759208544      714.5462289335101786
       8.3742175139154504     -103.6657266670413833      715.1005788430081793
      11.1531196084199493     -103.5691968845602418      715.7662065565964440
      14.2528038117144007     -103.4234666559539875      716.5764235499642609
      17.6968045504995821     -103.2159314192683723      717.5634938140981376
      21.5082146779002237     -102.9259472175937731      718.7333458337438969
      25.7075691758145837     -102.5248673657389702      720.0723639659979654
      30.3111536354625422     -101.9742452553675776      721.5421887753889223
      35.3291873680553437     -101.2235048788399894      723.0707967425234983
      40.7636019005920360     -100.2078649356769944      724.5435888770866768
      46.6052206511980671      -98.8475816085977499      725.7962599072031935
      52.8311088362081804      -97.0501236096288125      726.6123165113888263
      59.4021304899586511      -94.7206107098388657      726.7596947228832960
      66.2548575892569147      -91.8055838854876356      726.2725741512649620
      73.3068776729611784      -88.2891308444739451      725.3911271680008213
      80.4667592118942565      -84.1781595382507533      724.4172388093797963
      87.6419939229403866      -79.4998132326381324      723.6798929183170230
      94.7454336612328802      -74.2960235255739718      723.4987959743457395
     101.7005500242577654      -68.6125502780157461      724.0991919772352503
     108.4464972360624699      -62.4783664355586765      725.3864723606816369
     114.9355045129292137      -55.9309326680666103      727.1708015095005067
     121.1277087612444205      -49.0210019756620596      729.2736137404165220
     126.4697111766684827      -42.4785064776230499      731.3263775376652802
     131.5176599856924895      -35.7388257573838573      733.4074658694100890
     136.2524103897256111      -28.8584462983733481      735.4314547055964795
     140.6586893327443590      -21.8977846599870638      737.3314189560550176
     144.7269284341735442      -14.9197380357859259      739.0600591430091981
     148.4575768934240898       -7.9878826399564140      740.5960774783693523
     151.8581349612179565       -1.1639974441497094      741.9349149391028959
     154.9401932090356127        5.4940534070185398      743.0800810744757428
     157.7193432065828631       11.9340692595209319      744.0415599519187708
     160.2146585982133331       18.1110890991369651      744.8341158089342571
     162.4477204038370814       23.9889032517762111      745.4755267432273058
     164.4412241391757163       29.5407389061059433      745.9848778807129293
     166.2177903293811596       34.7490567729764877      746.3812140841725977
     167.7991514954628371       39.6048288704152753      746.6826093856121815
     169.2056525382587324       44.1064960576227492      746.9055901993065163
     170.4559915718080561       48.2587667635345952      747.0648355698641581
     171.5671328109121703       52.0713814167753881      747.1730802771771778
     172.5543334335117152       55.5579306204877028      747.2411565941284834
     173.4312388996212633       58.7347829933382926      747.2781231391998062
     174.2100135513344128       61.6201526427693480      747.2914418383373913
     174.9014840148533381       64.2333168222846354      747.2871751113232222
     175.5152811204480656       66.5939787661472451      747.2701845908794667
     176.0599741737466388       68.7217593258803845      747.2443206088009902
     176.5431962447537444       70.6358160709256993      747.2125952219842020
     176.9717529897467330       72.3545712785127932      747.1773336589124028
     177.3517153363615648       73.8955252132941780      747.1403040379445883
     177.6884992851055927       75.2751375329433614      747.1028269241566022
     177.9869341252154697       76.5087624073840544      747.0658696348184549
     178.2513221472858618       77.6106247201848305      747.0301251065807264
     178.4854981184605833       78.5938255158531547      746.9960626774910679
     178.6928778300976433       79.4703709617539005      746.9639786565962822
     178.8765009996930075       80.2512172075141592      746.9340387553432947
     179.0390702659038880       80.9463256168676253      746.9063115526621459
     179.1829866040452828       81.5647243122865291      746.8807947245040850
     179.3103814387086743       82.1145729370032313      746.8574354602601488
     179.4231456983560520       82.6032283178689255      746.8361462294489002
     179.5229560375989308       83.0373093332131589      746.8168168460998686
     179.6112984413305469       83.4227597786075989      746.7993235994130146
     179.6894894171758494       83.7649084040283753      746.7835360719458322
     179.7586949762259678       84.0685255891986429      746.7693221457079744
     179.8199475951382169       84.3378763473895106      746.7565515976893948
     179.8741613445964731       84.5767695161374888      746.7450986057064029
     179.9221453596406377       84.7886031178398270      746.7348434198866016
     179.9646158166443684       84.9764059634030957      746.7256734019133546
     180.0022065701039082       85.1428756355314533      746.7174835911873743
     180.0354785903236348       85.2904130308613162      746.7101769224545933
     180.0621732776055524       85.4384811824027821      746.7008930605344403
     180.0758235093665007       85.5885428548339036      746.6876150297998720
     180.0759757764843130       85.7387850843989128      746.6704218902152661
     180.0623866030552733       85.8873806902568333      746.6494537634922608
     180.0350174791444147       86.0325143329560547      746.6249072592540870
     179.9940290250938233       86.1724078273460918      746.5970308406839422
     179.9397739474437117       86.3053445190007693      746.5661200251640821
     179.8727885121506347       86.4296925023504912      746.5325123658528810
     179.7937823857302249       86.5439264457063189      746.4965821961902748
     179.7036267909562071       86.6466477890527358      746.4587351447779611
     179.6033409987216771       86.7366030917462325      746.4194024455667886
     179.4940772368159401       86.8127003266384065      746.3790350797157771
     179.3771041430580340       86.8740229426763619      746.3380977922809052
     179.2537889266229740       86.9198415480796314      746.2970630301747406
