  -13.399999999999999       -25.176238614697038        359.46433481629987     
  -13.299999999999999       -25.089463060493721        359.51833906282087     
  -13.199999999999999       -25.002687506290403        359.57234330934187     
  -13.100000000000000       -24.915911952087086        359.62634755586288     
  -12.569683455298435       -24.455726831390425        359.91274101000528     
  -12.498267215068470       -24.393754993139702        359.95130881243512     
  -12.412798538674215       -24.319597654098928        359.99739730449329     
  -12.314334565142786       -24.234177769194851        360.05040052897800     
  -12.204094935620498       -24.138560052671032        360.10962434169073     
  -12.083447431762767       -24.033938195052500        360.17429666060696     
  -11.953891729990243       -23.921620380065058        360.24357863260786     
  -11.817041430345277       -23.803013246358429        360.31657650443606     
  -11.674604544483774       -23.679604470112636        360.39235398575727     
  -11.528362652591273       -23.552944175473264        360.46994489896690     
  -11.380148963118533       -23.424625408473236        360.54836592170830     
  -11.231335076577025       -23.295839557663349        360.62688773730554     
  -11.066666538013038       -23.153397272553050        360.71352485923541     
  -10.884479257366067       -22.995883653493419        360.80907630582152     
  -10.682940373570002       -22.821745790569700        360.91441162360240     
  -10.460032551601524       -22.629281629424341        361.03047554273348     
  -10.213537170603084       -22.416628620549961        361.15829266940153     
  -9.9410164198927333       -22.181752389393601        361.29897218012866     
  -9.6397943528087069       -21.922435757966994        361.45371249047912     
  -9.3069369919317335       -21.636268568346356        361.62380588739916     
  -8.9392316357917938       -21.320638910356635        361.81064314441323     
  -8.5331655897075223       -20.972726546443003        362.01571818775932     
  -8.0849046355349685       -20.589499563216542        362.24063295657515     
  -7.5902716711343299       -20.167715568217805        362.48710271090135     
  -7.0447260954873059       -19.703929097651187        362.75696219948873     
  -6.4433446959040239       -19.194507308846383        363.05217332009823     
  -5.7808050173904215       -18.635656496993430        363.37483520639080     
  -5.0513724707580732       -18.023462486478962        363.72719807938239     
  -4.2488927780822570       -17.353948474234247        364.11168273313393     
  -3.3667917785415300       -16.623154392474213        364.53090821226692     
  -2.3980851477665381       -15.827242220459921        364.98773111335134     
  -1.3354012524292913       -14.962631764288616        365.48530103289517     
 -0.17102121607708382       -14.026171016513942        366.02713801614783     
   1.1030586195583179       -13.015343968140050        366.61723944464933     
   2.4950351923744583       -11.928516179726874        367.26022562092726     
   4.0131695744386988       -10.765213801819245        367.96153529896571     
   5.6656089231620381       -9.5264239988288431        368.72768440595337     
   7.4601446176534258       -8.2148922529754405        369.56660286046485     
   9.4038865988341858       -6.8353722083299209        370.48806502498110     
   11.503063909645824       -5.3947377689949727        371.50379946432292     
   13.763761929227339       -3.9018101692433360        372.62575837900738     
   16.190924097436941       -2.3670352173012206        373.86733654459903     
   18.787506688054528      -0.80193294651264013        375.24414871757557     
   21.556500599089297       0.78148783973558567        376.76949877591881     
   24.501500023486887        2.3712039585462286        378.45243337908579     
   27.625134942470702        3.9555282533054847        380.29971280081622     
   30.929051695315358        5.5231715341739438        382.31510529392983     
   34.414003673433264        7.0630920131380615        384.49861709712673     
   38.079959687757601        8.5642548276970132        386.84580737839428     
   41.926156503367913        10.015629314883316        389.34719519877251     
   45.951066626681694        11.406518705401210        391.98777778121126     
   50.152313400198238        12.726948191275532        394.74678052708907     
   54.526473067544607        13.968049631893980        397.59782511331525     
   59.066821126362527        15.122502200185915        400.51324220927370     
   63.759315813138677        16.185321293247870        403.47203709953385     
   68.584885499223333        17.154058600202703        406.45607798084723     
   73.521804491643309        18.028662736558434        409.44642067423536     
   78.271617600092455        18.771259867268309        412.26281999380933     
   83.077959573557024        19.435498583808567        415.05142217876607     
   87.918140753880863        20.026592733263506        417.79660849063504     
   92.768821149145865        20.550795979620577        420.48365939958660     
   97.606090725902433        21.015012159956598        423.09969714039653     
   102.39776909111917        21.427005476672360        425.64652232023832     
   107.10463960906145        21.795119907550614        428.13962598962689     
   111.69116048273993        22.127125386346066        430.59252520050370     
   116.12674305982554        22.429896243490521        433.01542120052648     
   120.38614845545604        22.709256893079885        435.41503725913429     
   124.44960813701415        22.969926830330092        437.79470480892644     
   128.30270245152022        23.215549021073048        440.15465334676196     
   131.93604041218953        23.448793094816516        442.49244775471402     
   135.34479089516961        23.671518888371619        444.80351457969846     
   138.52812256898596        23.884948201305519        447.08170945425979     
   141.48859980610499        24.089820963333164        449.31988201178882     
   144.23284545272807        24.286430106097725        451.50841392679115     
   146.77778194432659        24.474153672582489        453.62502121540274     
   149.14197905852811        24.652203395137455        455.64779384661426     
   151.34105221727694        24.820060920530654        457.56191530607498     
   153.38817885939872        24.977454829757541        459.35841060539860     
   155.29458322412566        25.124327911231873        461.03296949324613     
   157.06995251010471        25.260801558719965        462.58490938764919     
   158.72278273742830        25.387140238658802        464.01628497774152     
   160.26065758404602        25.503718049150493        465.33114165769632     
   161.69046658351471        25.610988627703016        466.53490338086385     
   163.01857072944586        25.709459050413692        467.63388158312807     
   164.25092413193752        25.799667718776735        468.63488996199129     
   165.39316014916747        25.882166047682340        469.54494945001778     
   166.45064961949998        25.957504222663985        470.37106819494181     
   167.42853796488845        26.026220632552011        471.12008270940805     
   168.33176691666887        26.088834317108251        471.79854796497875     
   169.16508555009429        26.145839834814389        472.41266588590850     
   169.93305432490723        26.197704037093963        472.96824336351534     
   170.64004495582481        26.244864315260934        473.47067247066423     
   171.29023819511517        26.287727961217684        473.92492695548719     
   171.88762100038034        26.326672350031053        474.33557031084820     
   172.43598407564269        26.362045710989570        474.70677174798948     
   172.93892039897537        26.394168303469250        475.04232725872907     
   173.39982506907259        26.423333855374182        475.34568364714698     
   173.82189659996047        26.449811155841477        475.61996396891715     
   174.20813965211158        26.473845721245482        475.86799325508548     
   174.56136909588162        26.495661475255254        476.09232373704742     
   174.88421524771093        26.515462400720324        476.29525904886350     
   175.17913009125164        26.533434134313239        476.47887707773816     
   175.44839428665770        26.549745484888714        476.64505127700181     
   175.71871963359916        26.566035564114820        476.81056566009971     
   175.98638256594086        26.582088355177763        476.97324982518592     
   176.24798235229534        26.597703118843647        477.13108968250771     
   176.50016778435614        26.612685871833733        477.28215986778628     
   176.73968209401016        26.626851738707138        477.42464543656877     
   176.96340801453246        26.640027118031195        477.55686070299009     
   177.16841223312025        26.652051641349370        477.67726515553903     
   177.35198841534086        26.662779911058486        477.78447650997566     
   177.51169793841359        26.672083010620824        477.87728107383941     
   177.64540745520688        26.679849787032005        477.95464168967385     
   177.75132242853655        26.685987910686173        478.01570358839632     
   177.82801582807332        26.690424721385643        478.05979851553127     
   177.87445126997324        26.693107871041740        478.08644748934819     
   178.29000000000616        26.717119259465314        478.32492798556416     
   178.39000000000615        26.722897495972418        478.38231728289088     
   178.49000000000615        26.728675732479523        478.43970658021760     
   178.59000000000614        26.734453968986628        478.49709587754433     
