     178.0000000000000000       62.4214922131923231      654.2790840382093620
     177.9185218063838363       62.5642334586524100      654.2336478935112609
     177.8230246804904198       62.6961681566415905      654.1836682921034480
     177.7146636854132282       62.8157596946998638      654.1297172878448691
     177.5947546900033274       62.9216305616135969      654.0724153813612247
     177.4647561559538929       63.0125813523245029      654.0124242641697947
     177.3262490736388202       63.0876076537638255      653.9504389637268105
     177.1809153044868594       63.1459146742599131      653.8871794133381172
     177.0305145930001345       63.1869295302786469      653.8233814775913970
     176.8768605070745537       63.2103111654101895      653.7597874700149987
     176.7217955498901460       63.2159579502229576      653.6971362034541926
     176.5671656585094240       63.2040131018872700      653.6361526129691129
     176.4147942605853814       63.1748681756592134      653.5775369829298143
     176.2664559967193156       63.1291650261664330      653.5219537905836660
     176.1238501250271042       63.0677968297108151      653.4700201422729151
     175.9840714051316581       62.9986328391886019      653.4198108173038690
     175.8278258669637921       62.9212345514486699      653.3634891727112972
     175.6532165122864342       62.8346319925601904      653.3003020259845925
     175.4581383918490474       62.7377436076954424      653.2294015061543178
     175.2402583984897717       62.6293641268320229      653.1498328393324755
     174.9969937294614510       62.5081512989981931      653.0605205416333092
     174.7254890918503065       62.3726114427753373      652.9602528292458601
     174.4225927764978508       62.2210837757390749      652.8476640446590409
     174.0848317884937160       62.0517235075443665      652.7212148930574358
     173.7083862967105290       61.8624837124928746      652.5791702873237909
     173.2890637510035674       61.6510960401870847      652.4195746190382579
     172.8222731125586620       61.4150503803401548      652.2402243133917636
     172.3029997479090412       61.1515736736199358      652.0386375974212569
     171.7257816457083379       60.8576081588220319      651.8120215258585404
     171.0846877199654159       60.5297894725267724      651.5572364831407413
     170.3732990530252778       60.1644251759757225      651.2707586337971861
     169.5846939906084856       59.7574744806480140      650.9486411510044945
     168.7114380091433645       59.3045301840124353      650.5864755432595530
     167.7455792065488822       58.8008041140844284      650.1793550539291573
     166.6786500908435187       58.2411177171741770      649.7218429610932162
     165.5016760226166639       57.6198998047222091      649.2079496858980292
     164.2051901741314452       56.9311938927243943      648.6311239473095611
     162.7792541728794902       56.1686780012335234      647.9842647807142839
     161.2134826900967255       55.3257001980525160      647.2597630342575030
     159.4970690045151400       54.3953334010139002      646.4495828267863544
     157.6188068445829060       53.3704522839829423      645.5453951465705131
     155.5671040915320020       52.2438353862482501      644.5387781125978108
     153.3299826025898369       51.0082952859915721      643.4214992281492869
     150.8950573713971721       49.6568378931250010      642.1858944912157767
     148.2494892865449003       48.1828500113804452      640.8253574582647616
     145.3799079881264333       46.5803115310641687      639.3349468985222757
     142.2723055890442083       44.8440250270169187      637.7121139118576139
     138.9128450244674013       42.9699794330491329      635.9594337302244185
     135.2922343796641940       40.9561371958082816      634.0946541812966188
     131.4045210243090196       38.8023128676946740      632.1494365599294269
     127.2464989074953507       36.5100693215746404      630.1691686056708477
     122.8182208865027860       34.0826376132576883      628.2146428207649933
     118.1235101891532935       31.5246782819062723      626.3631032732394033
     113.1704612895361777       28.8419136602160791      624.7083439433891954
     107.9718473704672874       26.0406489925757114      623.3595194001320579
     102.5453892862987146       23.1272068596474831      622.4384202883328499
      96.9138565874867055       20.1073437081289477      622.0750986641913869
      91.1064112349824029       16.9851767355731731      622.3814574949101370
      85.1708631397844727       13.7594401198760110      623.2661938052241339
      79.1676238541569859       10.4300304276387266      624.5037487258720148
      73.1603822928140488        7.0031951722679704      625.8462560474540624
      66.1646905051589016        2.8596677982937151      627.2197838989452521
      59.3536690332830403       -1.3637683549203814      627.9999650355734957
      52.8182137580952826       -5.6186073426849052      627.8585739956107545
      46.6186370862851689       -9.8535547738750004      626.7280031383972982
      40.7713842002356586      -14.0259124851680106      624.9108478322561950
      35.2842091193112495      -18.1018051253840966      622.7090551617993697
      30.1611421060918659      -22.0551727350972691      620.3688942581089805
      25.4029180079954102      -25.8665474776365372      618.0760216447898756
      21.0074230443143186      -29.5213939895515338      615.9577231910917590
      16.9698896899330478      -33.0079128957444397      614.0900643435737720
      13.2823971867245945      -36.3155213881609171      612.5074582179837535
       9.9355936773006555      -39.4335827227241893      611.1990699692538556
       6.9209907362147387      -42.3507431159112002      610.1036948519856651
       4.2234520242063507      -45.0592269508068526      609.1690470995416717
       1.8223012466503907      -47.5562648100062546      608.3582971480658443
      -0.3060272439628442      -49.8439998828477826      607.6458105991712273
      -2.1859691413467157      -51.9286629907456216      607.0137942662281603
      -3.8415847086023387      -53.8195470989408307      606.4497639089670429
      -5.2958428404081959      -55.5280296427859454      605.9447294448973480
      -6.5702339632518969      -57.0667318352090618      605.4919494489400904
      -7.6845878710290050      -58.4488432239246052      605.0861067676693210
      -8.6570187964478897      -59.6876075657397536      604.7227815623941751
      -9.5039485372374095      -60.7959508640116155      604.3981268535933395
     -10.2401762956844760      -61.7862269984812826      604.1086773138695207
     -10.8789751392286504      -62.6700562867932831      603.8512426227340484
     -11.4322021392957680      -63.4582348243929886      603.6228522232712521
     -11.9104138340086543      -64.1606959567954789      603.4207295888505769
     -12.3229816408617019      -64.7865088673027714      603.2422820359415709
     -12.6782038077354677      -65.3439025780721892      603.0850975431461620
     -12.9834118001097565      -65.8403064865554200      602.9469436439878791
     -13.2450699063193262      -66.2824008594345457      602.8257657856770493
     -13.4688674439409120      -66.6761725206429361      602.7196839876419290
     -13.6598033599063040      -67.0269723671028004      602.6269874827665944
     -13.8222632938797751      -67.3395724005213197      602.5461274873075581
     -13.9600893582302898      -67.6182207464034093      602.4757084653222137
     -14.0766430054938532      -67.8666937032661224      602.4144783268541232
     -14.1748614244194577      -68.0883442760220134      602.3613179897633927
     -14.2573079420325364      -68.2861469375908570      602.3152306836814205
     -14.3262169214752166      -68.4627385631061287      602.2753313061102745
     -14.3835336409667391      -68.6204556154161054      602.2408360697570515
     -14.4309496238269386      -68.7613677471019571      602.2110526162002770
     -14.4699338720335646      -68.8873080387856334      602.1853707383652363
     -14.5017604009743462      -68.9999001073936142      602.1632536909344253
     -14.5275324812649220      -69.1005823464628861      602.1442301925125093
     -14.5482039582707667      -69.1906295564604363      602.1278871739162923
     -14.5645979635515044      -69.2711722004152364      602.1138631925825848
     -14.5790793386655526      -69.3533501573775908      602.1001934771031756
     -14.5912171586950468      -69.4367860083061004      602.0870470047971139
     -14.6005249437033413      -69.5207858001013506      602.0746457369385780
     -14.6065365603590802      -69.6046647965912797      602.0632050164902012
     -14.6088131252571607      -69.6877549027749694      602.0529305557195130
     -14.6069496040975189      -69.7694118285908189      602.0440155190240148
     -14.6005810235341205      -69.8490219071118759      602.0366377449870470
     -14.5893882174655065      -69.9260084867811003      602.0309571508405497
     -14.5731030353015711      -69.9998378229243343      602.0271133607626552
     -14.5515129462403880      -70.0700244002401291      602.0252235967570869
     -14.5244649807522830      -70.1361356251639734      602.0253808672966898
     -14.4918689582288618      -70.1977958348563362      602.0276524844849746
     -14.4536999580406889      -70.2546895779697991      602.0320789352986139
     -14.4099999999848389      -70.3065641312254996      602.0386731266249853
     -14.3610399970519413      -70.3530602420071887      602.0473934926806123
     -14.3071568711113688      -70.3938861316224802      602.0581713036291376
     -14.2485896914141978      -70.4289906406786912      602.0709378093856685
     -14.1856391325379416      -70.4583914603439894      602.0855983157994160
     -14.1186651179576614      -70.4821735063900405      602.1020333253184162
     -14.0480837066288018      -70.5004864687325039      602.1201000118496722
     -13.9743632550029400      -70.5135415689255893      602.1396340029402836
     -13.8980198961318031      -70.5216075677828655      602.1604514378919930
     -13.8196123863490179      -70.5250060746568579      602.1823512668106559
     -13.7397363783235864      -70.5241062187958931      602.2051177529604047
     -13.6590181869356080      -70.5193187514738042      602.2285231391002753
     -13.5781081213177330      -70.5110896551235271      602.2523304377335762
     -13.4976734624244070      -70.4998933423635918      602.2762963052765599
     -13.4183911705450392      -70.4862255334633971      602.3001739609869674
     -13.3406331570693233      -70.4705297003802258      602.3238098994282836
     -13.2536413519497298      -70.4505331451391328      602.3504785412480942
     -13.1563085762217913      -70.4253958921701582      602.3805670147411320
     -13.0473852317815631      -70.3941441725142738      602.4145119208145616
     -12.9254601748161342      -70.3556514078071586      602.4528053202926685
     -12.7889392035015419      -70.3086166220211481      602.4960012973733683
     -12.6360209086765352      -70.2515399922737345      602.5447231181856296
     -12.4646696231298044      -70.1826952414928797      602.5996709955348933
     -12.2725851981185929      -70.1000985758519590      602.6616304618859203
     -12.0571693377157114      -70.0014738833433228      602.7314813437158136
     -11.8154882364077292      -69.8842139431873761      602.8102073239499532
     -11.5442312979925923      -69.7453374579250038      602.8989060795548767
     -11.2396657705662602      -69.5814418230967249      602.9987999954810221
     -10.8975872211854341      -69.3886517094643409      603.1112474951621607
     -10.5132659044263654      -69.1625637708931293      603.2377551087392931
     -10.0813892633294966      -68.8981881345276150      603.3799905485853969
      -9.5960010529686262      -68.5898878131197733      603.5397973148213850
      -9.0504379118286487      -68.2313178444046144      603.7192117644335667
      -8.4372646413856387      -67.8153668586897425      603.9204842204929946
      -7.7482100072922133      -67.3341049577189921      604.1461066739065018
      -6.9741055629850148      -66.7787433086750752      604.3988510736630815
      -6.1048308323894709      -66.1396127568743850      604.6818242870044742
      -5.1292691826489278      -65.4061710435629777      604.9985487577977210
      -4.0352798760418356      -64.5670508118716810      605.3530819666714251
      -2.8096931166633810      -63.6101632899910001      605.7501933127945222
      -1.4383364140692190      -62.5228749214247088      606.1956243431909570
       0.0938976875177677      -61.2922754607403562      606.6964677154186347
       1.8029304186010209      -59.9055547813807578      607.2617122355002266
       3.7053074572803157      -58.3504995737370393      607.9030160186631520
       5.8179233051041734      -56.6161066078680548      608.6357873206389968
       8.1576362588990818      -54.6932804593876014      609.4806725027499397
      10.7407438575150476      -52.5755307302580093      610.4655717614621153
      13.5822792794790743      -50.2594886605059870      611.6283231649662184
      16.6964484771794446      -47.7442737774348700      613.0111791286874450
      20.1009830815049924      -45.0285928224857983      614.6270804286762086
      23.8142737532342039      -42.1115566505624486      616.4664905208484242
      27.8531529867404899      -38.9932179396667067      618.4961665728205844
      32.2318046071372706      -35.6753098897759457      620.6500715845346576
      36.9612092003851203      -32.1627094698840992      622.8203690528723655
      42.0492113545156982      -28.4653464420700857      624.8500547548351278
      47.5010443764616355      -24.5998122505842112      626.5287683803721848
      53.3191648403556968      -20.5907367170146607      627.5928901222746390
      59.4977770375450064      -16.4733476102340326      627.7770314653184869
      65.9903760362909537      -12.2987885091172409      627.1337272860894245
      72.7199385685932640       -8.1180827075737998      625.9259808076017180
      79.5939260582791803       -3.9716259146486936      624.4881326421518679
      85.4662457931876816       -0.5017354453560275      623.3674853758428753
      91.3064916468875936        2.9104216787522539      622.5882306708847409
      97.0527634634229344        6.2592664680255066      622.3720936113190874
     102.6543135457743006        9.5425551515129676      622.8101796117094864
     108.0775657563179806       12.7563516605042064      623.7982267767544045
     113.2948668230990847       15.8944390662888857      625.2122200941153096
     118.2836317147870204       18.9487406955452933      626.9328217632981932
     123.0264930279655857       21.9098861993774747      628.8507347443053277
     127.5112225106520896       24.7679068772022539      630.8704422625075949
     131.7304611540531312       27.5129607000338083      632.9122966063367812
     135.6813104241512349       30.1360118535262878      634.9131231785188447
     139.3648149360166428       32.6294082425187355      636.8256160265494827
     142.7853735295664137       34.9872815119752829      638.6168777766494031
     145.9518485420842921       37.2059615150039420      640.2698927042716832
     148.8778333447442037       39.2841831982290870      641.7830137954192651
     151.5769548953481376       41.2225284357344179      643.1593072957469985
     154.0623569228881138       43.0231782235949396      644.4044251416097495
     156.3467660499354679       44.6896867821737871      645.5257919927773855
     158.4425394486272580       46.2267375475336166      646.5319275421816201
     160.3616901152991829       47.6398982301474945      647.4319045233493171
     162.1158910705539711       48.9353877473181456      648.2349327606991665
     163.7164627095759784       50.1198636910212443      648.9500538848644737
     165.1743486881251215       51.2002353943808330      649.5859289079198788
     166.5000854891988809       52.1835045060927740      650.1507006355118392
     167.7037708929480857       53.0766332684214603      650.6519145530074866
     168.7950353324260959       53.8864397930027934      651.0964837167847463
     169.7830179037932794       54.6195175943377293      651.4906851198836648
     170.6763486315469436       55.2821763241735837      651.8401777847975609
     171.4831378065329943       55.8804006133212212      652.1500350100454853
     172.2109724942976072       56.4198240182760529      652.4247850255217145
     172.8669198024028049       56.9057152851931676      652.6684558363439237
     173.4575361694273852       57.3429744291951806      652.8846212617223728
     173.9888817601449773       57.7361364429080766      653.0764461323235537
     174.4665389850575252       58.0893807669284428      653.2467293351095350
     174.8956341757227619       58.4065449586729812      653.3979439295968632
     175.2808615130217049       58.6911412741096541      653.5322739426785574
     175.6265084022192298       58.9463751238870373      653.6516477148161357
     175.9364816002600946       59.1751645796821819      653.7577678473805918
     176.2143335157775823       59.3801602889047899      653.8521379125414796
     176.4632882130908342       59.5637653083997662      653.9360861518026695
     176.6862667533279705       59.7281544934409965      654.0107864211535116
     176.8859115961806197       59.8752931803855475      654.0772766504537685
     177.0646098637132013       60.0069549831513029      654.1364750798619525
     177.2245153331616621       60.1247385883179035      654.1891945224344909
     177.3675690795003845       60.2300834839793282      654.2361548833838469
     177.4955187318254843       60.3242845960202700      654.2779941455603421
     177.6190121096327061       60.4252235181358870      654.3173032399816975
     177.7335370302382671       60.5398221463756130      654.3516834252000081
     177.8374809800728258       60.6669555425054270      654.3806278089220996
     177.9293853450887752       60.8052968481034455      654.4037116650123380
     178.0079599687494181       60.9533432457323556      654.4205939744375655
     178.0720966622336903       61.1094419761955194      654.4310186224957988
     178.1208812178965957       61.2718166773298236      654.4348149928997600
     178.1536035875538460       61.4385941296398386      654.4318977497617880
     178.1697656217770600       61.6078314252573165      654.4222662628956186
     178.1690862893712506       61.7775434126998917      654.4060033684891096
     178.1515042433100007       61.9457302260080809      654.3832733895872025
     178.1171776306240417       62.1104046684711548      654.3543194087487791
     178.0664810985205690       62.2696191938410664      654.3194597998848394
     178.0000000000000000       62.4214922131923231      654.2790840382093620
