  -15.109999999999134       -100.91717860881346        597.46863556247183     
  -15.009999999999135       -100.90182264180444        597.49999594613780     
  -14.909999999999135       -100.88646667479543        597.53135632980377     
  -14.809999999999135       -100.87111070778641        597.56271671346974     
  -14.274199295555562       -100.78883332837802        597.73074587006829     
  -14.199812510116612       -100.77741051814695        597.75407385137873     
  -14.110822591620863       -100.76371058811532        597.78192306936398     
  -14.008348133926042       -100.74788804779132        597.81391395716673     
  -13.893677401204165       -100.73012327779217        597.84961383537575     
  -13.768252180669052       -100.71062122632287        597.88854404374706     
  -13.633649687598158       -100.68960978005916        597.93018757067148     
  -13.491562745870119       -100.66733777991841        597.97399699154676     
  -13.343778491381084       -100.64407266136411        598.01940253866962     
  -13.192155866948072       -100.62009771069297        598.06582014341473     
  -13.038602195079626       -100.59570894253213        598.11265931427533     
  -12.884105985668564       -100.57106081828401        598.15961689035191     
  -12.710214277795806       -100.54318743852286        598.21227060952606     
  -12.514520778236767       -100.51165447759206        598.27127935175338     
  -12.294328641842093       -100.47596636012418        598.33737105989383     
  -12.046617663314279       -100.43555710322474        598.41134867151709     
  -11.768008437291584       -100.38977973353177        598.49409647752964     
  -11.454723421022488       -100.33789407106428        598.58658704472691     
  -11.102544915951428       -100.27905265444333        598.68988894258268     
  -10.706770102262041       -100.21228457068131        598.80517567563970     
  -10.262163425053647       -100.13647695192965        598.93373646738507     
  -9.7629068564803667       -100.05035391793783        599.07698990428685     
  -9.2025488624023328       -99.952452785595199        599.23650197623510     
  -8.5739533063197335       -99.841097447974647        599.41401080273761     
  -7.8692500532173879       -99.714368960506974        599.61146139037305     
  -7.0797897212678818       -99.570073580894103        599.83105522217102     
  -6.1961059035454191       -99.405708815269747        600.07532144807874     
  -5.2078892804511607       -99.218428451351286        600.34721905667834     
  -4.1039794009789707       -99.005008134481812        600.65028279674459     
  -2.8723815558458634       -98.761813782383129        600.98882990538846     
  -1.5003181128798160       -98.484776040036195        601.36824996569635     
   2.5674074529232205E-002  -98.169375014979352        601.79540644500048     
   1.7195860897187409       -97.810640614925489        602.27918547060938     
   3.5957024828697426       -97.403174749387844        602.83123472475199     
   5.6682705949584831       -96.941202126727461        603.46694211209433     
   7.9510520707469556       -96.418655839385650        604.20670860316955     
   10.456733321777316       -95.829301547512131        605.07757009230534     
   13.196238153175958       -95.166828926437319        606.11480054834396     
   16.179661909551200       -94.423102965053474        607.35272339150413     
   19.417811509751782       -93.585842349010292        608.81084911389746     
   22.922647086635024       -92.637514042474038        610.48571437283908     
   26.705625303164702       -91.555770373799007        612.35445785608272     
   30.777068426005457       -90.312628641511807        614.37028139444715     
   35.145561107882948       -88.873397236611410        616.45610549334253     
   39.817291736564144       -87.196043737396849        618.49882174055767     
   44.795511191141046       -85.231596744560264        620.34541749720097     
   50.080270738762437       -82.926159601864512        621.80234735979388     
   55.665921473583197       -80.228348440007608        622.66397697495881     
   61.527100422032731       -77.113174077367773        622.85926564021656     
   67.617367841021107       -73.583784289431335        622.48100305351488     
   73.873908286884742       -69.664845037977955        621.75526795308269     
   80.227816621325601       -65.390248948133959        620.95058946203631     
   86.607184378758120       -60.798701774776688        620.35572483669887     
   92.940375333242216       -55.928973470399335        620.25317656500818     
   99.166387037543132       -50.806326965890314        620.79099948722069     
   105.23525346800443       -45.447350285114638        621.99075056300262     
   111.10738677624666       -39.867381914171602        623.76650633381405     
   116.52841157457593       -34.322488909503484        625.86503076763722     
   121.71504773076698       -28.615375159290217        628.21262802158139     
   126.64618164013817       -22.776592432642598        630.68573260054575     
   131.30479653945940       -16.842599305632881        633.17684195084462     
   135.67854278831817       -10.854557246683871        635.59744778971367     
   139.76113931776382       -4.8568070522490583        637.88155743861330     
   143.55428567566631        1.1049887054030854        639.98925514495113     
   147.06321289520193        6.9859216476250028        641.89657879389688     
   150.29581128322891        12.743404290202648        643.59218195413462     
   153.26399759913483        18.338601551004913        645.07837833495159     
   155.98200390561470        23.737525921941970        646.36605740848654     
   158.46462181724351        28.911769819726416        647.46985910612216     
   160.72691755103500        33.838936065506843        648.40663101950213     
   162.78399145425260        38.502692280250550        649.19420417784295     
   164.65076456786036        42.892518962965163        649.85044629116533     
   166.34179619290245        47.003234609146389        650.39257320277613     
   167.87113528202389        50.834376840068657        650.83668440150745     
   169.25220620373068        54.389508155154672        651.19748239819228     
   170.49772718572081        57.675501650804506        651.48813566130855     
   171.61965809216122        60.701848188920621        651.72024825277936     
   172.62917326569442        63.480013597440646        651.90390454011799     
   173.53665487652194        66.022863422155027        652.04776317947540     
   174.35170240711670        68.344163860668004        652.15918022346591     
   175.08315446448557        70.458160410418387        652.24434703468842     
   175.73910794165684        72.379233554759850        652.30845324912650     
   176.32696033475804        74.121621836328856        652.35581368795135     
   176.85347077664539        75.699204737269653        652.38995824233393     
   177.32479659962723        77.125344890774215        652.41375634832377     
   177.74653116144151        78.412776302368840        652.42952769378826     
   178.12374324967465        79.573530289841642        652.43913698952667     
   178.46101672419778        80.618892013667647        652.44407448826564     
   178.76248944665571        81.559381326640874        652.44552390755621     
   179.03189083997574        82.404752542315961        652.44441934367899     
   179.27257764202338        83.164008557858736        652.44149266221768     
   179.48756758317828        83.845425538070344        652.43731272746936     
   179.67957084083238        84.456585057786270        652.43231769734143     
   179.85101921462541        85.004411203570740        652.42684147124419     
   180.00409291049203        85.495210681657454        652.42113545663403     
   180.14074450944383        85.934714500758176        652.41538732330946     
   180.26272256618915        86.328119499035182        652.40973330191423     
   180.37159257113274        86.680129378615504        652.40426881038616     
   180.46875536842197        86.994994617982940        652.39905796528217     
   180.55546390288413        87.276550640291902        652.39414109112204     
   180.63283840405398        87.528253945127517        652.38954061949494     
   180.70188011708046        87.753216030012169        652.38526570315571     
   180.76348369264383        87.954235018295961        652.38131580744061     
   180.82461484035457        88.154156747831891        652.37733441208411     
   180.88482761101722        88.351674841532059        652.37341430517688     
   180.94337439981601        88.544298848824980        652.36960140432700     
   180.99953349533095        88.729596108470759        652.36594040987995     
   181.05261737505995        88.905222871777440        652.36247452704720     
   181.10198038424127        89.068954463875997        652.35924513385248     
   181.14702575310289        89.218714068189513        652.35629138080753     
   181.18721191994575        89.352599731246173        652.35364972036962     
   181.22205813733194        89.468909204182268        652.35135337685165     
   181.25114934623195        89.566162263470389        652.34943177902653     
   181.27414030854339        89.643120186233531        652.34790998681035     
   181.29075899227138        89.698802094392818        652.34680814908995     
   181.30080920620014        89.732497926162083        652.34614103124932     
   181.70417248245121        91.084873228299244        652.31936639344042     
   181.80417248245121        91.420147999643405        652.31272854627252     
   181.90417248245120        91.755422770987565        652.30609069910463     
   182.00417248245120        92.090697542331725        652.29945285193673     
