  -13.759999999997868       -105.02930762448416        710.36620127113406     
  -13.659999999997869       -105.02338992737961        710.38893663175622     
  -13.559999999997869       -105.01747223027506        710.41167199237839     
  -13.459999999997869       -105.01155453317051        710.43440735300055     
  -12.985614609888037       -104.98348184267557        710.54226058218114     
  -12.944866764190957       -104.98107050859059        710.55152475184616     
  -12.896117503887346       -104.97818426068085        710.56259770345423     
  -12.839978488531397       -104.97485857740294        710.57533520979530     
  -12.777154251505220       -104.97113441634559        710.58957189211151     
  -12.708433417048157       -104.96705774202631        710.60512357630682     
  -12.634678857511478       -104.96267899111147        710.62178987835068     
  -12.556816910526267       -104.95805247967101        710.63935697172269     
  -12.475825788092427       -104.95323575786543        710.65760048913512     
  -12.392723320459018       -104.94828891828331        710.67628851147731     
  -12.308554186871440       -104.94327386498273        710.69518459873450     
  -12.225763140320820       -104.93833627119923        710.71374036109114     
  -12.130603315470051       -104.93265529149127        710.73503077051464     
  -12.021233862094361       -104.92611841410188        710.75945129422985     
  -11.895542267837849       -104.91859590373966        710.78745233349662     
  -11.751105041131007       -104.90993810008919        710.81954621550494     
  -11.585142968567681       -104.89997227079147        710.85631491334493     
  -11.394470292327291       -104.88849893805119        710.89841854077406     
  -11.175437110335205       -104.87528758089624        710.94660467571339     
  -10.923864272243748       -104.86007159356356        711.00171858468354     
  -10.634970037208237       -104.84254235314459        711.06471445928400     
  -10.303287788119366       -104.82234221463338        711.13666785095688     
  -9.9225741804046095       -104.79905620635485        711.21878962647031     
  -9.4857072685504189       -104.77220213993890        711.31244200262302     
  -8.9845744377048327       -104.74121877177905        711.41915761383643     
  -8.4099504233136493       -104.70545155067273        711.54066320954621     
  -7.7513664004745291       -104.66413534989766        711.67891060032980     
  -6.9969721640102600       -104.61637339849690        711.83611906055876     
  -6.1333949304067641       -104.56111137794306        712.01483581423054     
  -5.1456004442544305       -104.49710531094873        712.21802483594274     
  -4.0167650815934746       -104.42288140219108        712.44919945194033     
  -2.7281717752221155       -104.33668534274400        712.71262168479348     
  -1.2591481447744413       -104.23641768275517        713.01360155196562     
  0.41292749624854685       -104.11955059426685        713.35894310996105     
   2.3125173280109195       -103.98301951509248        713.75760104578831     
   4.4656662386869472       -103.82308052926589        714.22163122241568     
   6.8995361423870714       -103.63512053091247        714.76753806555030     
   9.6416605901825996       -103.41340173989553        715.41813500007095     
   12.718837813588395       -103.15071442248744        716.20503005099499     
   16.155831267135124       -102.83735307121930        717.16807899798812     
   19.975518312755881       -102.45578339881288        718.32653774816913     
   24.197092524601747       -101.97828012230273        719.67150453189902     
   28.833145943143990       -101.36579601263811        721.16811550361592     
   33.887255097651426       -100.56537662518885        722.74642703454538     
   39.351742591407167       -99.508387173174100        724.29290518317976     
   45.206287106005014       -98.110857217748674        725.64510010171432     
   51.418031322744220       -96.277177019770818        726.59192515888992     
   57.942547992781606       -93.910814420074914        726.90471289282618     
   64.719637917831506       -90.951443957348559        726.56348706952849     
   71.675558358160870       -87.380669421009216        725.78880773839842     
   78.731479629770689       -83.201372552660672        724.87051002932822     
   85.807605107604630       -78.433070678364800        724.12348836035846     
   92.826793842582276       -73.108159949172716        723.85617734176094     
   99.718419431339953       -67.261263568624500        724.27302366454091     
   106.42131699167450       -60.921612285992751        725.36600922874868     
   112.88360843784889       -54.125789339710444        726.98080356263461     
   119.06072617071375       -46.928162783164773        728.93981397006098     
   124.30978198426386       -40.210216305118266        730.85013141079344     
   129.27481283828854       -33.284435507928094        732.80507043046441     
   133.93480577267300       -26.212801659285468        734.71998642156007     
   138.27400019619108       -19.060559790497098        736.52823062846687     
   142.28446835038491       -11.894639671446281        738.18464767662988     
   145.96659106899585       -4.7816645503743418        739.66442027539301     
   149.32664756493199        2.2141485413646671        740.95589919769679     
   152.37744662342487        9.0328663902564124        742.06062070610062     
   155.13655888889025        15.620614362101751        742.98877836838733     
   157.62441400110822        21.931032802912746        743.75514079388097     
   159.86300959587373        27.926572316308661        744.37720595716451     
   161.87458151095498        33.579321216636338        744.87356195466191     
   163.68064088093431        38.871043016969608        745.26263226559308     
   165.30137617297643        43.792571099313271        745.56180798359037     
   166.75534361981596        48.342776273556780        745.78691233609993     
   168.05936694121488        52.527300940557105        745.95192890865917     
   169.22857495545955        56.357216319108716        746.06892467356943     
   170.27651907003280        59.847717264700790        746.14810640821725     
   171.21532778737475        63.016929669181053        746.19796016462874     
   172.05586950094619        65.884872222739091        746.22543528547590     
   172.80790649446607        68.472588900238321        746.23614537011360     
   173.48023260335532        70.801449797211305        746.23456812759764     
   174.08079349875072        72.892606014356772        746.22423347124413     
   174.61678606001172        74.766584341011878        746.20789197256840     
   175.09473795778467        76.443002019059719        746.18766065367879     
   175.52057246435533        77.940378577906046        746.16514679393049     
   175.89966267695826        79.276024086922305        746.14155151248247     
   176.23687797506784        80.465986239201726        746.11775596056475     
   176.53662475667710        81.525041615360664        746.09439280505831     
   176.80288557916910        82.466718535669486        746.07189951196369     
   177.03925400986458        83.303342791412376        746.05056352956979     
   177.24896672762054        84.046098559962104        746.03055914840388     
   177.43493374999261        84.705098601759829        746.01197648171842     
   177.59976690163819        85.289459381518526        745.99484408594208     
   177.74580656549048        85.807377882821299        745.97914648237520     
   177.87514672550509        86.266207777180028        745.96483761705508     
   177.98965830319386        86.672533304905315        745.95185110443344     
   178.09101079852641        87.032239761600110        745.94010793976906     
   178.18069226125368        87.350579891950701        745.92952223149325     
   178.26002763612195        87.632235798204448        745.92000539474452     
   178.33019554170349        87.881376196185229        745.91146915726597     
   178.39224355602298        88.101709014709712        745.90382765573531     
   178.44710209219363        88.296529449113038        745.89699884155107     
   178.49559695384289        88.468763657635506        745.89090536763365     
   178.53846066356192        88.621008339609716        745.88547508988540     
   178.57634265842009        88.755566463741488        745.88064128677297     
   178.61405388719919        88.889579085060220        745.87582136678384     
   178.65126302496790        89.021919849868496        745.87108153324209     
   178.68750394413416        89.150923658250605        745.86647977178086     
   178.72232363120847        89.274966920598544        745.86207171407068     
   178.75528769560458        89.392488054305304        745.85791016284929     
   178.78598566794386        89.502007203073290        745.85404453774208     
   178.81403596343802        89.602144943949767        745.85052038756373     
   178.83909046097580        89.691639741145792        745.84737896175500     
   178.86083865739764        89.769363920229466        745.84465682592509     
   178.87901135497455        89.834337956633448        745.84238552180739     
   178.89338384527363        89.885742893888221        745.84059127299668     
   178.90377855789450        89.922930730962889        745.83929473868329     
   178.91006714800710        89.945432644258176        745.83851081808371     
   179.31217200221536        91.384249358814543        745.78838538889147     
   179.41217200221536        91.742070633414500        745.77591962811596     
   179.51217200221535        92.099891908014456        745.76345386734044     
   179.61217200221535        92.457713182614413        745.75098810656493     
