1.410085800000000e+002 -1.254855100000000e-018 0.000000000000000e+000 
1.411537000000000e+002 9.220795200000000e-002 0.000000000000000e+000 
1.413699500000000e+002 2.327584800000000e-001 0.000000000000000e+000 
1.416589300000000e+002 4.191558900000000e-001 0.000000000000000e+000 
1.418756200000000e+002 5.590191700000000e-001 0.000000000000000e+000 
1.420923700000000e+002 6.987917800000000e-001 0.000000000000000e+000 
1.423091400000000e+002 8.385391800000001e-001 0.000000000000000e+000 
1.425259400000000e+002 9.782327000000000e-001 0.000000000000000e+000 
1.427427600000000e+002 1.117880100000000e+000 0.000000000000000e+000 
1.429596200000000e+002 1.257481100000000e+000 0.000000000000000e+000 
1.431765100000000e+002 1.397037100000000e+000 0.000000000000000e+000 
1.433934300000000e+002 1.536549300000000e+000 0.000000000000000e+000 
1.436103800000000e+002 1.676015700000000e+000 0.000000000000000e+000 
1.438273600000000e+002 1.815436400000000e+000 0.000000000000000e+000 
1.440443500000000e+002 1.954822900000000e+000 0.000000000000000e+000 
1.442613800000000e+002 2.094163300000000e+000 0.000000000000000e+000 
1.444784300000000e+002 2.233457400000000e+000 0.000000000000000e+000 
1.446955100000000e+002 2.372724800000000e+000 0.000000000000000e+000 
1.449126200000000e+002 2.511929700000000e+000 0.000000000000000e+000 
1.451297400000000e+002 2.651123000000000e+000 0.000000000000000e+000 
1.453469100000000e+002 2.790254400000000e+000 0.000000000000000e+000 
1.455640800000000e+002 2.929362400000000e+000 0.000000000000000e+000 
1.457812900000000e+002 3.068422200000000e+000 0.000000000000000e+000 
1.459985200000000e+002 3.207452800000000e+000 0.000000000000000e+000 
1.462157600000000e+002 3.346454900000000e+000 0.000000000000000e+000 
1.464330400000000e+002 3.485399800000000e+000 0.000000000000000e+000 
1.466503200000000e+002 3.624333500000000e+000 0.000000000000000e+000 
1.468676400000000e+002 3.763218600000000e+000 0.000000000000000e+000 
1.470849700000000e+002 3.902080700000000e+000 0.000000000000000e+000 
1.473023400000000e+002 4.040900600000000e+000 0.000000000000000e+000 
1.475197100000000e+002 4.179698400000000e+000 0.000000000000000e+000 
1.477371200000000e+002 4.318450900000000e+000 0.000000000000000e+000 
1.479545300000000e+002 4.457191300000000e+000 0.000000000000000e+000 
1.481719600000000e+002 4.595888600000000e+000 0.000000000000000e+000 
1.483894200000000e+002 4.734562100000000e+000 0.000000000000000e+000 
1.486068900000000e+002 4.873210500000000e+000 0.000000000000000e+000 
1.488243800000000e+002 5.011817000000000e+000 0.000000000000000e+000 
1.490418800000000e+002 5.150416800000000e+000 0.000000000000000e+000 
1.492594100000000e+002 5.288974500000000e+000 0.000000000000000e+000 
1.494769500000000e+002 5.427512900000000e+000 0.000000000000000e+000 
1.496945100000000e+002 5.566020000000000e+000 0.000000000000000e+000 
1.499120800000000e+002 5.704517600000000e+000 0.000000000000000e+000 
1.501296700000000e+002 5.842977300000000e+000 0.000000000000000e+000 
1.503472700000000e+002 5.981418000000000e+000 0.000000000000000e+000 
1.505648900000000e+002 6.119832000000000e+000 0.000000000000000e+000 
1.507825200000000e+002 6.258240200000000e+000 0.000000000000000e+000 
1.510001700000000e+002 6.396606000000000e+000 0.000000000000000e+000 
1.512178200000000e+002 6.534967500000000e+000 0.000000000000000e+000 
1.514354900000000e+002 6.673303900000000e+000 0.000000000000000e+000 
1.516531700000000e+002 6.811621200000000e+000 0.000000000000000e+000 
1.518708600000000e+002 6.949915200000000e+000 0.000000000000000e+000 
1.520885600000000e+002 7.088202400000000e+000 0.000000000000000e+000 
1.523062700000000e+002 7.226467200000000e+000 0.000000000000000e+000 
1.525240000000000e+002 7.364710100000000e+000 0.000000000000000e+000 
1.527417300000000e+002 7.502949700000000e+000 0.000000000000000e+000 
1.529594700000000e+002 7.641166000000000e+000 0.000000000000000e+000 
1.531772300000000e+002 7.779365800000000e+000 0.000000000000000e+000 
1.533949900000000e+002 7.917561100000000e+000 0.000000000000000e+000 
1.536127600000000e+002 8.055734299999999e+000 0.000000000000000e+000 
1.538305400000000e+002 8.193904300000000e+000 0.000000000000000e+000 
1.540483200000000e+002 8.332053999999999e+000 0.000000000000000e+000 
1.542661100000000e+002 8.470195100000000e+000 0.000000000000000e+000 
1.544839000000000e+002 8.608334800000000e+000 0.000000000000000e+000 
1.547017100000000e+002 8.746456200000001e+000 0.000000000000000e+000 
1.549195200000000e+002 8.884563900000000e+000 0.000000000000000e+000 
1.551373300000000e+002 9.022677600000000e+000 0.000000000000000e+000 
1.553551500000000e+002 9.160778000000001e+000 0.000000000000000e+000 
1.555729800000000e+002 9.298860500000000e+000 0.000000000000000e+000 
1.557908000000000e+002 9.436954999999999e+000 0.000000000000000e+000 
1.560086400000000e+002 9.575032100000000e+000 0.000000000000000e+000 
1.562264700000000e+002 9.713108900000000e+000 0.000000000000000e+000 
1.564443000000000e+002 9.851181900000000e+000 0.000000000000000e+000 
1.566621400000000e+002 9.989252000000001e+000 0.000000000000000e+000 
1.568799800000000e+002 1.012732500000000e+001 0.000000000000000e+000 
1.570978200000000e+002 1.026538200000000e+001 0.000000000000000e+000 
1.573156600000000e+002 1.040345300000000e+001 0.000000000000000e+000 
1.575335000000000e+002 1.054152500000000e+001 0.000000000000000e+000 
1.577513400000000e+002 1.067958400000000e+001 0.000000000000000e+000 
1.579691800000000e+002 1.081765800000000e+001 0.000000000000000e+000 
1.581870100000000e+002 1.095573100000000e+001 0.000000000000000e+000 
1.584048500000000e+002 1.109380700000000e+001 0.000000000000000e+000 
1.586226800000000e+002 1.123188300000000e+001 0.000000000000000e+000 
1.588405000000000e+002 1.136997300000000e+001 0.000000000000000e+000 
1.590583200000000e+002 1.150806500000000e+001 0.000000000000000e+000 
1.592761400000000e+002 1.164616300000000e+001 0.000000000000000e+000 
1.594939600000000e+002 1.178426900000000e+001 0.000000000000000e+000 
1.597117800000000e+002 1.192237600000000e+001 0.000000000000000e+000 
1.599295800000000e+002 1.206049800000000e+001 0.000000000000000e+000 
1.601473900000000e+002 1.219861900000000e+001 0.000000000000000e+000 
1.603651800000000e+002 1.233676000000000e+001 0.000000000000000e+000 
1.605829800000000e+002 1.247489300000000e+001 0.000000000000000e+000 
1.608007600000000e+002 1.261304000000000e+001 0.000000000000000e+000 
1.610185400000000e+002 1.275120100000000e+001 0.000000000000000e+000 
1.612363200000000e+002 1.288936600000000e+001 0.000000000000000e+000 
1.614540900000000e+002 1.302753600000000e+001 0.000000000000000e+000 
1.616718500000000e+002 1.316573100000000e+001 0.000000000000000e+000 
1.618896000000000e+002 1.330393300000000e+001 0.000000000000000e+000 
1.621073500000000e+002 1.344215700000000e+001 0.000000000000000e+000 
1.623250600000000e+002 1.358042000000000e+001 0.000000000000000e+000 
1.625427700000000e+002 1.371868700000000e+001 0.000000000000000e+000 
1.627604700000000e+002 1.385697600000000e+001 0.000000000000000e+000 
1.629781800000000e+002 1.399524600000000e+001 0.000000000000000e+000 
1.631958900000000e+002 1.413350900000000e+001 0.000000000000000e+000 
1.634135000000000e+002 1.427194800000000e+001 0.000000000000000e+000 
1.636314900000000e+002 1.440978300000000e+001 0.000000000000000e+000 
1.638509400000000e+002 1.454528300000000e+001 0.000000000000000e+000 
1.640722900000000e+002 1.467766100000000e+001 0.000000000000000e+000 
1.642942800000000e+002 1.480895200000000e+001 0.000000000000000e+000 
1.645159200000000e+002 1.494083000000000e+001 0.000000000000000e+000 
1.647370100000000e+002 1.507364000000000e+001 0.000000000000000e+000 
1.649573100000000e+002 1.520774500000000e+001 0.000000000000000e+000 
1.651774200000000e+002 1.534216500000000e+001 0.000000000000000e+000 
1.653983300000000e+002 1.547527300000000e+001 0.000000000000000e+000 
1.656202400000000e+002 1.560670600000000e+001 0.000000000000000e+000 
1.658428100000000e+002 1.573701500000000e+001 0.000000000000000e+000 
1.660654400000000e+002 1.586720600000000e+001 0.000000000000000e+000 
1.662878000000000e+002 1.599786500000000e+001 0.000000000000000e+000 
1.665096100000000e+002 1.612946900000000e+001 0.000000000000000e+000 
1.667309100000000e+002 1.626192200000000e+001 0.000000000000000e+000 
1.669517500000000e+002 1.639513300000000e+001 0.000000000000000e+000 
1.671722600000000e+002 1.652889400000000e+001 0.000000000000000e+000 
1.673924500000000e+002 1.666317600000000e+001 0.000000000000000e+000 
1.676123700000000e+002 1.679790500000000e+001 0.000000000000000e+000 
1.678323600000000e+002 1.693253000000000e+001 0.000000000000000e+000 
1.680522200000000e+002 1.706735600000000e+001 0.000000000000000e+000 
1.682715200000000e+002 1.720308700000000e+001 0.000000000000000e+000 
1.684897800000000e+002 1.734049200000000e+001 0.000000000000000e+000 
1.687068000000000e+002 1.747985200000000e+001 0.000000000000000e+000 
1.689227000000000e+002 1.762093300000000e+001 0.000000000000000e+000 
1.691377600000000e+002 1.776329200000000e+001 0.000000000000000e+000 
1.693522500000000e+002 1.790651900000000e+001 0.000000000000000e+000 
1.695664800000000e+002 1.805011800000000e+001 0.000000000000000e+000 
1.697802400000000e+002 1.819442200000000e+001 0.000000000000000e+000 
1.699934600000000e+002 1.833951900000000e+001 0.000000000000000e+000 
1.702073400000000e+002 1.848365000000000e+001 0.000000000000000e+000 
1.704231100000000e+002 1.862494700000000e+001 0.000000000000000e+000 
1.706422300000000e+002 1.876103400000000e+001 0.000000000000000e+000 
1.708664500000000e+002 1.888862900000000e+001 0.000000000000000e+000 
1.710962700000000e+002 1.900583200000000e+001 0.000000000000000e+000 
1.713303200000000e+002 1.911425100000000e+001 0.000000000000000e+000 
1.715677700000000e+002 1.921501400000000e+001 0.000000000000000e+000 
1.718077700000000e+002 1.930948600000000e+001 0.000000000000000e+000 
1.720496800000000e+002 1.939893600000000e+001 0.000000000000000e+000 
1.722932400000000e+002 1.948381600000000e+001 0.000000000000000e+000 
1.725381900000000e+002 1.956457100000000e+001 0.000000000000000e+000 
1.727843100000000e+002 1.964167600000000e+001 0.000000000000000e+000 
1.730313900000000e+002 1.971563700000000e+001 0.000000000000000e+000 
1.732793100000000e+002 1.978671000000000e+001 0.000000000000000e+000 
1.735279800000000e+002 1.985513900000000e+001 0.000000000000000e+000 
1.737772900000000e+002 1.992122900000000e+001 0.000000000000000e+000 
1.740271400000000e+002 1.998518300000000e+001 0.000000000000000e+000 
1.742774600000000e+002 2.004730900000000e+001 0.000000000000000e+000 
1.745281600000000e+002 2.010786800000000e+001 0.000000000000000e+000 
1.747791900000000e+002 2.016704500000000e+001 0.000000000000000e+000 
1.750305100000000e+002 2.022497600000000e+001 0.000000000000000e+000 
1.752820800000000e+002 2.028177100000000e+001 0.000000000000000e+000 
1.755338900000000e+002 2.033755800000000e+001 0.000000000000000e+000 
1.757858800000000e+002 2.039248900000000e+001 0.000000000000000e+000 
1.760380300000000e+002 2.044667500000000e+001 0.000000000000000e+000 
1.762904100000000e+002 2.049980300000000e+001 0.000000000000000e+000 
1.765430800000000e+002 2.055152100000000e+001 0.000000000000000e+000 
1.767961200000000e+002 2.060145300000000e+001 0.000000000000000e+000 
1.770495600000000e+002 2.064926900000000e+001 0.000000000000000e+000 
1.773034600000000e+002 2.069460000000000e+001 0.000000000000000e+000 
1.775578500000000e+002 2.073708600000000e+001 0.000000000000000e+000 
1.778127600000000e+002 2.077636400000000e+001 0.000000000000000e+000 
1.780681900000000e+002 2.081206200000000e+001 0.000000000000000e+000 
1.783241800000000e+002 2.084359100000000e+001 0.000000000000000e+000 
1.785807100000000e+002 2.087032100000000e+001 0.000000000000000e+000 
1.788377500000000e+002 2.089168700000000e+001 0.000000000000000e+000 
1.790952300000000e+002 2.090702400000000e+001 0.000000000000000e+000 
1.793530400000000e+002 2.091532300000000e+001 0.000000000000000e+000 
1.796109900000000e+002 2.091546500000000e+001 0.000000000000000e+000 
1.798688000000000e+002 2.090675600000000e+001 0.000000000000000e+000 
1.801261800000000e+002 2.088962100000000e+001 0.000000000000000e+000 
1.803829900000000e+002 2.086562500000000e+001 0.000000000000000e+000 
1.806391700000000e+002 2.083561400000000e+001 0.000000000000000e+000 
1.808945600000000e+002 2.079952000000000e+001 0.000000000000000e+000 
1.811489500000000e+002 2.075681200000000e+001 0.000000000000000e+000 
1.814018100000000e+002 2.070580500000000e+001 0.000000000000000e+000 
1.816525300000000e+002 2.064504100000000e+001 0.000000000000000e+000 
1.819002000000000e+002 2.057275200000000e+001 0.000000000000000e+000 
1.821438600000000e+002 2.048791700000000e+001 0.000000000000000e+000 
1.823826700000000e+002 2.039021200000000e+001 0.000000000000000e+000 
1.826158100000000e+002 2.027968400000000e+001 0.000000000000000e+000 
1.828431400000000e+002 2.015770800000000e+001 0.000000000000000e+000 
1.830646400000000e+002 2.002545400000000e+001 0.000000000000000e+000 
1.832807500000000e+002 1.988460000000000e+001 0.000000000000000e+000 
1.834919900000000e+002 1.973657900000000e+001 0.000000000000000e+000 
1.836991000000000e+002 1.958285200000000e+001 0.000000000000000e+000 
1.839030100000000e+002 1.942490500000000e+001 0.000000000000000e+000 
1.841043800000000e+002 1.926376200000000e+001 0.000000000000000e+000 
1.843037500000000e+002 1.910013700000000e+001 0.000000000000000e+000 
1.845017100000000e+002 1.893482400000000e+001 0.000000000000000e+000 
1.846986700000000e+002 1.876831900000000e+001 0.000000000000000e+000 
1.848947800000000e+002 1.860081200000000e+001 0.000000000000000e+000 
1.850901300000000e+002 1.843242100000000e+001 0.000000000000000e+000 
1.852847500000000e+002 1.826318700000000e+001 0.000000000000000e+000 
1.854786200000000e+002 1.809309500000000e+001 0.000000000000000e+000 
1.856717100000000e+002 1.792212500000000e+001 0.000000000000000e+000 
1.858640600000000e+002 1.775030500000000e+001 0.000000000000000e+000 
1.860556700000000e+002 1.757767400000000e+001 0.000000000000000e+000 
1.862465900000000e+002 1.740427200000000e+001 0.000000000000000e+000 
1.864368300000000e+002 1.723013700000000e+001 0.000000000000000e+000 
1.866264400000000e+002 1.705531300000000e+001 0.000000000000000e+000 
1.868154700000000e+002 1.687985000000000e+001 0.000000000000000e+000 
1.870038900000000e+002 1.670374200000000e+001 0.000000000000000e+000 
1.871918000000000e+002 1.652708700000000e+001 0.000000000000000e+000 
1.874416400000000e+002 1.629080500000000e+001 0.000000000000000e+000 
1.876283100000000e+002 1.611283400000000e+001 0.000000000000000e+000 
1.877524900000000e+002 1.599391200000000e+001 0.000000000000000e+000 
