  -13.069999999999759       -92.761976173108252        736.37863954605359     
  -12.969999999999759       -92.639858948595332        736.41435404423783     
  -12.869999999999759       -92.517741724082413        736.45006854242206     
  -12.769999999999760       -92.395624499569493        736.48578304060629     
  -12.340718305993638       -91.871397609507198        736.63909884341729     
  -12.324676808102579       -91.851808177512339        736.64482798389031     
  -12.305484219598712       -91.828375237943277        736.65168030905625     
  -12.283380762121897       -91.801394411608115        736.65956886950403     
  -12.258643202697609       -91.771205983806610        736.66839363491351     
  -12.231581434151217       -91.738190575276832        736.67804279618383     
  -12.202534638718539       -91.702764306090046        736.68839421538473     
  -12.171867080020709       -91.665373515837203        736.69931700310497     
  -12.139963573429997       -91.626489108876569        736.71067320131158     
  -12.107224689232012       -91.586600597851657        736.72231954876054     
  -12.074061746808361       -91.546209922104680        736.73410930530599     
  -12.040322653715830       -91.505132476476348        736.74609620514957     
  -12.001404127082822       -91.457767749133708        736.75991364720880     
  -11.956512610093506       -91.403158576909107        736.77583892817609     
  -11.904733486960879       -91.340203777746581        736.79419061257249     
  -11.845012793032975       -91.267637038074668        736.81533443311037     
  -11.776136222966510       -91.184002887871358        736.83968995585246     
  -11.696705059514972       -91.087629422020086        736.86773808319117     
  -11.605108600748185       -90.976597407068880        736.90002946546088     
  -11.499492616998337       -90.848705400126335        736.93719388839645     
  -11.377723324477763       -90.701430507778937        736.97995071956029     
  -11.237346310575344       -90.531884419395325        737.02912042398566     
  -11.075539809102953       -90.336764388016604        737.08563716475805     
  -10.889061697291403       -90.112298899807428        737.15056249473776     
  -10.674189573458147       -89.854187874457125        737.22510007801020     
  -10.426653296109173       -89.557537395837969        737.31061133678577     
  -10.141559434096463       -89.216789193371241        737.40863186410490     
  -9.8133072178856366       -88.825645395873138        737.52088838878308     
  -9.4354958270712928       -88.376989476781333        737.64931604066874     
  -9.0008232442641898       -87.862804817084438        737.79607566641698     
  -8.5009775110807055       -87.274092940673285        737.96357102995989     
  -7.9265221176170853       -86.600794229352942        738.15446596314416     
  -7.2667785427829941       -85.831714792188635        738.37170200940477     
  -6.5097107594329762       -84.954464119504536        738.61851796961423     
  -5.6418189575349098       -83.955409147870924        738.89847421001207     
  -4.6480529430951041       -82.819651331870972        739.21548687817324     
  -3.5117597061329380       -81.531034191075292        739.57388058589106     
  -2.2146844373744061       -80.072189547209717        739.97847294281451     
 -0.73704942403320595       -78.424631397454263        740.43471073873070     
  0.94226019284858853       -76.568907533194960        740.94888546740492     
   2.8453728424957054       -74.484821770186556        741.52846461924412     
   4.9949424748123752       -72.151746579157447        742.18258333698418     
   7.4134865385274198       -69.549062316987573        742.92274654577545     
   10.122582086475180       -66.656795980652532        743.76379298582719     
   13.142149953137874       -63.456455803951485        744.72342899811065     
   16.490472728471158       -59.931826502461796        745.81393341073681     
   20.183993793753547       -56.071281007093567        747.04167777890018     
   24.237838877597994       -51.869452466911596        748.39382371639454     
   28.665009814176958       -47.329440624360323        749.83593123134960     
   33.474513601004169       -42.464014313788915        751.31032703151482     
   38.668927903393865       -37.295542835444991        752.73052984301000     
   44.241864853712713       -31.855616180650852        753.97675971375270     
   50.176394386720972       -26.185354996625129        754.89425185208711     
   56.443600355305122       -20.336598376854830        755.31576216033613     
   62.998762575288431       -14.373556997426405        755.17064259896404     
   69.780133121711117       -8.3669865255622984        754.54892796045112     
   76.712976568483370       -2.3854281322662629        753.64827851324037     
   82.947355408645009        2.8704525513242425        752.80229219456260     
   89.176641249577415        8.0226247227221492        752.09846441460809     
   95.341316025473461        13.042893311323574        751.70398536372682     
   101.38540419403751        17.909312786764964        751.71151156024916     
   107.25888526675479        22.602542438748120        752.10297961288802     
   112.91863547117011        27.104030779720667        752.79659928148760     
   118.32870097278152        31.397348168760075        753.70993674856993     
   123.46082079839422        35.468785684371518        754.76756788763942     
   128.29454073505539        39.307798895612606        755.90402089733766     
   132.81693280803222        42.907304112035014        757.06532326536126     
   137.02200452266251        46.263788543649653        758.20932786946082     
   140.90990258581348        49.377230337945939        759.30510341693036     
   144.48675279006972        52.250889797016455        760.33228509283788     
   147.76416100883142        54.890971060631870        761.27985145952550     
   150.75727329067914        57.306122339663247        762.14365753396100     
   153.48239152703312        59.506837689772176        762.92364130780697     
   155.95631258864987        61.504948130670968        763.62247880708367     
   158.19604512135533        63.313166642937368        764.24467951878592     
   160.21855469396991        64.944684492878949        764.79586004413909     
   162.04054004795927        66.412827642229331        765.28218758010166     
   163.67824287404446        67.730775783433103        765.70997324653990     
   165.14729238327590        68.911341958388647        766.08539017601413     
   166.46258446432165        69.966807691587064        766.41429062080056     
   167.63819379676636        70.908806858334060        766.70209835130640     
   168.68731614154828        71.748250814754059        766.95375598549867     
   169.62223724680345        72.495287342646037        767.17371068431157     
   170.45432439360104        73.159286453092861        767.36592531029692     
   171.19403651184217        73.748846845929052        767.53390537772225     
   171.85094894871995        74.271817689712449        767.68073480346914     
   172.43378929347554        74.735331267956894        767.80911559200035     
   172.95048108340140        75.145842869002934        767.92140820692998     
   173.40819268105230        75.509175044073956        768.01967057527463     
   173.81338907987654        75.830564005471274        768.10569452240406     
   174.17188483685550        76.114706482082042        768.18103902419000     
   174.48889672927803        76.365805797823612        768.24706005470659     
   174.76909508010505        76.587616299958000        768.30493705720130     
   175.01665299025422        76.783485549829521        768.35569621507375     
   175.23529295840279        76.956393910212526        768.40023077994920     
   175.42833056385803        77.108991332178348        768.43931874883310     
   175.59871504124146        77.243631270146949        768.47363818828785     
   175.74906669316044        77.362401745225384        768.50378049211145     
   175.88171117457813        77.467153641359218        768.53026183789268     
   175.99871074567767        77.559526362293880        768.55353308219196     
   176.10189263349670        77.640971004801742        768.57398830720456     
   176.19287467065209        77.712771219043489        768.59197220554529     
   176.27308839560584        77.776061933451416        768.60778646538108     
   176.35333281255356        77.839371956372332        768.62358146500833     
   176.43257417601035        77.901891573572314        768.63916728700303     
   176.50981560468244        77.962834236281978        768.65434858279764     
   176.58408515570599        78.021433031306415        768.66893546780966     
   176.65444809429209        78.076950347492570        768.68274581195601     
   176.72001868872974        78.128687186232469        768.69560745859872     
   176.77997138727787        78.175991995298290        768.70736032891887     
   176.83355124276756        78.218268910482053        768.71785836586105     
   176.88008345240098        78.254985298811860        768.72697129476205     
   176.91898189107735        78.285678505867054        768.73458618085238     
   176.94975652898378        78.309961719830056        768.74060876715043     
   176.97201963802527        78.327528876258185        768.74496457974919     
   176.98549070679007        78.338158539972497        768.74759979096564     
   177.39000000000001        78.657346113817468        768.82672992126436     
   177.49000000000001        78.736253466306721        768.84629192679233     
   177.59000000000000        78.815160818795974        768.86585393232031     
   177.69000000000000        78.894068171285227        768.88541593784828     
