  -14.990000000000000       -51.853100244544592        491.91062266315396     
  -14.890000000000001       -51.761428278359581        491.95528196124707     
  -14.790000000000001       -51.669756312174570        491.99994125934018     
  -14.690000000000001       -51.578084345989559        492.04460055743328     
  -14.157202651352065       -51.089658540702388        492.28254411359831     
  -14.084398235493300       -51.022917301215145        492.31505805470164     
  -13.997240914262491       -50.943144995561326        492.35390651990826     
  -13.896794505277573       -50.851380538098361        492.39857457815276     
  -13.784288328297405       -50.748815318919668        492.44847269220685     
  -13.661103549907857       -50.636776275264204        492.50294573188057     
  -13.528757576247777       -50.516707289033121        492.56128273553969     
  -13.388886600199502       -50.390149247178513        492.62272722370471     
  -13.243226441814102       -50.258719108967270        492.68648787259997     
  -13.093591855342737       -50.124088321933378        492.75174936465010     
  -12.941854511785436       -49.987960917860732        492.81768324603746     
  -12.789611602767961       -49.851776221785684        492.88359185906199     
  -12.621012381115857       -49.701419009718762        492.95629842535385     
  -12.434314878124475       -49.535477981071772        493.03646711847341     
  -12.227595830166059       -49.352415081188390        493.12481975448947     
  -11.998733048596586       -49.150557072683739        493.22213957746129     
  -11.745386342064512       -48.928087159389300        493.32927485238542     
  -11.464977156766443       -48.683036868091335        493.44714269879859     
  -11.154666951298736       -48.413278371540258        493.57673307181551     
  -10.811334444837200       -48.116517483394539        493.71911299464352     
  -10.431551975400225       -47.790287588286859        493.87543123218194     
  -10.011561334693670       -47.431944798523197        494.04692371549885     
  -9.5472496178334438       -47.038664649726499        494.23492019944729     
  -9.0341258506834947       -46.607440656266050        494.44085287773675     
  -8.4672994467377034       -46.135085037833655        494.66626801265249     
  -7.8414619125200886       -45.618231894594949        494.91284208525531     
  -7.1508736784138263       -45.053343043568304        495.18240456422188     
  -6.3893584915556279       -44.436716628378306        495.47697015621560     
  -5.5503084742614668       -43.764498477525613        495.79878436330876     
  -4.6267037195848317       -43.032696020547341        496.15038734901282     
  -3.6111511397794365       -42.237194400233719        496.53470249888784     
  -2.4959481468404010       -41.373774292471040        496.95515761417153     
  -1.2731775219040598       -40.438130957353735        497.41584830280493     
   6.5159653127631334E-002  -39.425894360663470        497.92175466166452     
   1.5269661459344497       -38.332651100572939        498.47902351399671     
   3.1198199065811743       -37.153970806184113        499.09532891972282     
   4.8506911547842044       -35.885443388348918        499.78032299831182     
   6.7256065825275630       -34.522740255858608        500.54618693528761     
   8.7492702586871030       -33.061724478596439        501.40828833656934     
   10.925055223198717       -31.498553533135023        502.38461972851491     
   13.256836278011086       -29.829508343855910        503.48914929244199     
   15.748199952504244       -28.051744688068176        504.73422309337036     
   18.401714971718370       -26.164049868835075        506.13276611034308     
   21.219805983447174       -24.167258370843857        507.69487355294046     
   24.208550895028417       -22.064265155514274        509.41404729311239     
   27.376025267828368       -19.860504714703140        511.27140548354532     
   30.731586955793482       -17.563928571201870        513.23617068424005     
   34.285927784908729       -15.184670798225293        515.26321887183849     
   38.051068865364456       -12.734644140730600        517.29080030293414     
   42.040361520742678       -10.227389036776604        519.23888320483786     
   46.268457835799254       -7.6782103763361889        521.00846232847789     
   50.751049411564395       -5.1043065704648161        522.48223508287356     
   55.497264180998158       -2.5255235067855599        523.55670880689502     
   60.499322112344593        3.5668895049776883E-002   524.18639082928689     
   65.732323994610766        2.5577866022794127        524.38567682351606     
   71.144488031844588        5.0236714004542593        524.27154100448149     
   76.674505841566983        7.4207680491010102        523.99202481666384     
   82.414369737035088        9.8059215781573545        523.70352587510274     
   88.133581658469154        12.106576221592629        523.59573164659628     
   93.757916576419049        14.323897186507526        523.84663533008063     
   99.226372489792965        16.462293526377280        524.57415619619519     
   104.50065431562589        18.525945333460839        525.79537134067107     
   109.56525082108286        20.514641893178577        527.43033936970835     
   114.41144168969872        22.426618565655069        529.38192884254647     
   119.03327380162297        24.259636083181960        531.55760783970902     
   123.42723894108698        26.011279204852528        533.87266283943188     
   127.59196716428551        27.679249806809629        536.25246155661193     
   131.52794891427612        29.261623294047876        538.63376249824159     
   135.23729069288405        30.757048039848776        540.96515883205814     
   138.72350309475661        32.164877938330029        543.20680189500331     
   141.99135319319228        33.485248016443819        545.32975721721073     
   145.04723773909109        34.719217970331599        547.31737066683968     
   147.89910517482036        35.868834340891382        549.16422040658301     
   150.55566677652456        36.936893690114346        550.87159275757870     
   153.02565069089027        37.926593202033636        552.44318144641954     
   155.31778255678378        38.841430890011594        553.88432347058756     
   157.44079860448647        39.685125456163362        555.20152518399993     
   159.40344129390584        40.461541196754339        556.40205705563858     
   161.21443894875867        41.174619740269172        557.49361847195405     
   162.88247262411602        41.828319742035347        558.48406932486671     
   164.41613424359952        42.426565077570508        559.38122219899640     
   165.82388011635317        42.973201599392738        560.19268741902533     
   167.11398354153516        43.471962155408256        560.92576269660526     
   168.29448954141625        43.926439306044578        561.58735930890111     
   169.37317399605496        44.340065009738517        562.18395738183801     
   170.35750869611462        44.716096456410675        562.72158373363436     
   171.25463315547597        45.057607199497120        563.20580670834431     
   172.07133346738459        45.367482753195958        563.64174339401063     
   172.81402805778825        45.648419868961163        564.03407551379109     
   173.48875988195928        45.902928772430812        564.38707106833738     
   174.10119441084959        46.133337719826940        564.70460948137224     
   174.65662264306101        46.341799314569286        564.99020855867116     
   175.15996833719021        46.530298105519343        565.24705202216853     
   175.61579866929020        46.700659064631921        565.47801673836705     
   176.02833756536612        46.854556611826226        565.68569903767207     
   176.40148102614774        46.993523917538610        565.87243973257728     
   176.73881384064558        47.118962268321226        566.04034760046648     
   177.04362716861601        47.232150328122174        566.19132121229836     
   177.31893655463207        47.334253167946088        566.32706907097952     
   177.56750001441907        47.426330970065003        566.44912808054687     
   177.79183590526927        47.509347340522595        566.55888040558125     
   177.99424035559917        47.584177186085256        566.65756880448373     
   178.17680408367005        47.651614129746669        566.74631053418000     
   178.35909267345190        47.718910532444987        566.83470650775962     
   178.53922896798258        47.785389555915557        566.92189603220993     
   178.71494025578636        47.850213507658417        567.00678745663777     
   178.88400454211734        47.912564519579220        567.08832140395032     
   179.04427908690855        47.971654969356905        567.16548370705038     
   179.19372817327698        48.026737563375299        567.23731761629551     
   179.33044971758738        48.077114945290624        567.30293515056701     
   179.45270033598248        48.122148698748276        567.36152748312577     
   179.55891849317226        48.161267619450612        567.41237427253554     
   179.64774537293820        48.193975141248359        567.45485187454665     
   179.71804317519511        48.219855806921295        567.48844032864906     
   179.76891049440633        48.238580697656985        567.51272915501306     
   179.79969453293228        48.249911742616199        567.52742192343658     
   180.21000000000041        48.400937726112183        567.72325468285351     
   180.31000000000040        48.437745908214936        567.77098321077597     
   180.41000000000039        48.474554090317689        567.81871173869843     
   180.51000000000039        48.511362272420442        567.86644026662088     
