  -14.899999999998011       -80.714345147701152        658.52023893712237     
  -14.799999999998011       -80.604007735225935        658.55840076988352     
  -14.699999999998012       -80.493670322750717        658.59656260264467     
  -14.599999999998012       -80.383332910275499        658.63472443540581     
  -14.149250109679642       -79.885987144563330        658.80673885472015     
  -14.121443888290610       -79.855306479375542        658.81735021842383     
  -14.088172019595691       -79.818609432240166        658.83003826316269     
  -14.049849074688417       -79.776360618485256        658.84463996644683     
  -14.006952938204593       -79.729094625726319        658.86096802135171     
  -13.960019007497188       -79.677409124783551        658.87881339290880     
  -13.909633667015742       -79.621957188218531        658.89794814459719     
  -13.856427109414753       -79.563438921619252        658.91812848955828     
  -13.801065583856900       -79.502592520841219        658.93909801919358     
  -13.744243160403435       -79.440184874650001        658.96059106083067     
  -13.686673107115027       -79.377001836596790        658.98233611615922     
  -13.629529872076196       -79.314332604763806        659.00388938778724     
  -13.564505720972591       -79.243075145167538        659.02837823577227     
  -13.490517123269870       -79.162064598009977        659.05619551710311     
  -13.406332607034660       -79.069981631244417        659.08778464491991     
  -13.310552881627121       -78.965332979964060        659.12364551353312     
  -13.201588393214188       -78.846429831709287        659.16434094982890     
  -13.077634016340216       -78.711363907150087        659.21050368775354     
  -12.936640574612683       -78.557981110187455        659.26284390447051     
  -12.776282859779835       -78.383852646971604        659.32215730452174     
  -12.593923776128189       -78.186243538480213        659.38933355114114     
  -12.386574291578423       -77.962078547484722        659.46536509743305     
  -12.150848866395600       -77.707905610194985        659.55135629995107     
  -11.882916077602243       -77.419856980238691        659.64853269834384     
  -11.578444239404007       -77.093608442004481        659.75825034893376     
  -11.232541954191912       -76.724337137219536        659.88200512716492     
  -10.839693737428542       -76.306678777394580        660.02144199119016     
  -10.393691171289561       -75.834685287241996        660.17836435953086     
  -9.8875604932060224       -75.301784238821568        660.35474404829620     
  -9.3134881631802013       -74.700741786448575        660.55273270722068     
  -8.6627468351241159       -74.023631184984836        660.77467648445008     
  -7.9256253488216650       -73.261809347494577        661.02313686464436     
  -7.0913679308605655       -72.405904242603597        661.30092242415662     
  -6.1481298076895889       -71.445816212475023        661.61113881969914     
  -5.0829589232227832       -70.370736479312811        661.95726787148510     
  -3.8818163748688486       -69.169186199520055        662.34329128335503     
  -2.5296513480085476       -67.829079490630562        662.77388041364225     
  -1.0105492925778157       -66.337814124744412        663.25468038663882     
  0.69202603557554754       -64.682394591302184        663.79272412451428     
   2.5948768279119134       -62.849595103195128        664.39701841767624     
   4.7145880259323043       -60.826177058223294        665.07934816419061     
   7.0669186610936094       -58.599190721653891        665.85534444294592     
   9.6661021773386970       -56.156422782815355        666.74585660553248     
   12.524506985498123       -53.486868833059219        667.77582564200827     
   15.653713227601633       -50.580842772841933        668.96326174215108     
   19.063836955766558       -47.431841118006503        670.32293253884802     
   22.764558621883072       -44.037445355027216        671.85551758652423     
   26.766186991947411       -40.399911890687591        673.53316595586250     
   31.077712401775234       -36.527417460936832        675.30428302770292     
   35.705599294051353       -32.434031325912215        677.08865478257508     
   40.652522197310923       -28.139421732348218        678.77220165835593     
   45.916455844577655       -23.669088668392497        680.20365048533540     
   51.490151804156419       -19.055148078422910        681.19483602222317     
   57.356549890378318       -14.338595400206655        681.57945777516045     
   63.481992777093481       -9.5693606369247846        681.30649933186021     
   69.813012952986270       -4.7996863640000829        680.49348908157049     
   76.281969751303976       -7.7170291868228769E-002   679.37018581536461     
   82.321261788997347        4.2130388777972065        678.28605461950417     
   88.354229259800832        8.4062825607374450        677.38538790344535     
   94.320659472542474        12.486968412203282        676.88058116263164     
   100.16621496831162        16.445437197820318        676.90006031565963     
   105.84599566026482        20.273690992317942        677.44674806640410     
   111.32480528645631        23.961617232433994        678.42000077653870     
   116.57367257167121        27.498788871598592        679.70869662366658     
   121.56956697011137        30.875382214839469        681.21002328102293     
   126.29546236072872        34.082756815538445        682.83337037211595     
   130.74014502743199        37.113967802521834        684.50260334896200     
   134.89781532498014        39.964147490364290        686.15685961525458     
   138.76753895600865        42.630723526472636        687.75013720572758     
   142.35281196752126        45.113494400444196        689.25039025768626     
   145.66215997849807        47.414691578763112        690.64005559889085     
   148.70789835856792        49.538765982178518        691.91296816384920     
   151.50429385043890        51.491956023946990        693.07011309285656     
   154.06572856381817        53.281749215587404        694.11543393720967     
   156.40653066971041        54.916554698024669        695.05480607803065     
   158.54089812697958        56.405409609764661        695.89533002968687     
   160.48281590948824        57.757716033397948        696.64476613794579     
   162.24596992872549        58.983013967236062        697.31110165929385     
   163.84366224370891        60.090792253490108        697.90223420244331     
   165.28873217179114        61.090336738945581        698.42575248237495     
   166.59348711266068        61.990613118168326        698.88879507017259     
   167.76964571945450        62.800180801029938        699.29796927015309     
   168.82829481121911        63.527133609219746        699.65931460503657     
   169.77986031377924        64.179062990953412        699.97829806365633     
   170.63409163771320        64.763039615384940        700.25983089349040     
   171.40005827992684        65.285609558353443        700.50829909178856     
   172.08615705364275        65.752801734877139        700.72760176782845     
   172.70012817226501        66.170143710804453        700.92119319295534     
   173.24907838916616        66.542683495647154        701.09212564642894     
   173.73950948237785        66.875015355811698        701.24309114788673     
   174.17735053060460        67.171308078625202        701.37646089350153     
   174.56799262279017        67.435334457168139        701.49432173419291     
   174.91632485351803        67.670501053709046        701.59850939686976     
   175.22677066386302        67.879877538455091        701.69063839291266     
   175.50332378096709        68.066225095134058        701.77212871377969     
   175.74958318326819        68.232023541114714        701.84422950670694     
   175.96878666907008        68.379496932987664        701.90803997301850     
   176.16384273349161        68.510637524121620        701.96452775169087     
   176.33736056379553        68.627228013545874        702.01454505183847     
   176.49167804761220        68.730862079869780        702.05884278701660     
   176.62888775504126        68.822963233505718        702.09808294672621     
   176.75086090656751        68.904802048306863        702.13284941972256     
   176.85926937665420        68.977511852431803        702.16365746188308     
   176.96785860584868        69.050327181079240        702.19445324223125     
   177.07510659440513        69.122237965605507        702.22482904977869     
   177.17966324015714        69.192339229816255        702.25440474990569     
   177.28021145087376        69.259748373481671        702.28281139567935     
   177.37548380956150        69.323616326886764        702.30969573930201     
   177.46427866669313        69.383138296493527        702.33472446531528     
   177.54547546181578        69.437563960534277        702.35758807728132     
   177.61804899821826        69.486206996997510        702.37800455275215     
   177.68108252470989        69.528453811221866        702.39572264574804     
   177.73377945841659        69.563771347056843        702.41052479153791     
   177.77547359299155        69.591713878471694        702.42222958702484     
   177.80563765509572        69.611928691836212        702.43069382698945     
   177.82389009254618        69.624160583786008        702.43581408322007     
   178.23000000000002        69.896315605338629        702.54973786954167     
   178.33000000000001        69.963330720349958        702.57779032141013     
   178.43000000000001        70.030345835361288        702.60584277327860     
   178.53000000000000        70.097360950372618        702.63389522514706     
