  -13.399999999999999       -28.785548778764593        359.19931780874862     
  -13.299999999999999       -28.700365416045251        359.25327481375109     
  -13.199999999999999       -28.615182053325910        359.30723181875356     
  -13.100000000000000       -28.529998690606568        359.36118882375604     
  -12.475896570433701       -27.998366402455268        359.69793634246770     
  -12.352968699251852       -27.893652308063270        359.76426454007071     
  -12.205742641703260       -27.768697319435223        359.84350806044574     
  -12.035982264179449       -27.625232802230116        359.93461266310885     
  -11.845730724963797       -27.465229515442324        360.03637217502018     
  -11.637289737436893       -27.290863842888740        360.14744723249794     
  -11.413195415145287       -27.104481721156127        360.26638546029722     
  -11.176190759851529       -26.908561203938778        360.39164267776562     
  -10.929194925218447       -26.705674557265567        360.52160473983054     
  -10.675269468829633       -26.498450699179045        360.65460964734302     
  -10.417581949296473       -26.289538696391041        360.78896970253084     
  -10.159220622809535       -26.081454960443121        360.92307012827109     
  -9.8778215355723304       -25.856355234936270        361.06844658781779     
  -9.5713771470091960       -25.613011615828604        361.22597239848659     
  -9.2377160573663701       -25.350134779233208        361.39657741448116     
  -8.8744924071797850       -25.066375269244460        361.58125047362887     
  -8.4791753419025646       -24.760325541463175        361.78104200097238     
  -8.0490387946814224       -24.430522798758645        361.99706688417041     
  -7.5811519196977333       -24.075452623792305        362.23050779035032     
  -7.0723706060584570       -23.693553368399449        362.48261916595300     
  -6.5193306206356691       -23.283221201330409        362.75473225373162     
  -5.9184430699318220       -22.842815642043981        363.04826157805053     
  -5.2658930376971993       -22.370665319569738        363.36471349422754     
  -4.5576424469191714       -21.865073594688109        363.70569757226019     
  -3.7894384097719964       -21.324323577548494        364.07294179040485     
  -2.9568285611410161       -20.746681974232555        364.46831274729647     
  -2.0551851085967101       -20.130401126796929        364.89384235557554     
  -1.0797395540939441       -19.473718607730962        365.35176274191940     
  -2.5630218669565608E-002  -18.774853846970867        365.84455132613368     
   1.1120352158109204       -18.032001591342283        366.37498825363321     
   2.3381000108872927       -17.243322646894249        366.94622846818686     
   3.6572597135728362       -16.406933517330895        367.56189068197148     
   5.0739434325137234       -15.520898497572675        368.22616526824117     
   6.5921751897822407       -14.583230916739250        368.94394261164894     
   8.2154174988329860       -13.591915176661701        369.72096266560936     
   9.9464449082059385       -12.544964526120349        370.56390874739265     
   11.787908164955660       -11.440481614505673        371.47927022115266     
   13.742373555382406       -10.276902537341881        372.47319085313251     
   15.811794241943574       -9.0533901752232744        373.55238326292431     
   17.997394349195098       -7.7702056917125271        374.72430954667948     
   20.299791641998244       -6.4290628457719450        375.99692270124945     
   22.720604988884368       -5.0334317731591689        377.37567825189319     
   25.261943274767091       -3.5886712132959655        378.86428239000509     
   27.925763975268339       -2.1019311273639465        380.46556196226197     
   30.713811021038964      -0.58187313450705713        382.18117964451369     
   33.627542471141034       0.96174894761765772        384.01128376213342     
   36.668053003357677        2.5185947019841075        385.95411619762649     
   39.836018065783279        4.0781686910554908        388.00561917456196     
   43.131678315289136        5.6300243171159785        390.15913466788629     
   46.554820264119392        7.1639205404008166        392.40519886547600     
   50.104735630140283        8.6699981356367068        394.73142828602136     
   53.779968110487317        10.138957720061361        397.12287999707780     
   57.576901953546567        11.562227238662128        399.56469996879787     
   61.489688271341940        12.932244520492135        402.04239797186710     
   65.508774131130863        14.242855713744687        404.54479425171769     
   69.622483087301731        15.489216147168046        407.06131103930210     
   73.817780408097661        16.667706952190919        409.58095100278047     
   78.539704891691372        17.890158805619556        412.36019203059652     
   83.322788026782547        19.024500290706293        415.11403699185041     
   88.144509501272097        20.070336316657631        417.82740916197832     
   92.981601625479101        21.028718918788268        420.48601289877377     
   97.809578321293259        21.902015691353430        423.07806646082372     
   102.59583253549216        22.694255335307616        425.60587868441218     
   107.30120758436023        23.411246800644506        428.08432246437695     
   111.88963238649106        24.059389027291253        430.52685571171548     
   116.32985106492910        24.645233193919637        432.94353723855249     
   120.59587465177941        25.175224133092613        435.34084705282714     
   124.66715741450862        25.655501139773097        437.72176536712141     
   128.52852670319066        26.091757610939421        440.08606644110955     
   132.16990799946819        26.489154174946485        442.43077241496769     
   135.58589369203298        26.852276822672046        444.75070870687665     
   138.77520499023211        27.185132575488424        447.03910465748072     
   141.74009373212135        27.491174151810355        449.28819047636455     
   144.48756309808999        27.773188512920456        451.48688325303993     
   147.03516788835682        28.032702198362909        453.61128398285121     
   149.40130743557114        28.270886882395494        455.63934328527267     
   151.60145479645124        28.488987463328854        457.55625640591205     
   153.64868289329112        28.688290967310593        459.35316837388996     
   155.55414853571324        28.870096715050948        461.02596842407718     
   157.32750709378641        29.035691190241081        462.57422527130814     
   158.97725583472038        29.186327954256861        464.00027240437765     
   160.51100920556587        29.323212431516900        465.30844167091544     
   161.93571266589350        29.447491088284558        466.50443602501105     
   163.25780343003149        29.560244382775743        467.59482781918337     
   164.48332706082255        29.662482824637074        468.58666680315480     
   165.61801862453399        29.755145507456284        469.48718143800329     
   166.66735637064025        29.839100540087166        470.30355771788538     
   167.63659487664563        29.915146881390310        471.04278098303769     
   168.53078346997825        29.984017165689295        471.71152787759524     
   169.35477462439152        30.046381185110423        472.31609741538279     
   170.11322600084191        30.102849765875675        472.86237190446121     
   170.81059890217162        30.153978836767571        473.35580014584792     
   171.45115515255975        30.200273539086094        473.80139680809134     
   172.03895379587792        30.242192269031612        474.20375316431205     
   172.57784852116339        30.280150576580986        474.56705546062619     
   173.07148635251269        30.314524870768153        474.89510807669888     
   173.52330786690516        30.345655901025328        475.19135936004488     
   173.93654900899094        30.373851999017095        475.45892858831365     
   174.31424444027277        30.399392076190868        475.70063296124590     
   174.65923227694373        30.422528379934697        475.91901386809354     
   174.97416002371489        30.443489016479024        476.11636193667039     
   175.26149149031696        30.462480252088866        476.29474056383884     
   175.52351447501928        30.479688606131727        476.45600776852962     
   175.78560823880849        30.496805315015223        476.61607694466704     
   176.04510057294675        30.513665783796426        476.77342622653327     
   176.29869516522041        30.530060086827291        476.92610709467289     
   176.54314475003534        30.545785614669157        477.07225594254936     
   176.77529458727562        30.560649452687937        477.21011511263185     
   176.99212602174674        30.574470569331140        477.33805122324640     
   177.19079939809833        30.587081797937728        477.45457071732744     
   177.36869554563128        30.598331601885924        477.55833268376750     
   177.52345500883956        30.608085618236316        477.64815910908681     
   177.65301418798103        30.616227979517362        477.72304280395360     
   177.75563757309811        30.622662416742592        477.78215330937337     
   177.82994530669387        30.627313149026442        477.82484111690690     
   177.87493539467263        30.630125566247244        477.85064053429727     
   178.29000000000616        30.656072055712581        478.08865796164764     
   178.39000000000615        30.662323248691198        478.14600263143927     
   178.49000000000615        30.668574441669815        478.20334730123091     
   178.59000000000614        30.674825634648432        478.26069197102254     
