  -4.1699999998694226       -130.40627958114700        943.57708469957856     
  -4.0699999998694221       -130.24513647572718        943.60707150644714     
  -3.9699999998694224       -130.08399337030735        943.63705831331572     
  -3.8699999998694223       -129.92285026488753        943.66704512018430     
  -3.4618458789845041       -129.26513803959460        943.78943750814017     
  -3.4573794329161247       -129.25794066969812        943.79077685269658     
  -3.4520362423788131       -129.24933047179613        943.79237910075722     
  -3.4458835033794384       -129.23941572036449        943.79422410304801     
  -3.4389985926205435       -129.22832109530700        943.79628865810105     
  -3.4314680943051554       -129.21618611420394        943.79854680385790     
  -3.4233867111546301       -129.20316337796808        943.80097014399553     
  -3.4148560733412916       -129.18941665196115        943.80352820487644     
  -3.4059834603200434       -129.17511880669255        943.80618881864098     
  -3.3968804516385904       -129.16044964399194        943.80891852763000     
  -3.3876615236962557       -129.14559363598411        943.81168300505522     
  -3.3790208481525319       -129.13166942166828        943.81427408975185     
  -3.3687100777269441       -129.11505384229457        943.81736599699718     
  -3.3564067112396212       -129.09522716391098        943.82105544221247     
  -3.3417260983564012       -129.07156948562744        943.82545778093458     
  -3.3242095166000296       -129.04334151939671        943.83071058560301     
  -3.3033099837609665       -129.00966171770204        943.83697790190138     
  -3.2783753852225948       -128.96947907046376        943.84445531080610     
  -3.2486284217441455       -128.92154077287535        943.85337594460498     
  -3.2131427980228233       -128.86435382802227        943.86401763052072     
  -3.1708149749755221       -128.79613949053157        943.87671136443259     
  -3.1203306985391488       -128.71477927917090        943.89185134950867     
  -3.0601253948887868       -128.61775108727136        943.90990687014983     
  -2.9883373868735181       -128.50205370130951        943.93143630686745     
  -2.9027527413692673       -128.36411780385566        943.95710362920283     
  -2.8007404108489031       -128.19970129937099        943.98769775798326     
  -2.6791761837170283       -128.00376656479654        944.02415519428610     
  -2.5343538280352740       -127.77033702211764        944.06758632481740     
  -2.3618817170431603       -127.49233028684054        944.11930578818965     
  -2.1565631899006177       -127.16136511482098        944.18086720095152     
  -1.9122589663048239       -126.76753952305265        944.25410236140783     
  -1.6217301515488580       -126.29917790030348        944.34116471333732     
  -1.2764608086643343       -125.74254579279909        944.44457626983422     
 -0.86645982478229433       -125.08153254038564        944.56727623198276     
 -0.38004296647660091       -124.29730430268452        944.71266798188867     
  0.19640227607493788       -123.36793357623392        944.88465868227479     
  0.87866409261885925       -122.26801646135785        945.08768194196000     
   1.6849579217877506       -120.96829615964566        945.32668830725868     
   2.6361702014703656       -119.43532098140436        945.60707991907350     
   3.7560777413269673       -117.63117801582044        945.93455355534093     
   5.0715212547856563       -115.51335994558102        946.31479938827511     
   6.6125070655722702       -113.03484236660248        946.75298021686376     
   8.4122080881654977       -110.14447196395355        947.25288745798537     
   10.506835783937349       -106.78779070591202        947.81563713126184     
   12.935332810941826       -102.90845258719517        948.43780138047941     
   15.738278259604481       -98.450544282880458        949.11015459728958     
   18.956368197618790       -93.361857488616124        949.81608472387893     
   22.628083279087939       -87.598323432942749        950.53058059181910     
   26.787640143131046       -81.129176068669565        951.21693392754560     
   31.461371690260478       -73.942247440191679        951.82359823073068     
   36.661688142758038       -66.048390568356453        952.28201817404442     
   42.379369763298804       -57.484503364948907        952.50589345718811     
   48.576170243918511       -48.315257122660555        952.39303439701530     
   55.181389775000099       -38.634238023191678        951.83268147821764     
   62.104938566399895       -28.565275421847648        950.76338501672490     
   69.260004570284110       -18.258327185276030        949.25319669731175     
   76.560793888626193       -7.8769544643102112        947.45934810570463     
   83.013373092882986        1.1544992594662169        945.80920292596966     
   89.457098868797473        10.009179399885468        944.23605158077635     
   95.839389011341254        18.591104475253250        942.87424770971882     
   102.10241816222153        26.818423839181435        941.79894195523866     
   108.17796289504209        34.623359547139721        940.98991162012567     
   114.00010151410223        41.953384107697190        940.39350726375028     
   119.51320568245607        48.772722882808388        939.95890379062507     
   124.67373179479971        55.061985445253171        939.64146945532775     
   129.45142768473846        60.816456776376597        939.40439316078016     
   133.82977529099401        66.043571530996545        939.21923534341215     
   137.80513965547496        70.760359468562058        939.06552817142392     
   141.38491538322614        74.991094806952489        938.92969221437329     
   144.58551203020659        78.765255069859791        938.80439105603682     
   147.43011198654958        82.115738936197744        938.68751098839016     
   149.94571091666629        85.077176624656403        938.57918306444674     
   152.16071916108794        87.684530531448033        938.47956915472582     
   154.10371161223713        89.972123488061271        938.38866914311996     
   155.80254149013325        91.972928993722689        938.30632396774649     
   157.28371183506229        93.718077218010123        938.23223290837120     
   158.57197189073193        95.236536437555770        938.16598024511313     
   159.69009491537201        96.554935628537095        938.10706617613846     
   160.65879065421544        97.697500303916229        938.05493735449670     
   161.49671355342946        98.686075196622269        938.00901413179986     
   162.22053597296997        99.540210065848314        937.96871307484503     
   162.84506285535699        100.27728844188263        937.93346436920274     
   163.38337032805214        100.91268290180818        937.90272438045281     
   163.84695556604871        101.45992407628822        937.87598399558101     
   164.24588903144880        101.93087379708967        937.85277350592878     
   164.58896309463262        102.33589550647771        937.83266479744213     
   164.88383319162659        102.68401724850328        937.81527154297748     
   165.13714923820453        102.98308428331833        937.80024798603131     
   165.35467613692518        103.23989966860918        937.78728679149594     
   165.54140298922943        103.46035210564838        937.77611633181607     
   165.70164114859764        103.64953101934091        937.76649768355639     
   165.83911159027281        103.81182929398392        937.75822153234401     
   165.95702227943264        103.95103437261241        937.75110512303968     
   166.05813633133008        104.07040859167113        937.74498934510439     
   166.14483180237733        104.17275969923287        937.73973600811485     
   166.21915395153025        104.26050252098840        937.73522533698042     
   166.28286078212230        104.33571271401249        937.73135369846523     
   166.33746262674515        104.40017349875477        937.72803155838108     
   166.38425647990010        104.45541619551456        937.72518166081227     
   166.42435572061245        104.50275532035778        937.72273741582069     
   166.45871580384693        104.54331892215524        937.72064147937613     
   166.48815643785724        104.57807477057631        937.71884450821494     
   166.51338070662456        104.60785293651946        937.71730407185737     
   166.53875421975664        104.63780737163368        937.71575395939124     
   166.56380859699834        104.66738530005512        937.71422298845459     
   166.58822876736235        104.69621475121232        937.71273043265467     
   166.61170763723618        104.72393316065254        937.71129509439959     
   166.63394995202657        104.75019193039323        937.70993506682339     
   166.65467600883676        104.77466081390629        937.70866750412324     
   166.67362517350736        104.79703207053241        937.70750840330697     
   166.69055915781604        104.81702433701061        937.70647240021140     
   166.70526501564774        104.83438616736134        937.70557258249960     
   166.71755782048010        104.84889919652986        937.70482032212897     
   166.72728299053824        104.86038088792860        937.70422512953974     
   166.73431823239639        104.86868683025604        937.70379453153839     
   166.73857507860248        104.87371255464531        937.70353397453755     
   167.14000000000001        105.34764346975383        937.67896318468070     
   167.24000000000001        105.46570562530177        937.67284229169491     
   167.34000000000000        105.58376778084970        937.66672139870911     
   167.44000000000000        105.70182993639763        937.66060050572332     
