 -0.20000000000134299       -139.18700313952405        991.34650869537654     
 -0.10000000000134290       -139.00890557986904        991.37574281093930     
  -1.3429257705865894E-012  -138.83080802021402        991.40497692650206     
   9.9999999998657052E-002  -138.65271046055901        991.43421104206482     
  0.50645492595460595       -137.92882415633386        991.55303454482919     
  0.50999063460343574       -137.92252714551378        991.55406817798155     
  0.51422039010724663       -137.91499404833235        991.55530470032556     
  0.51909100026381183       -137.90631959611034        991.55672855921102     
  0.52454121371338880       -137.89661287335531        991.55832184646272     
  0.53050249024606622       -137.88599594603193        991.56006452358383     
  0.53689986276961621       -137.87460232658276        991.56193467375090     
  0.54365288009604262       -137.86257529499923        991.56390877743718     
  0.55067661868953299       -137.85006609705377        991.56596200819251     
  0.55788275065056925       -137.83723204234650        991.56806854486354     
  0.56518065450555077       -137.82423452608367        991.57020189631794     
  0.57242527514453867       -137.81133189039721        991.57231965980304     
  0.58109956770906712       -137.79588299422545        991.57485533280328     
  0.59148544300256733       -137.77738574243256        991.57789131487766     
  0.60392030336369074       -137.75523920328084        991.58152622248565     
  0.61880792352979219       -137.72872422681735        991.58587806749949     
  0.63663144678123595       -137.69698029475720        991.59108805289475     
  0.65796889967238736       -137.65897788309857        991.59732510283220     
  0.68351170210461321       -137.61348548771542        991.60479126540827     
  0.71408673481015583       -137.55903031099629        991.61372815060622     
  0.75068262471791336       -137.49385143205703        991.62442459363604     
  0.79448102116732122       -137.41584408234755        991.63722576492205     
  0.84689376308380848       -137.32249342163945        991.65254398218519     
  0.90960697879110375       -137.21079595690136        991.67087151653141     
  0.98463331491026029       -137.07716647024176        991.69279571359255     
   1.0743736548210301       -136.91732802990657        991.71901677901110     
   1.1816898527168918       -136.72618236630794        991.75036862609454     
   1.3099901693328664       -136.49765761086547        991.78784314752932     
   1.4633292280309795       -136.22453016706766        991.83261824523640     
   1.6465243917903409       -135.89821735142652        991.88608983836377     
   1.8652904542751125       -135.50853748246976        991.94990783582284     
   2.1263943881013834       -135.04343441438982        992.02601563055214     
   2.4378315276296569       -134.48866425679472        992.11669192565921     
   2.8090238852782905       -133.82744339675409        992.22459244864444     
   3.2510401862195826       -133.04005921622314        992.35278705823703     
   3.7768355071186912       -132.10344843067344        992.50478445921442     
   4.4015059521133741       -130.99075320765843        992.68453156322892     
   5.1425504251431171       -129.67087269183739        992.89636653313528     
   6.0201271311266993       -128.10803787349948        993.14489243411026     
   7.0572869316253017       -126.26145152592562        993.43472050708306     
   8.2801592726894491       -124.08505277706006        993.77000638233858     
   9.7180596303300941       -121.52748813929529        994.15366705494671     
   11.403481379135432       -118.53239743588973        994.58611984579829     
   13.371904929614997       -115.03918391237903        995.06359055985274     
   15.661178768299571       -110.98466171797803        995.57775751236261     
   18.310664204662267       -106.30546904656950        996.11426180399064     
   21.359783189008077       -100.94179066165037        996.65333995011736     
   24.846529401939684       -94.841954607833543        997.16734757693530     
   28.805486192709083       -87.968264507484093        997.61892609676238     
   33.264512704063620       -80.303283237404983        997.96028110993643     
   38.239214486344736       -71.855328550227682        998.13369704410115     
   43.725518880342413       -62.662390736764344        998.07398033144159     
   49.692234658260716       -52.794253226195593        997.71324820226505     
   56.077460700127602       -42.353268296719335        996.98962976333064     
   62.799135446519898       -31.474073099968749        995.88301316913658     
   69.770131717395017       -20.318400157300573        994.44991699894263     
   76.897820035945799       -9.0644818486200354        992.79917425467545     
   83.417378583569715        1.0711591102750062        991.22926726022638     
   89.920708884733813        11.003453572177042        989.70391650191959     
   96.343515859458250        20.611144216701440        988.32639829653090     
   102.61831619739706        29.790247671262122        987.14934320261568     
   108.67173356704023        38.455980273977943        986.15175061297759     
   114.43617983998828        46.545059510054820        985.29348291925430     
   119.85607659575120        54.016985896047004        984.53973780353806     
   124.88972651605501        60.852922562306787        983.86289705415902     
   129.51061796817126        67.052813082758377        983.24294052351490     
   133.70748366517341        72.631739853397335        982.66685541089316     
   137.48278141427986        77.616357900376727        982.12734581638279     
   140.85018246777506        82.041623055479533        981.62122230418561     
   143.83182123014262        85.948031696394935        981.14923679720630     
   146.45565992806095        89.379363339866046        980.71649504906236     
   148.75274104688626        92.380435508747141        980.32822276420063     
   150.75490443039462        94.995201872031657        979.98571296291539     
   152.49344131417095        97.265684314173214        979.68725629912967     
   153.99820912684254        99.231319115850454        979.42948507490996     
   155.29706526807007        100.92856024535607        979.20827049970683     
   156.41555722389970        102.39067994013425        979.01928892571709     
   157.37680025272266        103.64772182105135        978.85835598836820     
   158.20148560661849        104.72656741640969        978.72160558142605     
   158.90797503650592        105.65108241346863        978.60556974372594     
   159.51244842539418        106.44231479273950        978.50719836663097     
   160.02908048582117        107.11872272751006        978.42384462522409     
   160.47022960750468        107.69641537563541        978.35323272791413     
   160.84662738570182        108.18939423685512        978.29341819876299     
   161.16756139432846        108.60978651454504        978.24274668741145     
   161.44104668262256        108.96806491842599        978.19981460079418     
   161.67398353052653        109.27325064433927        978.16343317840108     
   161.87230041317449        109.53309796739154        978.13259663543226     
   162.04108207109556        109.75426009292647        978.10645443168210     
   162.18468319157833        109.94243672927296        978.08428742495198     
   162.30682857618621        110.10250436917144        978.06548752966273     
   162.41070087170897        110.23863057072967        978.04954045635759     
   162.49901702937055        110.35437367615764        978.03601111383159     
   162.57409466785481        110.45276944587805        978.02453128727905     
   162.63790947697049        110.53640605345906        978.01478924821231     
   162.69214472995020        110.60748880996979        978.00652099666513     
   162.73823388709005        110.66789588399608        977.99950287894831     
   162.77739718100980        110.71922616901018        977.99354536296528     
   162.81067298051042        110.76284033207769        977.98848778708339     
   162.83894463980738        110.79989596286352        977.98419392780670     
   162.86296345523894        110.83137763306986        977.98054825559939     
   162.88336827380166        110.85812257624067        977.97745277135164     
   162.90070222744049        110.88084260664075        977.97482433355640     
   162.91741831393500        110.90275276835158        977.97228945533550     
   162.93392417625915        110.92438724802342        977.96978516536456     
   162.95001224411337        110.94547398742651        977.96734302504149     
   162.96548020155888        110.96574782175185        977.96499385976085     
   162.98013353121092        110.98495381355157        977.96276736553739     
   162.99378796034549        111.00285045782782        977.96069172778220     
   163.00627177816187        111.01921271800933        977.95879325743556     
   163.01742799506496        111.03383485469415        977.95709604951185     
   163.02711631681646        111.04653301164738        977.95562166890250     
   163.03521490873459        111.05714752660123        977.95438886796296     
   163.04162192775917        111.06554493786479        977.95341334001535     
   163.04625680312051        111.07161966157162        977.95270751241083     
   163.04906124950747        111.07529531853152        977.95228038224514     
   163.44999999999936        111.60078702184627        977.89121555471786     
   163.54999999999936        111.73185235356341        977.87598509184738     
   163.64999999999935        111.86291768528055        977.86075462897691     
   163.74999999999935        111.99398301699769        977.84552416610643     
