  -14.339999999951829       -90.170551842736742        692.28259007712086     
  -14.239999999951829       -90.163401921212852        692.30653164757314     
  -14.139999999951829       -90.156251999688962        692.33047321802542     
  -14.039999999951830       -90.149102078165072        692.35441478847770     
  -13.565558589270506       -90.115179889624528        692.46800351307058     
  -13.524779297130500       -90.112264202238521        692.47776671602821     
  -13.475991707133863       -90.108774492209704        692.48943482027130     
  -13.419807593025785       -90.104753777623358        692.50285516805161     
  -13.356931665797646       -90.100251708783674        692.51785280214813     
  -13.288152807449203       -90.095323990153830        692.53423299462554     
  -13.214334244272106       -90.090031725987402        692.55178401609726     
  -13.136402778218690       -90.084440695535477        692.57028009329838     
  -13.055337207273832       -90.078620564742778        692.58948450236801     
  -12.972156076694430       -90.072644042398693        692.60915274631338     
  -12.887904912332274       -90.066585989759901        692.62903576748840     
  -12.803289748208009       -90.060497056940378        692.64896629812506     
  -12.706448844950149       -90.053522570625276        692.67172973862580     
  -12.595623534386494       -90.045533353829242        692.69771972014155     
  -12.468804629903271       -90.036381275484487        692.72738195701527     
  -12.323697530780727       -90.025896439318018        692.76122041981171     
  -12.157682724263847       -90.013883948661118        692.79980406103095     
  -11.967771166095353       -90.000120182029406        692.84377410930028     
  -11.750553993584878       -89.984348504394958        692.89385195024477     
  -11.502146011048595       -89.966274327871787        692.95084762440547     
  -11.218122392965295       -89.945559423041431        693.01566900301066     
  -10.893448085750590       -89.921815368443163        693.08933176483890     
  -10.522399468967070       -89.894596011075535        693.17297041331244     
  -10.098477980787363       -89.863388795564987        693.26785077536420     
  -9.6143156475862810       -89.827604804709082        693.37538476219856     
  -9.0615728201945540       -89.786567340540216        693.49714872023412     
  -8.4308289586517571       -89.739498864439355        693.63490756459805     
  -7.7114680882900286       -89.685506109048532        693.79064821841496     
  -6.8915616577081993       -89.623563175631048        693.96662788760659     
  -5.9577530727871952       -89.552492438912665        694.16544566375160     
  -4.8951502970138181       -89.470943094896029        694.39015023004549     
  -3.6872357623802090       -89.377367195632871        694.64440249347774     
  -2.3158066173913947       -89.269992992384857        694.93272028451429     
 -0.76096325153588940       -89.146795297520640        695.26084334573147     
  0.99882973594613789       -89.005462259899588        695.63627099703672     
   2.9865782979636979       -88.843357207732510        696.06904197959830     
   5.2264485727288799       -88.657472645377950        696.57284493562565     
   7.7432604763392572       -88.444370391897635        697.16656588563978     
   10.561724140175382       -88.200096024384962        697.87639003676770     
   13.705352202284066       -87.920041192417358        698.73853794909951     
   17.195939085063145       -87.597374725941194        699.79226780142449     
   21.054944008745260       -87.218194821452286        701.04786893220762     
   25.301057002087500       -86.761022922320763        702.49066341596927     
   29.947817340670177       -86.195081477312470        704.07833306695716     
   35.001251129563400       -85.477361415178464        705.73135931229990     
   40.457249919638485       -84.549949822090596        707.32432628261245     
   46.299725904999235       -83.339465422444960        708.68075875999750     
   52.500477285853684       -81.760350230559297        709.57425110832651     
   59.019110968182446       -79.727551368916366        709.77729250263815     
   65.794380051042538       -77.194236033804856        709.31842733710278     
   72.751750594709549       -74.151031033479143        708.43935101192653     
   79.815585586163181       -70.612050396934919        707.43940303079523     
   86.912324191475676       -66.610476533022393        706.64240055194398     
   93.971927514139736       -62.192464318459571        706.36965066306914     
   100.93034789792092       -57.402425928461014        706.83043735773799     
   107.73101908375793       -52.271527766559970        708.00247228939554     
   114.31993405906945       -46.826555287516705        709.72138572522931     
   120.07890660747471       -41.626579752913258        711.60911803468139     
   125.56959879993038       -36.209814068687614        713.67294094821148     
   130.74703594308835       -30.597125754724033        715.79430295641998     
   135.57203893322011       -24.814223005882361        717.87112174728065     
   140.01563989510345       -18.894665733872635        719.82324220160081     
   144.06394461532506       -12.881432358474054        721.59970167217443     
   147.71709111751056       -6.8263039655907409        723.17348159275298     
   150.98737057189942      -0.78785065649406594        724.53570851162158     
   153.89793424873548        5.1716201558699959        725.69280957659498     
   156.47893196385064        10.989812487742501        726.65945562125694     
   158.76436695791597        16.608842809122663        727.45530564412570     
   160.78883964787241        21.979332262780503        728.10227953786523     
   162.58520290782894        27.062757458924985        728.62248440975441     
   164.18318692742366        31.832168140801151        729.03682476179938     
   165.60878501066139        36.271719528532785        729.36418026069441     
   166.88418088050696        40.375448177669533        729.62101826031403     
   168.02801824512494        44.145652280912131        729.82131473524078     
   169.05585105886590        47.591150198429943        729.97667522728705     
   169.98065646735640        50.725604255278455        730.09656998632920     
   170.81333338940772        53.566022019240322        730.18862030176160     
   171.56314335821327        56.131489257075359        730.25889337463468     
   172.23807672274046        58.442145833355745        730.31218037350436     
   172.84515024737186        60.518381962552283        730.35224756264313     
   173.39063363686589        62.380240107380317        730.38205087756091     
   173.88020463335803        64.047004321356425        730.40390877311722     
   174.31905132481145        65.536936466549079        730.41963903098690     
   174.71193884447638        66.867122213180807        730.43066630804287     
   175.06325317138817        68.053397119808238        730.43810636951412     
   175.37703102906005        69.110329616740174        730.44283197937887     
   175.65698196713998        70.051243193177655        730.44552447798037     
   175.90650652833642        70.888264531853793        730.44671424040530     
   176.12871283555569        71.632387844099966        730.44681250668555     
   176.32643285665728        72.293548370173099        730.44613650649251     
   176.50223889966867        72.880700066832034        730.44492935335313     
   176.65846045853738        73.401894038856483        730.44337584032178     
   176.79720123314814        73.864355409779719        730.44161512544053     
   176.92035623423004        74.274557100512467        730.43975068346538     
   177.02962872660041        74.638289591251805        730.43785802141315     
   177.12654654712350        74.960726201138186        730.43599103820543     
   177.21247773597284        75.246483627930644        730.43418706922125     
   177.28864534287365        75.499677710153634        730.43247085893631     
   177.35614130859278        75.723974506939015        730.43085767700677     
   177.41593936654459        75.922636876167772        730.42935575097886     
   177.46890694583243        76.098566785210139        730.42796815516658     
   177.51581608522974        76.254343619841976        730.42669426815223     
   177.55735338826750        76.392258772306747        730.42553088942771     
   177.59918156359299        76.531176415410371        730.42435455653447     
   177.64045841913347        76.668356356153780        730.42321710610963     
   177.68066609009912        76.802073164493436        730.42213141154491     
   177.71930105109107        76.930644606960925        730.42110891553602     
   177.75588035368398        77.052452825092104        730.42015959767753     
   177.78994756415904        77.165964724223684        730.41929198630191     
   177.82107833244478        77.269751314849472        730.41851320806359     
   177.84888552996557        77.362505760495452        730.41782906816024     
   177.87302390123904        77.443059901043185        730.41724415374222     
   177.89319418148082        77.510399038546723        730.41676195287687     
   177.90914663995949        77.563674793723550        730.41638498137843     
   177.92068401622618        77.602215865277884        730.41611490985747     
   177.92766382346485        77.625536550761893        730.41595268349420     
   178.33000000000001        78.969807977029987        730.40660148904135     
   178.43000000000001        79.303924445960178        730.40427726492271     
   178.53000000000000        79.638040914890368        730.40195304080407     
   178.63000000000000        79.972157383820559        730.39962881668544     
