   3.9699999999993478       -139.95586840597443        1042.3348509741718     
   4.0699999999993484       -139.75883418844347        1042.3584475938389     
   4.1699999999993480       -139.56179997091252        1042.3820442135061     
   4.2699999999993477       -139.36476575338156        1042.4056408331733     
   4.6749428653766634       -138.56688974713796        1042.5011936609853     
   4.6776504088325241       -138.56155496007540        1042.5018325497169     
   4.6808894998564359       -138.55517301017059        1042.5025968165814     
   4.6846194388046918       -138.54782417380954        1042.5034768340229     
   4.6887933551129946       -138.53960088758490        1042.5044615181359     
   4.6933587949313162       -138.53060658480516        1042.5055384688649     
   4.6982583789734722       -138.52095439371649        1042.5066941267571     
   4.7034305223996462       -138.51076571385858        1042.5079139442655     
   4.7088102077628839       -138.50016868850889        1042.5091825694008     
   4.7143298013760537       -138.48929659246849        1042.5104840393856     
   4.7199199028964482       -138.47828615550088        1042.5118019818526     
   4.7257534265917318       -138.46679684635123        1042.5131771507104     
   4.7327622049507436       -138.45299361858903        1042.5148291478276     
   4.7411829237192871       -138.43641081623278        1042.5168136259190     
   4.7512998960091304       -138.41648923431575        1042.5191973929018     
   4.7634546287754116       -138.39255739613907        1042.5220606330763     
   4.7780573030451752       -138.36380911482189        1042.5254995638934     
   4.7956005472368286       -138.32927661566845        1042.5296296106776     
   4.8166759565131461       -138.28779836119881        1042.5345891958148     
   4.8419938982531976       -138.23798056373556        1042.5405442547953     
   4.8724072465567012       -138.17815118881074        1042.5476936089481     
   4.9089398094985990       -138.10630504436295        1042.5562753432578     
   4.9528203539830233       -138.02003831460934        1042.5665743564775     
   5.0055232967323118       -137.91647063398682        1042.5789312681909     
   5.0688173179093283       -137.79215250852286        1042.5937528803158     
   5.1448233657182705       -137.64295558439704        1042.6115243798106     
   5.2360837583223301       -137.46394295453157        1042.6328234679468     
   5.3456443465636303       -137.24921640118546        1042.6583365648980     
   5.4771519643306030       -136.99173722501072        1042.6888771087006     
   5.6349696512589107       -136.68311717179552        1042.7254057972348     
   5.8243123459407080       -136.31337600335999        1042.7690522882899     
   6.0514058631601557       -135.87066257815258        1042.8211373130566     
   6.3236718949526232       -135.34093705497514        1042.8831932317294     
   6.6499413684619366       -134.70761320210579        1042.9569795473267     
   7.0406975298328733       -133.95116202797217        1043.0444874506422     
   7.5083482623710136       -133.04868134331659        1043.1479235562474     
   8.0675238846617159       -131.97344075161453        1043.2696567743874     
   8.7353912883820151       -130.69441828650309        1043.4121024881943     
   9.5319667835086186       -129.17585377489991        1043.5775030292618     
   10.480397188346050       -127.37685520787832        1043.7675403148287     
   11.607160215138117       -125.25110802871517        1043.9826821983534     
   12.942115021701397       -122.74676018105214        1044.2211728915781     
   14.518397670173105       -119.80670360030730        1044.4786383595699     
   16.371958894008294       -116.36924407057585        1044.7472312008242     
   18.540733386965414       -112.36945814913270        1045.0156617710716     
   21.063279362505479       -107.74131005889444        1045.2693143490890     
   23.976830480501707       -102.42064252697453        1045.4892829242383     
   27.315370718725802       -96.349687182313488        1045.6527894538372     
   31.108571671410623       -89.483521550538484        1045.7343437533734     
   35.381543754154848       -81.798134802526164        1045.7078641360531     
   40.153464757644116       -73.298244888019198        1045.5504075810111     
   45.433079850177393       -64.022552912629450        1045.2481521853042     
   51.211653665314920       -54.045361700428913        1044.8042006643104     
   57.456870196913457       -43.475199243322123        1044.2427568240798     
   64.108696449002892       -32.450387261483080        1043.5857994337935     
   71.079082988419358       -21.133321987901873        1042.8382929165837     
   78.257415668534549       -9.7032872258793610        1042.0060638938521     
   85.252094273551307        1.2407334273645079        1041.1336808481819     
   92.206493920706464        11.954557891452154        1040.2045562615513     
   99.006902356502891        22.288853981598614        1039.2322131792494     
   105.54819744226734        32.114778247232742        1038.2202138435787     
   111.74054395924693        41.329152196497333        1037.1668339944886     
   117.51542325218952        49.857734898355268        1036.0776690831826     
   122.82721761329023        57.655834079345368        1034.9658357167723     
   127.65227589659666        64.706473740440558        1033.8495338977068     
   131.98630068551165        71.016748989627914        1032.7491038974458     
   135.84075478976925        76.613124281699868        1031.6842951831154     
   139.23893236785096        81.536393528880424        1030.6722057390700     
   142.21223301139008        85.836903240392814        1029.7264732854828     
   144.79736259803684        89.570767018361551        1028.8616572659803     
   147.03348538728386        92.796384800056700        1028.0917311327667     
   148.95933967038292        95.571098421998357        1027.4223621420558     
   150.61162124795766        97.949102446464380        1026.8499406297842     
   152.02441378228548        99.980541861033956        1026.3659426606921     
   153.22887174155477        101.71105878581693        1025.9598340498226     
   154.25308951884455        103.18164823992103        1025.6207866793543     
   155.12211350772643        104.42872981947922        1025.3386062684399     
   155.85805719179089        105.48436360186204        1025.1041647184520     
   156.48028482264198        106.37655564192870        1024.9095389667516     
   157.00563572509165        107.12961218329291        1024.7479882190351     
   157.44866770754973        107.76451283189105        1024.6138515050088     
   157.82190386574698        108.29928183650303        1024.5024139023344     
   158.13607195536144        108.74934359261945        1024.4097682202496     
   158.40032940051503        109.12785380504637        1024.3326857110483     
   158.62246996130506        109.44600167828969        1024.2685016330547     
   158.80911023281644        109.71328131080902        1024.2150171970789     
   158.96585564121722        109.93773238887533        1024.1704172272734     
   159.09744658618152        110.12615151829763        1024.1332018800449     
   159.20788598196012        110.28427627427936        1024.1021304476899     
   159.30054977827251        110.41694443355158        1024.0761753018619     
   159.37828218051391        110.52823098965575        1024.0544842189579     
   159.44347730004472        110.62156552556063        1024.0363495723207     
   159.49814889623045        110.69983238912695        1024.0211831219674     
   159.54398975573656        110.76545593004414        1024.0084953567182     
   159.58242211446310        110.82047284203452        1023.9978785371449     
   159.61464037890704        110.86659343156734        1023.9889927494863     
   159.64164725665623        110.90525341696748        1023.9815544132302     
   159.66428426620794        110.93765765739226        1023.9753267923973     
   159.68325746774784        110.96481702386211        1023.9701121469069     
   159.69915914045038        110.98757945611879        1023.9657452294607     
   159.71248602866234        111.00665609979069        1023.9620878886280     
   159.72365468893511        111.02264328779273        1023.9590245864897     
   159.73301439031641        111.03604101538278        1023.9564586684915     
   159.74163439675368        111.04837987262739        1023.9540954350980     
   159.75014591491271        111.06056338420044        1023.9517607347983     
   159.75844191215424        111.07243834517266        1023.9494839923742     
   159.76641806918624        111.08385543698731        1023.9472939452036     
   159.77397409155816        111.09467110442782        1023.9452182765776     
   159.78101497040288        111.10474935983619        1023.9432832604327     
   159.78745217659952        111.11396349194827        1023.9415134223279     
   159.79320477337075        111.12219765792065        1023.9399312213669     
   159.79820043335940        111.12934833860206        1023.9385567575579     
   159.80237634743304        111.13532563882433        1023.9374075088061     
   159.80568001382602        111.14005441643961        1023.9364981013728     
   159.80806989773174        111.14347522597629        1023.9358401171808     
   159.80951595308525        111.14554506511456        1023.9354419408355     
   160.21000000000018        111.71878560707943        1023.8251672727590     
   160.31000000000017        111.86192253010563        1023.7976319267382     
   160.41000000000017        112.00505945313184        1023.7700965807173     
   160.51000000000016        112.14819637615804        1023.7425612346965     
