  -10.580000000000084       -115.64893108616825        841.21374692131189     
  -10.480000000000084       -115.50971043159934        841.24633368593015     
  -10.380000000000084       -115.37048977703044        841.27892045054841     
  -10.280000000000085       -115.23126912246154        841.31150721516667     
  -9.8653463169006503       -114.65398555065646        841.44662943485923     
  -9.8573197037148201       -114.64281084723943        841.44924504840492     
  -9.8477174891909769       -114.62944251959485        841.45237390886928     
  -9.8366604246518108       -114.61404864815580        841.45597656991504     
  -9.8242875567896206       -114.59682278409528        841.46000762124174     
  -9.8107544791656345       -114.57798151709902        841.46441626499927     
  -9.7962313756379142       -114.55776175340510        841.46914695994951     
  -9.7809008803183417       -114.53641773825069        841.47414012501088     
  -9.7649557809650851       -114.51421786008493        841.47933289307866     
  -9.7485965946848925       -114.49144127666295        841.48465990541831     
  -9.7320290464240742       -114.46837440538843        841.49005413644750     
  -9.7154495261337139       -114.44529067579896        841.49545163040716     
  -9.6959659956025526       -114.41816344047407        841.50179371786044     
  -9.6730706967567031       -114.38628561399726        841.50924524794902     
  -9.6461674332870295       -114.34882692215560        841.51799966374574     
  -9.6145562970289067       -114.30481261495643        841.52828389530623     
  -9.5774158059713237       -114.25309856813581        841.54036406463638     
  -9.5337820340871744       -114.19234218610150        841.55455212758000     
  -9.4825242523290498       -114.12096843380485        841.57121359310599     
  -9.4223165333167085       -114.03713023115280        841.59077647630227     
  -9.3516047001208911       -113.93866234220738        841.61374165680911     
  -9.2685679232577716       -113.82302778458744        841.64069482850459     
  -9.1710741911061469       -113.68725567582558        841.67232023816882     
  -9.0566288057857633       -113.52786932794348        841.70941641290506     
  -8.9223149865332942       -113.34080330928971        841.75291407427551     
  -8.7647256103094211       -113.12130812590908        841.80389641963279     
  -8.5798850955151504       -112.86384115263679        841.86362191294097     
  -8.3631604536825233       -112.56194249414001        841.93354966250604     
  -8.1091606186076710       -112.20809461597455        842.01536736024536     
  -7.8116233408082536       -111.79356490734182        842.11102160464861     
  -7.4632892436086617       -111.30823089057603        842.22275021362293     
  -7.0557631201775877       -110.74038866991167        842.35311583952125     
  -6.5793632610838166       -110.07654653335922        842.50503981380371     
  -6.0229605978919647       -109.30120753717188        842.68183466536641     
  -5.3738107892010811       -108.39664759582951        842.88723317916060     
  -4.6173841115238297       -107.34269928482099        843.12541121723143     
  -3.7372001732810034       -106.11655646966906        843.40100087734390     
  -2.7146770200110453       -104.69262122441889        843.71909003748306     
  -1.5290070296897573       -103.04242245902493        844.08520413352994     
 -0.15707485996359280       -101.13464525932753        844.50526645810237     
   1.4265648423283674       -98.935320913580398        844.98553479799637     
   3.2496309435283015       -96.408239288558377        845.53251542663304     
   5.3419624140581163       -93.515656358443465        846.15286101622155     
   7.7352545997783393       -90.219378306339138        846.85326761933538     
   10.462682717918179       -86.482307206067617        847.64039804021559     
   13.558306647063954       -82.270459169657784        848.52016394385942     
   17.055635781001786       -77.555187881526635        849.49259723080922     
   20.986230437408963       -72.316182442547060        850.54784492880515     
   25.376762688052168       -66.544158970471400        851.65751652845097     
   30.245823449263117       -60.243495519200714        852.77197762104322     
   35.598984353564703       -53.433715324288222        853.81510059515449     
   41.423254924935733       -46.150278909293796        854.67910797692321     
   47.682705040237074       -38.445454573368167        855.22227340510756     
   54.317269631859901       -30.389962663358588        855.27415902092321     
   61.250726558523937       -22.076125675418268        854.71758609554286     
   68.404572026737469       -13.615529530128118        853.61047439434196     
   75.700388055303321       -5.1272248123064497        852.15054703471560     
   82.071130179680765        2.1547170572646004        850.79212524819593     
   88.439475357387920        9.2996376433289676        849.52714987350441     
   94.758118700049053        16.245681456230407        848.52120908239317     
   100.97795443672767        22.940933472394811        847.87960704531315     
   107.04410194085631        29.341536838409034        847.59514336639313     
   112.90162461871577        35.410997216654181        847.59813219349758     
   118.50230150235379        41.122000510974161        847.81754062403002     
   123.80617487327325        46.456843728706012        848.18811980009673     
   128.78247832464979        51.407025106482109        848.65300456002444     
   133.41030435259745        55.972108262619926        849.16526851329581     
   137.67873108878712        60.158252389186103        849.68846150220770     
   141.58616121152053        63.976857211331968        850.19619017000332     
   145.13990264975146        67.443396024462260        850.67132216441769     
   148.35492678347015        70.576381469212478        851.10456044368243     
   151.25072306309329        73.396392883158668        851.49212457672445     
   153.84865514317829        75.925224679798077        851.83370142557328     
   156.17103782835335        78.185208186027864        852.13126470080056     
   158.24045262188213        80.198655208434161        852.38817017964391     
   160.07919135049647        81.987412417246503        852.60847647949299     
   161.70882478062410        83.572519708575186        852.79646606173230     
   163.14988536392960        84.973962991664081        852.95632956290615     
   164.42165543588567        86.210504217341750        853.09197666067178     
   165.54204364593787        87.299576548475613        853.20693834244662     
   166.52753002446829        88.257234725377046        853.30433088999314     
   167.39316276521566        89.098150119533670        853.38685897242749     
   168.15259263870686        89.835640298422135        853.45684155378353     
   168.81813360074875        90.481723894699485        853.51624943099307     
   169.40084052664270        91.047192864546957        853.56674710255106     
   169.91059704480512        91.541695607215701        853.60973447798324     
   170.35620815740316        91.973825756851937        853.64638588376670     
   170.74549373819730        92.351212666741390        853.67768511172301     
   171.08538012024948        92.680610647391646        853.70445607217130     
   171.38198786618770        92.967984884097973        853.72738910069245     
   171.64071449047492        93.218592654634278        853.74706323325540     
   171.86631141385405        93.437059010525047        853.76396488853300     
   172.06295480807916        93.627446497170752        853.77850343334433     
   172.23431026255514        93.793318791012695        853.79102409425650     
   172.38359139701066        93.937798346967512        853.80181863935172     
   172.51361267472024        94.063618295382199        853.81113420392967     
   172.62683675414934        94.173168920906264        853.81918058132726     
   172.72541676510878        94.268539109288682        853.82613624994042     
   172.81123391790237        94.351553172899514        853.83215336238345     
   172.88593085780093        94.423803470135326        853.83736188339242     
   172.95094116805674        94.486679224228268        853.84187302962141     
   173.00751540688680        94.541391928181866        853.84578213650514     
   173.05674404059303        94.588997698171113        853.84917105422289     
   173.10637187580232        94.636988857807367        853.85258100057877     
   173.15537589328000        94.684378302870869        853.85594709285328     
   173.20313981520792        94.730569979049505        853.85922709262877     
   173.24906295269722        94.774982832133816        853.86237986266815     
   173.29256776054905        94.817058124056288        853.86536588105059     
   173.33310710112445        94.856266470911521        853.86814773476635     
   173.37017112605076        94.892114513804060        853.87069058633529     
   173.40329368927564        94.924151137907955        853.87296260737139     
   173.43205821084700        94.951973160761042        853.87493537350394     
   173.45610291765860        94.975230417492753        853.87658421567437     
   173.47512539519033        94.993630178306105        853.87788852352242     
   173.48888639288754        95.006940842006813        853.87883199734279     
   173.49721283516712        95.014994858574525        853.87940284588262     
   173.90000000000001        95.404603576187426        853.90701733682477     
   174.00000000000000        95.501331762095361        853.91387318858801     
   174.09999999999999        95.598059948003296        853.92072904035126     
   174.19999999999999        95.694788133911231        853.92758489211451     
