  -12.430000000000000       -72.085305040689747        789.13571140428883     
  -12.330000000000000       -72.078944785605728        789.15332738323298     
  -12.230000000000000       -72.072584530521709        789.17094336217713     
  -12.130000000000001       -72.066224275437690        789.18855934112128     
  -11.620536195784197       -72.033821077928820        789.27830637760007     
  -11.560574639388690       -72.030007369989718        789.28886919274930     
  -11.488840660296775       -72.025443985668431        789.30149648078350     
  -11.406235264969800       -72.020187737085905        789.31602481668972     
  -11.313796136043162       -72.014304098224940        789.33226667856218     
  -11.212684644465924       -72.007866408441032        789.35001307524612     
  -11.104171303559035       -72.000954979657905        789.36903643291225     
  -10.989619844558383       -71.993656117384418        789.38909368948975     
  -10.870470111052208       -71.986061066496788        789.40992954550222     
  -10.748219985248586       -71.978264893447715        789.43127982085139     
  -10.624406571961744       -71.970365317218352        789.45287486917869     
  -10.501618229812843       -71.962527352743265        789.47426346751286     
  -10.363042183379655       -71.953676946757511        789.49836957593163     
  -10.206667972355321       -71.943683713238201        789.52553104512617     
  -10.030234509860490       -71.932400533832606        789.55612591990746     
  -9.8312003419084970       -71.919661405988236        789.59057682437617     
  -9.6067108032115396       -71.905279004191840        789.62935576040979     
  -9.3535618708476775       -71.889041909656513        789.67298936059433     
  -9.0681605460962000       -71.870711453808724        789.72206465090380     
  -8.7464816414767554       -71.850018107661157        789.77723540159786     
  -8.3840209205374538       -71.826657331336762        789.83922918178280     
  -7.9757446396133469       -71.800284773867688        789.90885529075399     
  -7.5160356828491288       -71.770510680485543        789.98701382742422     
  -6.9986366756975693       -71.736893319591573        790.07470629141324     
  -6.4165907218870011       -71.698931179870357        790.17304830427611     
  -5.7621807514562020       -71.656053603396316        790.28328532160936     
  -5.0268689130440052       -71.607609404762854        790.40681260848692     
  -4.2012380156979976       -71.552852868174369        790.54520131220988     
  -3.2749377507067488       -71.490926299470615        790.70023323619580     
  -2.2366393315744979       -71.420838019079383        790.87394795158798     
  -1.0740033106633859       -71.341434290040041        791.06870723402938     
  0.22633330652424261       -71.251363150301472        791.28728352623375     
   1.6787428995559224       -71.149027418750364        791.53298121485011     
   3.2985563643156928       -71.032523215456095        791.80980191813887     
   5.1019636903594598       -70.899559106261464        792.12266753300037     
   7.1058516999193788       -70.747349351633460        792.47771710751579     
   9.3275620362765999       -70.572472569602937        792.88269499655098     
   11.784549764047309       -70.370684203015628        793.34744707576556     
   14.493917643669413       -70.136649278315957        793.88434911662216     
   17.471720710610384       -69.863045928976732        794.50282273451205     
   20.732067389670537       -69.539419705432408        795.20182992473474     
   24.286155894731856       -69.151790215369772        795.97263550741161     
   28.141009231036954       -68.681674723539331        796.79713236167026     
   32.297976473234499       -68.104880543265381        797.64522293177777     
   36.751327978729094       -67.390614801644659        798.47245247472245     
   41.487383974686836       -66.501571586015473        799.21841213994776     
   46.484510522531153       -65.395489012674886        799.80641896854081     
   51.714083521567730       -64.028294163975204        800.14478590282692     
   57.142415605101860       -62.359426280903101        800.14084135153325     
   62.734308366504251       -60.362941224186244        799.78314815063209     
   68.455158479071912       -58.030409737796909        799.15340570397598     
   74.270692873707986       -55.366629854090689        798.36403843168205     
   80.146945577301835       -52.387765623591790        797.54182037502551     
   86.050094416196742       -49.119193229043425        796.82069845148158     
   91.945925175346289       -45.592431853627993        796.33449033560839     
   97.798139741301142       -41.840046577825220        796.18733548737146     
   103.56577115130276       -37.889915757191915        796.40433762638372     
   108.92723192887456       -33.973429293521924        796.91276746563051     
   114.12938845595195       -29.914879141111896        797.65330528778463     
   119.13126936930276       -25.728969078612849        798.56348937628411     
   123.89563524934751       -21.431711836805935        799.58307517865751     
   128.39166810059166       -17.042615052717792        800.65704463446968     
   132.59692673544708       -12.586155269641511        801.73813341455548     
   136.49835945248725       -8.0922868238113903        802.78846618296120     
   140.09258148672407       -3.5959409806059677        803.78022025025666     
   143.38602826638703       0.86434318972864665        804.69556557081603     
   146.39194431109391        5.2483918572794410        805.52497521028999     
   149.12814922043322        9.5168012970940197        806.26551092127681     
   151.61558938021474        13.633706915010183        806.91927381709081     
   153.87580292190296        17.568926510599006        807.49148679602627     
   155.92947387504341        21.299074342346028        807.98908066492118     
   157.79582124123846        24.807835104022708        808.41974276522876     
   159.49231758856317        28.085629002637269        808.79125446300031     
   161.03463731915116        31.128884877729615        809.11106478948238     
   162.43674971050001        33.939103877326481        809.38604416860835     
   163.71108993190077        36.521853879111212        809.62236709570038     
   164.86875978531558        38.885792837020048        809.82548139431572     
   165.91972653860444        41.041782494119836        810.00013137372571     
   166.87300165624941        43.002124691086507        810.15041119923910     
   167.73679150312987        44.779930639777561        810.27983242664675     
   168.51862224098375        46.388614160570810        810.39139666568963     
   169.22544002787166        47.841498988667141        810.48766670956581     
   169.86368239068028        49.151536513228997        810.57083001030662     
   170.43932707771540        50.331114592089961        810.64275362558249     
   170.95792608237272        51.391936436862821        810.70503139195193     
   171.42463054736334        52.344952201544849        810.75902424743867     
   171.84421055740120        53.200329332939930        810.80589462516832     
   172.22107248217435        53.967450727700253        810.84663576666230     
   172.55927551439399        54.654932248043067        810.88209670312722     
   172.86254831302898        55.270653193397976        810.91300354935902     
   173.13430615615067        55.821794955757056        810.93997765880067     
   173.37766867961932        56.314884361813739        810.96355110404602     
   173.59547808173352        56.755839185933112        810.98417987537823     
   173.79031757229899        57.150014061034106        811.00225512988141     
   173.96452980743533        57.502245569147078        811.01811277374509     
   174.12023505577636        57.816895701752919        811.03204161910662     
   174.25934883983825        58.097893183515751        811.04429041959543     
   174.38359890636377        58.348772350446694        811.05507384018608     
   174.49454149913510        58.572709406960506        811.06457715400916     
   174.59357661208429        58.772556068206768        811.07296051297283     
   174.68196225687967        58.950870596003980        811.08036261111340     
   174.76082773657578        59.109946302414428        811.08690378164374     
   174.83118592305598        59.251837631874444        811.09268861789565     
   174.90165205714931        59.393953989879655        811.09847225684803     
   174.97121777719980        59.534291860396031        811.10420937960214     
   175.03900872378784        59.671086277145200        811.10982645574495     
   175.10417340580801        59.802616471401329        811.11525055120092     
   175.16589386933077        59.927227520352957        811.12041036929907     
   175.22339591503297        60.043351191429792        811.12523730558667     
   175.27595873842554        60.149525720019277        811.12966649397947     
   175.32292387626825        60.244414269332367        811.13363782155056     
   175.36370335298921        60.326821835758452        811.13709688976144     
   175.39778693232461        60.395710380933863        811.13999590107551     
   175.42474839148616        60.450211992874827        811.14229445158958     
   175.44425074769944        60.489639902786067        811.14396021241123     
   175.45605037974013        60.513497211285014        811.14496948493468     
   175.85999999999999        61.330230366635746        811.17952100748892     
   175.95999999999998        61.532417251927356        811.18807443118862     
   176.05999999999997        61.734604137218966        811.19662785488833     
   176.15999999999997        61.936791022510576        811.20518127858804     
