  -10.579999999999860       -60.999603507413497        846.93245306040149     
  -10.479999999999860       -60.992291696594329        846.94639459150039     
  -10.379999999999860       -60.984979885775161        846.96033612259930     
  -10.279999999999861       -60.977668074955993        846.97427765369821     
  -9.7409037396245743       -60.938250376264129        847.04943592649124     
  -9.6647130119649702       -60.932679454395910        847.06005808048235     
  -9.5735660900531059       -60.926014661844960        847.07276590897823     
  -9.4686091076504670       -60.918339566669118        847.08739972949343     
  -9.3511618753773007       -60.909750368745641        847.10377563692987     
  -9.2227012907027621       -60.900354691641596        847.12168783279139     
  -9.0848427708268868       -60.890270238665344        847.14091122415857     
  -8.9393199414103250       -60.879623330704902        847.16120425811994     
  -8.7879628362803626       -60.868547343903856        847.18231195530063     
  -8.6326748822351167       -60.857181065396269        847.20396910464910     
  -8.4754089586126025       -60.845666985347570        847.22590358058494     
  -8.3186975224358957       -60.834190172660129        847.24776236931370     
  -8.1435525937385691       -60.821359074290946        847.27219452433974     
  -7.9478386945867676       -60.807015223665402        847.29949904445698     
  -7.7291811860411199       -60.790981814143265        847.33000878807707     
  -7.4849415552924707       -60.773061574763609        847.36409413148965     
  -7.2121906788563770       -60.753034379437537        847.40216699574239     
  -6.9076800389172615       -60.730654543834405        847.44468527941626     
  -6.5678109167002017       -60.705647751505978        847.49215774098434     
  -6.1886016494742453       -60.677707533536349        847.54514938325781     
  -5.7656531201792847       -60.646491202541100        847.60428740471582     
  -5.2941127550662639       -60.611615109962088        847.67026779960418     
  -4.7686374401565006       -60.572649052411563        847.74386271244430     
  -4.1833559374193854       -60.529109594524186        847.82592868529400     
  -3.5318315926144930       -60.480451997500069        847.91741598069052     
  -2.8070263855214765       -60.426060338071011        848.01937922308616     
  -2.0012676868735473       -60.365235264243324        848.13298968072559     
  -1.1062194618303773       -60.297178652326821        848.25954961226444     
 -0.11286010401035496       -60.220974192945285        848.40050923154058     
  0.98853039717379021       -60.135562628327968        848.55748700150752     
   2.2083706553686309       -60.039709973457640        848.73229415257833     
   3.5577614723273050       -59.931966561714901        848.92696452290102     
   5.0484480671950607       -59.810614141441519        849.14379101867416     
   6.6927553641682938       -59.673597490601509        849.38537015423947     
   8.5034898264982157       -59.518436085317610        849.65465619121460     
   10.493800310329867       -59.342110218313103        849.95502625376162     
   12.676989287292118       -59.140914558765076        850.29035730503676     
   15.066200098244455       -58.910242491066910        850.66474733372411     
   17.673513858635499       -58.644109353018372        851.07928187653727     
   20.509278274056307       -58.334758727467445        851.53061158283265     
   23.581700904304405       -57.972316526110831        852.01161647472327     
   26.896040643306158       -57.544231945811262        852.51045656373412     
   30.453676214153766       -57.034655112753882        853.00946145353703     
   34.251253652717381       -56.424041588594150        853.48410941661700     
   38.280104770639973       -55.689272345061553        853.90225806873013     
   42.526090514602600       -54.804502256971340        854.22378936600603     
   46.969925835382966       -53.742778390623798        854.40078896674800     
   51.587915889163234       -52.478250444699825        854.37830615680809     
   56.353588867619820       -50.989179134314391        854.10257109682743     
   61.242419559221979       -49.262980562930174        853.56372591909746     
   66.233171799822074       -47.297119244401486        852.80471683485246     
   71.305571687671076       -45.097197365734303        851.89243964880325     
   76.439255026025819       -42.675675675281241        850.90433248852366     
   81.613488606531917       -40.050582297518616        849.92499440621395     
   86.806740127076523       -37.243711920181859        849.04243976260977     
   91.996125207236332       -34.278448978239659        848.34389694510548     
   97.155296395862990       -31.176700397444954        847.89528903615576     
   102.18057461253022       -28.002314897513543        847.71553243072515     
   107.10991216711690       -24.725806197129089        847.78041283918299     
   111.90624461137392       -21.358597780373199        848.04692251112681     
   116.53486550114937       -17.912552656795000        848.47020642857910     
   120.96546767504893       -14.401519299909902        849.00691624503838     
   125.17364067066778       -10.842431082497031        849.61721393337552     
   129.14178833963362       -7.2558179940510001        850.26633803029949     
   132.85941749984562       -3.6656739002068202        850.92556787165995     
   136.32284341375430       -9.8737305637618122E-002   851.57255180781249     
   139.53453194908514        3.4166679682331984        852.19112016783754     
   142.50263306972931        6.8520890852872558        852.77090649971740     
   145.23875154689455        10.180737987506843        853.30607014335283     
   147.75613382998583        13.379168047963695        853.79408828257567     
   150.06908420417230        16.428319920220872        854.23501396663278     
   152.19213940627185        19.313965407554466        854.63064743635232     
   154.13920257469141        22.026683899848738        854.98374487645378     
   155.92335225315759        24.561517675499040        855.29758358681556     
   157.55678615770398        26.917427253198124        855.57565656343399     
   159.05083510339585        29.096648036238225        855.82146356802230     
   160.41601557709569        31.104024827052857        856.03837623759716     
   161.66209871004813        32.946377131361984        856.22955759042486     
   162.79818130975394        34.631927881604099        856.39791991645689     
   163.83275079804071        36.169812215165564        856.54610867797260     
   164.77374068799250        37.569670727786409        856.67650335858013     
   165.62857834188657        38.841320143385431        856.79122943218772     
   166.40422435712125        39.994496681887952        856.89217645324220     
   167.10720077774653        41.038670018320289        856.98101799599897     
   167.74361124751772        41.982915389271511        857.05923182175638     
   168.31915659185569        42.835830931144940        857.12811951634194     
   168.83914829353324        43.605489487464567        857.18882513930657     
   169.30852148067999        44.299416145001700        857.24235262165837     
   169.73184839047440        44.924584542701623        857.28958177935112     
   170.11335278921160        45.487426514814985        857.33128289730632     
   170.45692549253900        45.993850884634497        857.36812989749183     
   170.76614090960339        46.449268240376256        857.40071214337740     
   171.04427440427139        46.858619330845961        857.42954495776962     
   171.29432020160382        47.226405348456460        857.45507894557340     
   171.51900954868810        47.556718852267359        857.47770822029554     
   171.72082885022905        47.853274452179392        857.49777763520092     
   171.90203752907473        48.119438651585952        857.51558911851225     
   172.06468540131590        48.358258450167106        857.53140720809665     
   172.21062939755225        48.572488458144164        857.54546387896369     
   172.34154947413953        48.764616387458688        857.55796285989300     
   172.45896370649132        48.936886840246359        857.56908322619938     
   172.56424250141734        49.091323387327002        857.57898237422705     
   172.65862180415823        49.229748986115929        857.58779880461475     
   172.75284982464470        49.367948949552428        857.59657954844874     
   172.84588804317423        49.504417222341544        857.60526098166429     
   172.93656632410352        49.637437736391306        857.61373352919782     
   173.02374445607666        49.765337484192486        857.62188978398297     
   173.10632649705957        49.886507546370268        857.62962591737232     
   173.18327454362642        49.999423337096687        857.63684306462505     
   173.25362175149240        50.102663813777539        857.64344866094234     
   173.31648444545078        50.194929407959222        857.64935770404122     
   173.37107316995272        50.275058448017376        857.65449392069377     
   173.41670254621420        50.342041861025365        857.65879081685307     
   173.45279981760825        50.395035961303464        857.66219259377931     
   173.47891198190186        50.433373156437625        857.66465491577355     
   173.49471142639189        50.456570427821802        857.66614551848670     
   173.90000000000001        51.051628629825508        857.70438257472051     
   174.00000000000000        51.198451965284022        857.71381710081471     
   174.09999999999999        51.345275300742536        857.72325162690890     
   174.19999999999999        51.492098636201050        857.73268615300310     
