  -12.829999999876559       -77.308311789837759        752.29186785956006     
  -12.729999999876560       -77.302784322890716        752.31201511126437     
  -12.629999999876560       -77.297256855943672        752.33216236296869     
  -12.529999999876560       -77.291729388996629        752.35230961467300     
  -12.039272012476523       -77.264604561693190        752.45117781747820     
  -11.989572688362928       -77.261857447979907        752.46119086540273     
  -11.930115026317310       -77.258569958551092        752.47316014911235     
  -11.861645463410495       -77.254782841690130        752.48693037717544     
  -11.785023715179253       -77.250543088430959        752.50232340518039     
  -11.701212035013679       -77.245903371737711        752.51914074636625     
  -11.611263181892944       -77.240921415274784        752.53716632937210     
  -11.516307244008459       -77.235659298296241        752.55616945389136     
  -11.417537480672904       -77.230182703925166        752.57590789442725     
  -11.316195357912804       -77.224560118810771        752.59613110308555     
  -11.213554964066898       -77.218861992840644        752.61658346418585     
  -11.110429752639492       -77.213133348570693        752.63710244619017     
  -10.993328567358340       -77.206623897482970        752.66036625005484     
  -10.860370726765339       -77.199227203574040        752.68673442199338     
  -10.709426409405026       -77.190822297731813        752.71661159088296     
  -10.538084813309595       -77.181271677046809        752.75045262747221     
  -10.343618596068275       -77.170419019832295        752.78876829252351     
  -10.122944269971260       -77.158086571596144        752.83213141083661     
  -9.8725782352759861       -77.144072148202298        752.88118361880242     
  -9.5885881597104277       -77.128145690890079        752.93664275295043     
  -9.2665394605148741       -77.110045292748353        752.99931098175591     
  -8.9014367253466435       -77.089472596351541        753.07008384160963     
  -8.4876600315945119       -77.066087435718046        753.14996043338965     
  -8.0188963048027375       -77.039501559976117        753.24005518757872     
  -7.4880661148758723       -77.009271227529965        753.34161184044774     
  -6.8872466675238320       -76.974888393119244        753.45602061953343     
  -6.2075922381151400       -76.935770119035041        753.58484016547834     
  -5.4392539529203727       -76.891245716312824        753.72982648879611     
  -4.5713016937209874       -76.840540948744319        753.89297236408083     
  -3.5916520391708766       -76.782758393785841        754.07656211204142     
  -2.4870076208605867       -76.716852724697972        754.28324884158371     
  -1.2428151295802012       -76.641599222611191        754.51616405783739     
  0.15674847640633760       -76.555553196944288        754.77907320793202     
   1.7287491776952608       -76.456997118934126        755.07659528843442     
   3.4914127523448721       -76.343871057461300        755.41450997850177     
   5.4639656125498117       -76.213680305111225        755.80018150114813     
   7.6663755917511995       -76.063371681289993        756.24313365821251     
   10.118964063473229       -75.889166571925827        756.75581353536813     
   12.841856293663005       -75.686333803431026        757.35457933802445     
   15.854312953820342       -75.448685704891574        758.05907783620432     
   19.174404428912553       -75.166613253754434        758.87834172565385     
   22.817930885492679       -74.826126034897356        759.80812147788674     
   26.796836126512265       -74.408076583861742        760.83258848122568     
   31.117497584334121       -73.886556815740533        761.92039289535478     
   35.778789439688154       -73.227195421091892        763.02061810317184     
   40.770495351483817       -72.386279369758341        764.05958005156606     
   46.072681463979038       -71.311666808674218        764.93945951614842     
   51.656408303204024       -69.946091389921250        765.53955274443740     
   57.485416028225430       -68.233935095597374        765.73313465664455     
   63.516487918740552       -66.138051600496908        765.50521679708731     
   69.702194073295530       -63.644703956990938        764.96905986501906     
   75.994677403195183       -60.757249848249458        764.27563612419078     
   82.346622030722060       -57.493866592955989        763.59356876363722     
   88.711494637288126       -53.884641382734763        763.09804772245820     
   95.043177918824640       -49.967190642866029        762.95652370589437     
   101.29496370384025       -45.777579647727293        763.25699304509044     
   107.41826618828784       -41.346328849648316        763.98034797369064     
   112.95285701928651       -37.030599935884126        764.95598813503932     
   118.28842546377983       -32.545668621426827        766.14476535525432     
   123.38248468471946       -27.908285704568463        767.47110023011317     
   128.19701844676143       -23.137317841938394        768.86437811278029     
   132.70167507838184       -18.256372613187683        770.26256628089391     
   136.87600709543787       -13.295461141308969        771.61498750048042     
   140.71087251348391       -8.2914032472352233        772.88399103626250     
   144.20941455404659       -3.2869508597216273        774.04567943811776     
   147.38376847693411        1.6711670460164751        775.08745738793277     
   150.25315244749234        6.5348321138521257        776.00606869330932     
   152.84191639946926        11.257695928869788        776.80553991711224     
   155.17595712117082        15.798545704556108        777.49421875738358     
   157.28074093011941        20.123618284298583        778.08280502119203     
   159.18014535307276        24.207645089004259        778.58293354150589     
   160.89584012601932        28.033911490036473        779.00618879364379     
   162.44706641471726        31.593634131622046        779.36348020419371     
   163.85068379614464        34.884928080934245        779.66469547405552     
   165.12137575324104        37.911583389557315        779.91855344167857     
   166.27193021878412        40.681812420543949        780.13258990221993     
   167.31353716605568        43.207074909571915        780.31322427783095     
   168.25606726396836        45.501042462465904        780.46586910931092     
   169.10831281065214        47.578729815074638        780.59505647185188     
   169.87818664661603        49.455793106402538        780.70456590142953     
   170.57288461870115        51.147977658834677        780.79754619270386     
   171.19900652282237        52.670710435708934        780.87662257862576     
   171.76263855669092        54.038820194747217        780.94398641609905     
   172.26940886148532        55.266356858248919        781.00146942117385     
   172.72452556373503        56.366485550013380        781.05060486675200     
   173.13280412666535        57.351435545671173        781.09267797037103     
   173.49868870957653        58.232488613067034        781.12876741027776     
   173.82627060355765        59.019994789822825        781.15977959675774     
   174.11930560748846        59.723406562718999        781.18647703457998     
   174.38123135724626        60.351324737741777        781.20950185917479     
   174.61518504860007        60.911551103096251        781.22939541813162     
   174.82402163236529        61.411144377295351        781.24661459846720     
   175.01033235145792        61.856476982387406        781.26154546371015     
   175.17646338717208        62.253290960548995        781.27451465728859     
   175.32453434886833        62.606751922011568        781.28579894840584     
   175.45645630613768        62.921500333813810        781.29563336368903     
   175.57394927289442        63.201699712194582        781.30421780076085     
   175.67855895470157        63.451081519057809        781.31172238770796     
   175.77167247885427        63.672986738153426        781.31829221456303     
   175.85453313274198        63.870404145257908        781.32405129322342     
   175.92825407541602        64.046005374053451        781.32910585894194     
   175.99383101188053        64.202176923408288        781.33354712514597     
   176.05215384443696        64.341049277743110        781.33745358447698     
   176.11020913579927        64.479299693342625        781.34133601731025     
   176.16751656790194        64.615820596683463        781.34519653415987     
   176.22335620318188        64.748894929200588        781.34898508991819     
   176.27702721611428        64.876848612824489        781.35265163522661     
   176.32785664746703        64.998071619103953        781.35614687125872     
   176.37520777567823        65.111038254994043        781.35942302795206     
   176.41848800388090        65.214326409210514        781.36243464760946     
   176.45715616901305        65.306635514377177        781.36513935536686     
   176.49072918831331        65.386802994708518        781.36749859816746     
   176.51878796805835        65.453818986661233        781.36947833452587     
   176.54098250942653        65.506839140780585        781.37104965841763     
   176.55703615664021        65.545195336701155        781.37218934202929     
   176.56674894290614        65.568404169693380        781.37288028377998     
   176.97000000000000        66.531977976609355        781.40156649016069     
   177.06999999999999        66.770929317210957        781.40868022386974     
   177.16999999999999        67.009880657812559        781.41579395757879     
   177.26999999999998        67.248831998414161        781.42290769128783     
