  -12.429999999998961       -100.78455513874194        785.98633551790499     
  -12.329999999998961       -100.65434469754383        786.02000075495300     
  -12.229999999998961       -100.52413425634573        786.05366599200102     
  -12.129999999998962       -100.39392381514763        786.08733122904903     
  -11.709282888895931       -99.846106208584487        786.22896664180359     
  -11.697933901361603       -99.831328641844522        786.23278730535958     
  -11.684356105317764       -99.813651137950288        786.23735737080949     
  -11.668719713664824       -99.793296437395895        786.24261905338415     
  -11.651220799046996       -99.770520970404391        786.24850585121578     
  -11.632078856664521       -99.745611609075041        786.25494339917907     
  -11.611534072465142       -99.718882036774019        786.26185042156385     
  -11.589844329628338       -99.690668781592024        786.26913977071638     
  -11.567281989629274       -99.661326964850900        786.27671953776655     
  -11.544130487155119       -99.631225819100393        786.28449422074095     
  -11.520680780700058       -99.600744032772070        786.29236593477663     
  -11.498005005330299       -99.571275030308868        786.29997487394712     
  -11.471579975363770       -99.536941952154677        786.30883819599433     
  -11.440786610445958       -99.496944623880069        786.31916170550267     
  -11.404903906383957       -99.450352192073808        786.33118462029870     
  -11.363092263430330       -99.396082123199037        786.34518487067362     
  -11.314374127489675       -99.332875948687132        786.36148519438677     
  -11.257611526056033       -99.259271295528237        786.38046013096698     
  -11.191480021326576       -99.173569692146117        786.40254402638232     
  -11.114438537469447       -99.073799590661366        786.42824016485429     
  -11.024694447876302       -98.957674001814894        786.45813114779389     
  -10.920163232595099       -98.822542103354394        786.49289064847892     
  -10.798421937526106       -98.665334158017146        786.53329664620162     
  -10.656655589496220       -98.482499077539671        786.58024622933510     
  -10.491595650537224       -98.269934004778321        786.63477204461947     
  -10.299449538712956       -98.022905366302808        786.69806041458003     
  -10.075820215477705       -97.735960996787540        786.77147108709642     
  -9.8156148601309727       -97.402833174943282        786.85655850021067     
  -9.5129417490541002       -97.016332766613516        786.95509434367239     
  -9.1609946720626194       -96.568235175855307        787.06909108063758     
  -8.7519246082725672       -96.049159493808972        787.20082597043984     
  -8.2766990295786229       -95.448443141956858        787.35286503212546     
  -7.7249502097902596       -94.754015459257232        787.52808635595613     
  -7.0848154342147298       -93.952275096237770        787.72970228711927     
  -6.3427742068769959       -93.027977744015658        787.96128040086785     
  -5.4834906497477141       -91.964142597760940        788.22676405359084     
  -4.4896734950851558       -90.741987945727530        788.53049489917771     
  -3.3419715478743988       -89.340908267049855        788.87724245088918     
  -2.0189292177287315       -87.738507109315762        789.27224993764423     
 -0.49703424234068622       -85.910701840108288        789.72131169540648     
   1.2491032527723853       -83.831918596789677        790.23090526145268     
   3.2463975832507073       -81.475399880337847        790.80841078858327     
   5.5227229403534768       -78.813656877668961        791.46246011988808     
   8.1061254999851879       -75.819121732386364        792.20346583546007     
   11.023865452325786       -72.465108440836758        793.04438349737768     
   14.301445263689644       -68.727050916501184        793.99887358380488     
   17.961934723712698       -64.584181020150268        795.07348489745277     
   22.025680893211607       -60.022532578701870        796.26246467425517     
   26.509640084772492       -55.037791855260664        797.53679476008188     
   31.425708968735258       -49.638182546711093        798.84416432573926     
   36.777503946478483       -43.845417089380732        800.10338187171465     
   42.556321118803723       -37.694504316956653        801.19877435364356     
   48.737937032813917       -31.233742595984761        801.97723243642690     
   55.281341915063216       -24.525545416450178        802.25722279805268     
   62.130414084058252       -17.648618360720416        801.93319953420553     
   69.217018672112232       -10.693135781921574        801.08181421668348     
   76.462870695413599       -3.7492088837595530        799.91128764179530     
   82.829287082939075        2.2183157638816482        798.83180801472054     
   89.193043190089298        8.0690807776034763        797.88395853104953     
   95.496142846205956        13.765624871949896        797.23816932421357     
   101.68106374122533        19.277986265899184        796.98977989327034     
   107.69144844975358        24.579946250352364        797.11558726734836     
   113.47622335412657        29.647567080863837        797.53483086763708     
   118.99302746863978        34.460505837207592        798.16771319506893     
   124.20905965138633        39.002627133081496        798.94190418048481     
   129.10120071151988        43.262410533409764        799.79540538499407     
   133.65558313416355        47.233132481947393        800.67789715272943     
   137.86674126478829        50.912798668707481        801.55080913626512     
   141.73653325783877        54.303845932760964        802.38646892430188     
   145.27389797903257        57.412682200574721        803.16700892644690     
   148.49374516856639        60.249088007107346        803.88270894134507     
   151.41424171543099        62.825507066884406        804.52973000894531     
   154.05452095443749        65.156324390253047        805.10809409626586     
   156.43413610119876        67.257223941010182        805.62045167653935     
   158.57269085097397        69.144618249476480        806.07111812842527     
   160.48952224653755        70.835162346993243        806.46533172912746     
   162.20343722877180        72.345357348276437        806.80871042839703     
   163.73250259143660        73.691241429123124        807.10687504237285     
   165.09388612003121        74.888160938220864        807.36520431149586     
   166.30374495625705        75.950611567432816        807.58868955099297     
   167.37715594437697        76.892138379554524        807.78186117829500     
   168.32808196592936        77.725283550524310        807.94876471871680     
   169.16936802296078        78.461571488085568        808.09296905048336     
   169.91276099309277        79.111522200380350        808.21759417560088     
   170.56894743597945        79.684685161230135        808.32534951273726     
   171.14760446735170        80.189687291869035        808.41857659829611     
   171.65745943884934        80.634289954196873        808.49929224095172     
   172.10635489697981        81.025450977677238        808.56922972881353     
   172.50131599308139        81.369388702064072        808.62987676716273     
   172.84861814776514        81.671645812471212        808.68250954571727     
   173.15385332270188        81.937151384637986        808.72822279542333     
   173.42199371548850        82.170280064931745        808.76795597296166     
   173.65745207252812        82.374907701822906        808.80251586482643     
   173.86413811762145        82.554463042967697        808.83259597461893     
   174.04551082964900        82.711975332629081        808.85879307731216     
   174.20462648140600        82.850117803679268        808.88162131350953     
   174.34418248315112        82.971247170174607        808.90152416908541     
   174.46655716775393        83.077439301475238        808.91888465004195     
   174.57384571740567        83.170521306017264        808.93403392458299     
   174.66789247145331        83.252100279254648        808.94725866757062     
   174.75031987665773        83.323588981557293        808.95880730850024     
   174.82255434963656        83.386228712333519        808.96889535369849     
   174.88584932009837        83.441109639656744        808.97770992686549     
   174.95012519539489        83.496838604398462        808.98664661508053     
   175.01359494808929        83.551870066317804        808.99546614017663     
   175.07546025665295        83.605511787679518        809.00405793029745     
   175.13494290948901        83.657088891555702        809.01231442003586     
   175.19129460506693        83.705952363344494        809.02013237160145     
   175.24380637366221        83.751487233607833        809.02741415114724     
   175.29181750629618        83.793120336739861        809.03406893051647     
   175.33472387826782        83.830327546522227        809.04001379950591     
   175.37198556218704        83.862640396096452        809.04517477519289     
   175.40313363424471        83.889651997600808        809.04948769655959     
   175.42777608749773        83.911022185582453        809.05289899449883     
   175.44560277708109        83.926481818192514        809.05536632924463     
   175.45638933436234        83.935836180955562        809.05685908925784     
   175.85999999999999        84.285857089663168        809.11271508175469     
   175.95999999999998        84.372579502747726        809.12655415917561     
   176.05999999999997        84.459301915832285        809.14039323659654     
   176.15999999999997        84.546024328916843        809.15423231401746     
