  -14.339999999893097       -94.305133555563842        691.73140736093842     
  -14.239999999893097       -94.297627946060118        691.75547053845492     
  -14.139999999893098       -94.290122336556394        691.77953371597141     
  -14.039999999893098       -94.282616727052670        691.80359689348791     
  -13.571084554750374       -94.247421764837640        691.91643284945462     
  -13.533332663300968       -94.244588255285180        691.92551715410991     
  -13.488167234930179       -94.241197028154716        691.93637473603928     
  -13.436154741654875       -94.237289953414745        691.94886396766435     
  -13.377947693059673       -94.232915347897546        691.96282247240322     
  -13.314276512730000       -94.228127409262441        691.97806944777562     
  -13.245940433307748       -94.222985575785600        691.99440821378425     
  -13.173797520391904       -94.217553817917292        692.01162893972366     
  -13.098753946877871       -94.211899868541522        692.02951150192939     
  -13.021752649378840       -94.206094399880669        692.04782842563168     
  -12.943761506927371       -94.200210155982873        692.06634786588199     
  -12.864480998777026       -94.194224360228247        692.08513976074778     
  -12.773510892285060       -94.187350682059559        692.10666092961503     
  -12.669134325598755       -94.179457046722035        692.13129958862680     
  -12.549384453714236       -94.170391624164367        692.15949674605667     
  -12.412008760828151       -94.159979844595938        692.19175269126072     
  -12.254428515121758       -94.148020956340758        692.22863410120999     
  -12.073692786703095       -94.134284054850426        692.27078178574527     
  -11.866426410540285       -94.118503500958596        692.31891909243177     
  -11.628771247613212       -94.100373634387353        692.37386099958087     
  -11.356320086328699       -94.079542675238486        692.43652394957667     
  -11.044042542656154       -94.055605691950859        692.50793652710115     
  -10.686202375800127       -94.028096499489209        692.58925118915931     
  -10.276265756593808       -93.996478337221731        692.68175743861752     
  -9.8068002359772564       -93.960133163481828        692.78689715047437     
  -9.2693644991162962       -93.918349395374250        692.90628328566709     
  -8.6543895089037388       -93.870307921114190        693.04172407203191     
  -7.9510524107629754       -93.815066222323580        693.19525605671060     
  -7.1471456818347008       -93.751540470517341        693.36919146554146     
  -6.2289455832995744       -93.678485511158414        693.56618835432130     
  -5.1810861701447042       -93.594472724413578        693.78935651784582     
  -3.9864481209660099       -93.497865852844456        694.04241855966632     
  -2.6260757008095603       -93.386794997477381        694.32995453953481     
  -1.0791405182453997       -93.259129059455319        694.65777086230491     
  0.67702236170546159       -93.112446839095924        695.03345009013856     
   2.6667717374731472       -92.944006579368420        695.46715826335287     
   4.9158663744675337       -92.750712536953301        695.97280923698668     
   7.4509632997634201       -92.529074415649220        696.56970870337682     
   10.298839093541892       -92.275149866025927        697.28481785522956     
   13.485254236251226       -91.984448323854821        698.15576808590527     
   17.034228398337167       -91.650516248866225        699.22548230497000     
   20.969585845987204       -91.259486480555054        700.50735404799730     
   25.312574083092983       -90.789259117245280        701.98693365381951     
   30.079207633685119       -90.207763560735913        703.61966222415595     
   35.277691013138622       -89.469693333093431        705.31988891937203     
   40.905336354909537       -88.513266991618735        706.95060585198121     
   46.946071478170204       -87.259005326613959        708.31708783101362     
   53.369782854969799       -85.612771288222461        709.16797862448163     
   60.130809150817939       -83.482447323153821        709.27174815897547     
   67.158090986255161       -80.821277770252806        708.70843159460367     
   74.367163650090959       -77.619546182892407        707.75938415184328     
   81.673048316243182       -73.892125839859347        706.76244524092965     
   88.994200508994766       -69.674009169577886        706.07682632858075     
   96.254549568561046       -65.012550681818567        706.04288610509320     
   103.38745054521991       -59.947210697029547        706.81496353435648     
   110.33535592984470       -54.505232602880952        708.29482292817784     
   117.04242852648370       -48.715333515662742        710.28896391234025     
   122.83469854635284       -43.222154073705155        712.36902226566531     
   128.33537283792748       -37.494499660893084        714.57833491535644     
   133.49821126265115       -31.556309432863010        716.79714663934487     
   138.28331189721666       -25.436904666183516        718.92509987363178     
   142.66318878206908       -19.174186185127134        720.88920434655552     
   146.62649269285683       -12.815942887837890        722.64726916511199     
   150.17550409825299       -6.4189934226482812        724.17835985734825     
   153.32635816635684       -4.7071922688766282E-002   725.48135822262179     
   156.10554497604238        6.2325752146188158        726.56708541937076     
   158.54704634430615        12.353252111351996        727.45408349324236     
   160.68882156525930        18.253646799812955        728.16552247436675     
   162.56910046462721        23.882121958682685        728.72630765021870     
   164.22378905359309        29.199039710561166        729.16095320917043     
   165.68499120190268        34.177337654565569        729.49220497532042     
   166.98039805810936        38.801860934027388        729.74026946979598     
   168.13328592080404        43.067922469419514        729.92249792889083     
   169.16288948767590        46.979481385837182        730.05338604991618     
   170.08496414616630        50.547229718118828        730.14477237306198     
   170.91240363942438        53.786780803804781        730.20614402032322     
   171.65582793219096        56.717071240683637        730.24498384567312     
   172.32409519155789        59.359026364994648        730.26711531178671     
   172.92472337265195        61.734492639168238        730.27702077696006     
   173.46422984722923        63.865408688569268        730.27812412099388     
   173.94838269958052        65.773202103057869        730.27302656448910     
   174.38237017617149        67.478383897370662        730.26369375973104     
   174.77091141766971        69.000294607513638        730.25160209075580     
   175.11832771426398        70.356962612346464        730.23785221483320     
   175.42858841371731        71.565043454764890        730.22325676499486     
   175.70534142844818        72.639816022321099        730.20840793075365     
   175.95193503878176        73.595217317291045        730.19372950246793     
   176.17143527560904        74.443902254277546        730.17951697892056     
   176.36664144540254        75.197318604838287        730.16596852058626     
   176.54010118608667        75.865790027670656        730.15320887690518     
   176.69412567246445        76.458602244100206        730.14130791972764     
   176.83080507243938        76.984088997798267        730.13029513532751     
   176.95202438081310        77.449715516641419        730.12017054130160     
   177.05947924083381        77.862158098638531        730.11091310982351     
   177.15469143686278        78.227379000334722        730.10248739458211     
   177.23902393041030        78.550696170680084        730.09484857723021     
   177.31369525120400        78.836847672197649        730.08794627140446     
   177.37979310344593        79.090050818967484        730.08172735439530     
   177.43828709646357        79.314056185061531        730.07613804027812     
   177.49004055157243        79.512196716820810        730.07112536427735     
   177.53582137142706        79.687432230873256        730.06663821320740     
   177.57631198443917        79.842389606269847        730.06262800895365     
   177.61211839582751        79.979398990058627        730.05904912952826     
   177.64781350330267        80.116025294009489        730.05547689984837     
   177.68303469660657        80.250941583267661        730.05197323294067     
   177.71734026879230        80.382450935246084        730.04858079463224     
   177.75030090693892        80.508898960649518        730.04534008783878     
   177.78150499686450        80.628694628439774        730.04228904977799     
   177.81056366508523        80.740330311512722        730.03946270730944     
   177.83711550024259        80.842400799826621        730.03689288890553     
   177.86083090219665        80.933621039474147        730.03460799077402     
   177.88141601334175        81.012842371060174        730.03263279385169     
   177.89861619322659        81.079067058681531        730.03098832766932     
   177.91221900407137        81.131460921647829        730.02969177647458     
   177.92205668109142        81.169363904668458        730.02875642246295     
   177.92800806754144        81.192298448281690        730.02819162056824     
   178.32999999999993        82.741433525386753        729.99004155133343     
   178.42999999999992        83.126798243437392        729.98055129390423     
   178.52999999999992        83.512162961488031        729.97106103647502     
   178.62999999999991        83.897527679538669        729.96157077904581     
