  -15.010000000000000        92.829480238209669        514.58426219176602     
  -14.910000000000000        92.846583103918348        514.61597109557169     
  -14.810000000000000        92.863685969627028        514.64767999937737     
  -14.710000000000001        92.880788835335707        514.67938890318305     
  -14.284360975721563        92.953585306061768        514.81435437195103     
  -14.270315890614969        92.955987418106218        514.81880791447691     
  -14.253512673836040        92.958860666484711        514.82413329248072     
  -14.234162058040535        92.962168717624181        514.83026231533938     
  -14.212506781938423        92.965869759696631        514.83711662503833     
  -14.188818568529824        92.969917039185077        514.84460874714944     
  -14.163394738637491        92.974259459532334        514.85264325588332     
  -14.136554500756093        92.978842233798176        514.86111803521237     
  -14.108634962415058        92.983607582605785        514.86992561709872     
  -14.079986911933545        92.988495468151655        514.87895457729542     
  -14.050970422578736        92.993444354684272        514.88809096900468     
  -14.021001998308694        92.998553635690868        514.89751794444931     
  -13.985599099159447        93.004586871357617        514.90864246714455     
  -13.943776603192028        93.011710545921048        514.92176759637164     
  -13.894370966954757        93.020120906354748        514.93724947895430     
  -13.836007977581479        93.030049191672376        514.95550625880196     
  -13.767064706911775        93.041767745851985        514.97702833440121     
  -13.685624639819775        93.055597150339196        515.00239011347526     
  -13.589424774191246        93.071914528007909        515.03226341033030     
  -13.475793289584137        93.091163186372484        515.06743261928091     
  -13.341576154178142        93.113863782963193        515.10881177516580     
  -13.183050785391179        93.140627209088962        515.15746357878390     
  -12.995824601697382        93.172169398520523        515.21462042375856     
  -12.774716010070321        93.209328273789254        515.28170742119801     
  -12.513615082183884        93.253083044124097        515.36036740191332     
  -12.205320914548953        93.304576066258349        515.45248792896734     
  -11.841352498121429        93.365137476215921        515.56023056403728     
  -11.411729934113515        93.436312806629445        515.68606315953548     
  -10.904723176637866        93.519893841317014        515.83279707494876     
  -10.306566403779925        93.617953067751927        516.00363341724324     
  -9.6011380031170841        93.732882343254857        516.20222647154253     
  -8.7696096060797313        93.867436921434617        516.43277969665928     
  -7.7900735337941978        94.024787006573945        516.70020202137414     
  -6.6371677915101461        94.208580858649469        517.01037276616808     
  -5.2817333513312743        94.423026684385036        517.37059686598514     
  -3.6905626619328551        94.673005873786380        517.79038455941782     
  -1.8263347797875080        94.964238569384321        518.28276970491618     
  0.35211433584726615        95.303535196917508        518.86649815936164     
   2.8889634331259053        95.699185221266632        519.56958109513778     
   5.8296980366448601        96.161556301637532        520.43491995376621     
   9.2180814952427585        96.703998365998956        521.52895331719401     
   13.091237276597274        97.344153614704567        522.95449321046613     
   17.477143606232413        98.101993730683688        524.84890512825632     
   22.417640253250653        98.976333886515633        527.27251434629966     
   27.966677361328660        99.936717014341099        530.18871946943864     
   34.186059014679458        100.91334180467865        533.44397614385889     
   41.146731653478582        101.77804380867052        536.71382401141761     
   48.926401249440879        102.32452123889007        539.45516459535054     
   57.600687653535090        102.26209113951683        540.90166779000219     
   67.115856061564358        101.35558147222594        540.74235869693757     
   77.184403561705409        99.567942299198620        539.74189120438109     
   87.443168689423700        96.946038364982456        538.99753054521273     
   97.521892981434974        93.588846049866149        539.68351216596511     
   107.15761130131158        89.531283826365240        542.40919050975322     
   116.27460166955257        84.672781597622304        546.72342094220812     
   124.83807645513643        78.948791289305746        552.03487093337662     
   132.81461293591622        72.347597891750382        557.79340546058086     
   139.23537539070242        65.908700037502371        562.78809382564066     
   145.12810477506872        58.843330279176591        567.49900209371913     
   150.45222780449592        51.191236361124140        571.76360325091071     
   155.17665082349168        43.017284077239282        575.49521534535472     
   159.28024761279210        34.416338997113243        578.65030986681177     
   162.76186740521680        25.515244027141748        581.22307382137888     
   165.64704020723497        16.467419389890306        583.24031909448809     
   167.98821433160654        7.4413422664896149        584.75383071743602     
   169.85854337046746       -1.3947957867474807        585.83164477763046     
   171.34018887896650       -9.8905845473852771        586.54863150550000     
   172.51306223300080       -17.926183094638503        586.97858449266289     
   173.44777769012438       -25.417221283898034        587.18905350040336     
   174.20247600635173       -32.313831714058210        587.23847621826098     
   174.82244359415864       -38.596168270573671        587.17507580965150     
   175.34141123317573       -44.268334766267479        587.03702190123204     
   175.78362158523424       -49.352077382339843        586.85339133914113     
   176.16604236373655       -53.881055253607798        586.64553615628267     
   176.50036797121217       -57.896078637143589        586.42856359837401     
   176.79466081810938       -61.441403662551437        586.21274098907804     
   177.05462827011354       -64.561981916782742        586.00473774892532     
   177.28452595785728       -67.301574732988016        585.80863659871875     
   177.48772961359998       -69.701588292493838        585.62670048499126     
   177.66707662351919       -71.800426895958964        585.45993817207363     
   177.82505912932828       -73.633200884274004        585.30851386223492     
   177.96392632381341       -75.231668633329519        585.17203958804453     
   178.08573456288815       -76.624326399345009        585.04978145309997     
   178.19236987917762       -77.836586017621229        584.94080360672183     
   178.28555772723814       -78.890999778901815        584.84406765196024     
   178.36686826414095       -79.807505662065395        584.75850034112659     
   178.43772120797283       -80.603675819934182        584.68303895509484     
   178.49939202043993       -81.294957804646685        584.61666083823854     
   178.55301977570116       -81.894902451137284        584.55840171957777     
   178.59961643353572       -82.415375228156066        584.50736611812272     
   178.64007700805166       -82.866749712832345        584.46273219235661     
   178.67519011190979       -83.258082998876830        584.42375273754203     
   178.70564844096168       -83.597273551035300        584.38975356980347     
   178.73205887772036       -83.891202429691916        584.36013020113660     
   178.75495200040035       -84.145859033673560        584.33434346406079     
   178.77479087369960       -84.366452613077314        584.31191456216970     
   178.79197906508244       -84.557510830139677        584.29241988608749     
   178.80686787807974       -84.722966622615431        584.27548583161513     
   178.81976282582963       -84.866234569277594        584.26078377995952     
   178.83092938763554       -84.990277883486186        584.24802534283901     
   178.84059810215621       -85.097667076872412        584.23695793336401     
   178.84896905563366       -85.190631247002273        584.22736069337543     
   178.85621582435761       -85.271102854491716        584.21904078657053     
   178.86341380661705       -85.351108562284438        584.21076701217180     
   178.87050741955130       -85.430110320920306        584.20260424287972     
   178.87740821037696       -85.507114546865324        584.19465472938191     
   178.88403062833615       -85.581152697273097        584.18701781128686     
   178.89029304127490       -85.651293456814869        584.17978869803869     
   178.89611868212441       -85.716654460440253        584.17305731055194     
   178.90143651710943       -85.776413404239406        584.16690719646613     
   178.90618202937526       -85.829818404016976        584.16141453074886     
   178.91029791344943       -85.876197470431848        584.15664721209328     
   178.91373467751777       -85.914966980479221        584.15266406421006     
   178.91645115181524       -85.945639037596194        584.14951414971324     
   178.91841490248601       -85.967827626609932        584.14723620286304     
   178.91960255104721       -85.981253484931585        584.14585818600881     
   179.32000000006946       -90.507575158319625        583.68128099443015     
   179.42000000006945       -91.638032328923686        583.56525198557586     
   179.52000000006944       -92.768489499527746        583.44922297672156     
   179.62000000006944       -93.898946670131807        583.33319396786726     
