  -15.190000000000000       -104.91565374774555        617.79345883588155     
  -15.090000000000000       -104.91096596806933        617.82197724887135     
  -14.990000000000000       -104.90627818839312        617.85049566186115     
  -14.890000000000001       -104.90159040871690        617.87901407485094     
  -14.443617646138495       -104.88066498745437        618.00631523803872     
  -14.418209043115491       -104.87947388812584        618.01356136838376     
  -14.387810499058268       -104.87804781416810        618.02222348097996     
  -14.352803110255216       -104.87640410125628        618.03218936201472     
  -14.313625874989761       -104.87456279210654        618.04333024501989     
  -14.270770236515574       -104.87254641656540        618.05550260865743     
  -14.224773965746923       -104.87037974013549        618.06855015737199     
  -14.176214457325344       -104.86808948245769        618.08230595075645     
  -14.125701520361392       -104.86570400776731        618.09659464643323     
  -14.073869751925269       -104.86325298989451        618.11123482108621     
  -14.021370587153946       -104.86076705496356        618.12604133492061     
  -13.969649954105240       -104.85831469126271        618.14060657136861     
  -13.909480932425456       -104.85545764217990        618.15752402997691     
  -13.839485683747874       -104.85212847895723        618.17716802667269     
  -13.758062452783557       -104.84824832140534        618.19997054952410     
  -13.663349471811133       -104.84372482413436        618.22642951267187     
  -13.553183158314379       -104.83844978863259        618.25711798754742     
  -13.425049747624303       -104.83229632699764        618.29269446455078     
  -13.276029391818378       -104.82511548798078        618.33391418346105     
  -13.102731639669845       -104.81673223819747        618.38164155303684     
  -12.901221094436362       -104.80694067085935        618.43686366310692     
  -12.666931934062218       -104.79549829154075        618.50070488388337     
  -12.394569883893263       -104.78211920638046        618.57444256255178     
  -12.078000174111555       -104.76646601500072        618.65952389418283     
  -11.710120021879145       -104.74814019261841        618.75758421079809     
  -11.282714295827338       -104.72667074088631        618.87046727963457     
  -10.786293314268685       -104.70150090760569        619.00024886090614     
  -10.209912296436258       -104.67197284200820        619.14926595634347     
  -9.5409729716901470       -104.63731019665323        619.32015620955508     
  -8.7650094623252031       -104.59659895719376        619.51591529637005     
  -7.8654630863421371       -104.54876724733680        619.73998561004396     
  -6.8234545892214093       -104.49256561588709        619.99639817690502     
  -5.6175680696470129       -104.42655049400004        620.29000303502653     
  -4.2236692531542728       -104.34907526682036        620.62684327808654     
  -2.6147927194956901       -104.25829588651197        621.01475711365754     
 -0.76114928779631885       -104.15220124493104        621.46433340575345     
   1.3696728891272170       -104.02868248281078        621.99040172114735     
   3.8122110728745326       -103.88565937153088        622.61430856698678     
   6.6021967724231327       -103.72128411101620        623.36731342515304     
   9.7750133829846142       -103.53423953584178        624.29551799200374     
   13.363327737591696       -103.32413230069621        625.46678843901702     
   17.396039658399854       -103.08933431233392        626.96441566439648     
   21.905946272365515       -102.81407354037880        628.81750840733037     
   26.926070008049248       -102.46633164873785        630.99860128876071     
   32.485617188381411       -101.99407910027789        633.41504827941219     
   38.607184278101727       -101.31794887376370        635.88248683401230     
   45.302542100228166       -100.32418618262437        638.10082299217856     
   52.568366997465255       -98.862542727665897        639.64277223566023     
   60.376635550084657       -96.767299270567051        640.04424457818857     
   68.622512717246920       -93.960674210526321        639.40107763200569     
   77.146608223797671       -90.441531043888759        638.24845595811416     
   85.778446658215756       -86.245957195021177        637.24125526995977     
   94.353800023515618       -81.436294100819055        637.06256040614733     
   102.73400666581175       -76.065596272905253        638.19358990386536     
   110.83137038810462       -70.133920675263838        640.52510136052263     
   118.58320321796216       -63.642906935562955        643.70527822068630     
   125.92927433817587       -56.618936638736059        647.38789717625900     
   131.96612547435507       -50.074299685491980        650.76738049547043     
   137.59245539424074       -43.183181736739769        654.09858439046934     
   142.76060311486185       -35.981407517701896        657.22808962257227     
   147.43834469380832       -28.516326366908839        660.05409416770681     
   151.60905537746822       -20.849272637646799        662.51875198452763     
   155.27278210149296       -13.056094933296883        664.60087565905246     
   158.44429442111706       -5.2250472167726976        666.30374849129737     
   161.15370075485748        2.5474889313762796        667.64988017887413     
   163.44479473477725        10.163044202464917        668.67556275523702     
   165.37063693458421        17.528341552101569        669.42510078148962     
   166.98711382889800        24.562922355495349        669.94521860559701     
   168.34755413403457        31.204038637848903        670.28090945062161     
   169.49944482953794        37.408265533478591        670.47291376529358     
   170.48292597073265        43.150734605427004        670.55644500272479     
   171.33058363067556        48.422894835559219        670.56080502256418     
   172.06806215949157        53.229552790717435        670.50959076572235     
   172.71509559637190        57.585744389409854        670.42125360294585     
   173.28666739914300        61.513796996805738        670.30983003438678     
   173.79411449836905        65.040779489543695        670.18571538349624     
   174.24607891569855        68.196418774123956        670.05639829696236     
   174.64928111372865        71.011473238323063        669.92711541065614     
   175.00912531497596        73.516511475333573        669.80141114582898     
   175.33012615467635        75.741067264291473        669.68158419062536     
   175.61618571296350        77.713102520636824        669.56902854759676     
   175.87076646760025        79.458697347514530        669.46449006326998     
   176.09699545440506        81.001902276055930        669.36825725676556     
   176.29772504072184        82.364702954180558        669.28030203058086     
   176.47556782523480        83.567060112309434        669.20038268720873     
   176.63291720318855        84.626997639343458        669.12811888622605     
   176.77196075688607        85.560719343126692        669.06304597347662     
   176.89469088556663        86.382740735253407        669.00465381069012     
   177.00291487902572        87.106026532374514        668.95241424396704     
   177.09826525354927        87.742127718285445        668.90580054657789     
   177.18221077553034        88.301314148630070        668.86430075228941     
   177.25606807803609        88.792700263204438        668.82742647537509     
   177.32101360227631        89.224362540702600        668.79471841008080     
   177.37809555886884        89.603448054008908        668.76574939792647     
   177.42824563319019        89.936273966155781        668.74012572949505     
   177.47229021666237        90.228418122163063        668.71748718382094     
   177.51096100932762        90.484801092378135        668.69750618611545     
   177.54490489709568        90.709760144716370        668.67988637165240     
   177.57469305487066        90.907115691006453        668.66436077230742     
   177.60082926344558        91.080230783408894        668.65068978708700     
   177.62375745454693        91.232064242254438        668.63865905524540     
   177.64386851641331        91.365217984837912        668.62807731749967     
   177.66150640362633        91.481979101521077        668.61877432539427     
   177.67937527639242        91.600365858587992        668.60934606557919     
   177.69698937642701        91.717271031882817        668.60006643731833     
   177.71412878000058        91.831224172608543        668.59105041878081     
   177.73058056928539        91.940791692661548        668.58240868056100     
   177.74614138754799        92.044594915123213        668.57424632367429     
   177.76061982876536        92.141327447628100        668.56666172551650     
   177.77383863898052        92.229771658839923        668.55974550112819     
   177.78563671104166        92.308814048726333        668.55357958458171     
   177.79587085857975        92.377459316491326        668.54823643295526     
   177.80441735900979        92.434842945796078        668.54377835319610     
   177.81117325885049        92.480242145133900        668.54025695026326     
   177.81605743764140        92.513085001743391        668.53771269334561     
   177.81901142911252        92.532957730010565        668.53617459574025     
   178.22000000000000        95.230574492078375        668.32738605769259     
   178.31999999999999        95.903316050795922        668.27531760656802     
   178.41999999999999        96.576057609513470        668.22324915544345     
   178.51999999999998        97.248799168231017        668.17118070431889     
