  -15.009999999850628       -51.593471660088404        520.34211924781391     
  -14.909999999850628       -51.589263829062340        520.37648980970096     
  -14.809999999850628       -51.585055998036275        520.41086037158800     
  -14.709999999850629       -51.580848167010210        520.44523093347505     
  -14.150282911587668       -51.557296217712114        520.63760884168858     
  -14.062750623403911       -51.553613006932096        520.66769418096987     
  -13.957993009997075       -51.549196622780201        520.70359671445442     
  -13.837305806739575       -51.544097362257787        520.74482016823413     
  -13.702184293502032       -51.538373838377545        520.79079989017362     
  -13.554305710315591       -51.532092524431704        520.84091257358523     
  -13.395509335320535       -51.525327197606778        520.89448657736864     
  -13.227774409294732       -51.518158274675436        520.95081256622416     
  -13.053196127847658       -51.510672034827749        521.00915421644413     
  -12.873959959625514       -51.502959727769507        521.06875876513516     
  -12.692314584997506       -51.495116568873044        521.12886722002895     
  -12.511070856081034       -51.487263504322399        521.18855094271009     
  -12.309625265436065       -51.478503216258730        521.25455296474217     
  -12.085755045214345       -51.468728389310421        521.32749988764806     
  -11.837000524865067       -51.457818506215141        521.40807267939329     
  -11.560641995331778       -51.445638134057276        521.49701038181877     
  -11.253674931302196       -51.432034976619612        521.59511416339546     
  -10.912783654874792       -51.416837660951785        521.70325190748554     
  -10.534313608696078       -51.399853222512981        521.82236363658376     
  -10.114242521507308       -51.380864249284024        521.95346823160503     
  -9.6481509027140575       -51.359625641076370        522.09767212915222     
  -9.1311925056402856       -51.335860935867856        522.25618099056885     
  -8.5580656643401785       -51.309258150246947        522.43031576157932     
  -7.9229867513837338       -51.279465075631890        522.62153511343729     
  -7.2196674413643684       -51.246083965172929        522.83146701471742     
  -6.4412980163609319       -51.208665536827773        523.06195317110178     
  -5.5805396355069909       -51.166702203616779        523.31511133522008     
  -4.6295293305183307       -51.119620418314291        523.59342207392024     
  -3.5799024977916005       -51.066771979715526        523.89984851949475     
  -2.4228388418081517       -51.007424079453720        524.23799993290618     
  -1.1491390740990681       -50.940747753342137        524.61235253406869     
  0.25065884951223860       -50.865804209717389        525.02854389447839     
   1.7861136398549755       -50.781528193227672        525.49376001258406     
   3.4666529706253604       -50.686707035488190        526.01723660519633     
   5.3012712396648212       -50.579953237500547        526.61089751952159     
   7.2981393174237290       -50.459667163024463        527.29015256796038     
   9.4641132663371597       -50.323984458528074        528.07487320811038     
   11.804131029289103       -50.170699794908217        528.99055560688964     
   14.320629145188196       -49.997092031317734        530.06909657785047     
   17.015977180947516       -49.798387333737026        531.33688138014782     
   19.895582793891442       -49.566100486373401        532.79973615909921     
   22.965218231282357       -49.288443528156982        534.45124307408810     
   26.230453143257854       -48.949974556395617        536.27246264896303     
   29.696850129413981       -48.531321929334553        538.22895002353425     
   33.370270503318871       -48.009392930704195        540.26807534488694     
   37.257258115459599       -47.358190534716719        542.31698920805195     
   41.365422890995582       -46.550229903840915        544.28152993203503     
   45.703734797155334       -45.558451104278078        546.04628113336616     
   50.282661626913914       -44.358475568222111        547.47587118010654     
   55.112627548742509       -42.931504625620711        548.42503781953849     
   60.187393583060995       -41.273814629978780        548.82979649810375     
   65.475703467889048       -39.397848730668230        548.75347633220008     
   70.929948118649079       -37.325474660706526        548.33971469014728     
   76.496264762488394       -35.082732362327135        547.75727827359810     
   82.116141749811902       -32.697286184070400        547.19121319783687     
   87.727920239541405       -30.195810518187962        546.83445440912556     
   93.268763977666197       -27.601338054410220        546.87664970899732     
   98.744110459744718       -24.897697355903698        547.44624597244126     
   104.05211599019110       -22.117295389431760        548.56476644317979     
   109.16747573146336       -19.260371096545516        550.15768910088150     
   114.07266345297707       -16.327845848681296        552.11402280355139     
   118.75339997451152       -13.324007033023854        554.32574845349950     
   123.19905340153554       -10.257577165872291        556.69280869191903     
   127.40282758903032       -7.1421793704051808        559.12690731787643     
   131.36172575667300       -3.9961646513014459        561.55394755535951     
   135.07631678481255      -0.84186143133689162        563.91504801113774     
   138.55035280816330        2.2956131810494149        566.16630820786941     
   141.79101881212227        5.3898115058217044        568.27965731397296     
   144.80850844168350        8.4147336418928571        570.24152830805065     
   147.61369561431036        11.346599425317462        572.04608965023340     
   150.21834899706579        14.165107371287824        573.69520452165966     
   152.63450378483628        16.854081248481904        575.19588694188531     
   154.87348644431475        19.401593536802103        576.55676628264246     
   156.94592858991373        21.799818131403050        577.78733697169525     
   158.86183740440282        24.044667692251302        578.89746004414246     
   160.63067203142751        26.135302756940042        579.89699730608299     
   162.26141552142280        28.073584449347351        580.79555373403980     
   163.76263614342136        29.863524064685532        581.60230511362590     
   165.14253517878575        31.510765710615559        582.32589078784986     
   166.40898075632290        33.022123807197417        582.97435477923341     
   167.56952895426821        34.405186031634507        583.55512189976696     
   168.63143493509432        35.667982743651159        584.07499891261295     
   169.60165811671664        36.818716882533977        584.54019371081017     
   170.48686154895677        37.865554505513565        584.95634469008542     
   171.29340646637442        38.816471322929303        585.32855523509488     
   172.02734496089960        39.679144686475404        585.66143096037263     
   172.69441303787488        40.460881416294953        585.95911803494596     
   173.30002553384497        41.168573368176695        586.22534135539445     
   173.84927374559754        41.808674073860004        586.46344167884808     
   174.34692614032025        42.387191071384514        586.67641110201293     
   174.79743216991437        42.909689651857988        586.86692648764756     
   175.20492897766775        43.381304681185412        587.03738060627347     
   175.57325064066376        43.806757921375663        587.18991088688176     
   175.90593951567604        44.190378894243366        587.32642576344676     
   176.20625923148054        44.536127821441212        587.44862867063364     
   176.47720888108501        44.847619559474509        587.55803978777794     
   176.72153800097064        45.128147745832763        587.65601565976272     
   176.94176197146189        45.380708599627198        587.74376684069796     
   177.14017752565360        45.608023991778197        587.82237371448798     
   177.31887810880554        45.812563528126695        587.89280064790535     
   177.47976888230113        45.996565483890492        587.95590862861218     
   177.62458121400732        46.162056497681561        588.01246653415342     
   177.75488649763818        46.310869989055178        588.06316123419106     
   177.88529835076829        46.459776880680856        588.11379221697143     
   178.01408135452755        46.606860887587857        588.16376843462945     
   178.13961460766180        46.750270007615924        588.21246274351461     
   178.26031797761641        46.888196639904166        588.25926444587799     
   178.37467200700922        47.018900507975246        588.30358699019837     
   178.48123704661987        47.140730826513689        588.34487535593530     
   178.57867138157857        47.252147419827850        588.38261301251771     
   178.66574813049621        47.351740507977674        588.41632835121686     
   178.74137071186468        47.438248889075965        588.44560050086000     
   178.80458668803635        47.510576263602964        588.47006445331340     
   178.85459981449432        47.567805468785842        588.48941544125535     
   178.89078014109916        47.609210418049670        588.50341252777366     
   178.91267203278301        47.634265571849696        588.51188138363125     
   179.31999999999999        48.100450267674859        588.66945579021706     
   179.41999999999999        48.214899736737905        588.70814068771188     
   179.51999999999998        48.329349205800952        588.74682558520669     
   179.61999999999998        48.443798674863999        588.78551048270151     
