     178.7396066254843277       88.0046058002003804      700.6820998295820573
     178.6330131327953836       88.0163292993877349      700.6446459533003690
     178.5247982650453196       88.0133198403255932      700.6084187518688395
     178.4162421671963443       87.9956320266501990      700.5738415113905830
     178.3086260940308421       87.9635055036218461      700.5413173941331024
     178.2032152501973883       87.9173620167866261      700.5112240984256005
     178.1012417829516039       87.8578002068810093      700.4839087219239673
     178.0038880864922248       87.7855882231801559      700.4596828676476434
     177.9122705553648132       87.7016542661496459      700.4388180290446826
     177.8274238953193276       87.6070751982352505      700.4215412849630411
     177.7502860313560689       87.5030633967942464      700.4080313873780597
     177.6816836483197903       87.3909520389593411      700.3984152160880967
     177.6223185068605517       87.2721789925329858      700.3927641970003606
     177.5727540885129940       87.1482696433788817      700.3910912518209670
     177.5334023810941062       87.0208189269285981      700.3933480157049871
     177.4995621682094793       86.8932775208516546      700.3974876015950031
     177.4611552313209017       86.7484578124916226      700.4021562773817777
     177.4175728178029772       86.5840362301304083      700.4074161164099905
     177.3681272646769003       86.3973816232929721      700.4133348278699032
     177.3120424450509063       86.1855159333262435      700.4199857486557903
     177.2484432673172137       85.9450702262189452      700.4274476284110733
     177.1763442017996226       85.6722356530191860      700.4358041280880798
     177.0946368352986156       85.3627088974472485      700.4451429296123024
     177.0020764903625832       85.0116316788697191      700.4555543258544503
     176.8972679954158025       84.6135239087004010      700.4671291245471139
     176.7786507560179530       84.1622101596088470      700.4799556550644866
     176.6444833572604693       83.6507392143233375      700.4941156100568378
     176.4928280209721834       83.0712966354668225      700.5096783804665392
     176.3215353428345225       82.4151105701847939      700.5266934458491050
     176.1282298303801781       81.6723514161859612      700.5451802525993799
     175.9102968290139302       80.8320265886207210      700.5651148368889380
     175.6648714205317958       79.8818725202457927      700.5864122079516392
     175.3888297483693464       78.8082473065791049      700.6089031758679084
     175.0787828826915984       77.5960292098351800      700.6323038548090381
     174.7310726736593551       76.2285287317500178      700.6561754603983445
     174.3417679060740397       74.6874253642185835      700.6798712068116401
     173.9066572807434454       72.9527446696987028      700.7024660545980623
     173.4212330947620728       71.0028972922391119      700.7226637342082540
     172.8806557524097514       68.8148091055221869      700.7386738744630748
     172.2796842257380376       66.3641811496564458      700.7480502672858620
     171.6125512379383053       63.6259293155275145      700.7474794882443803
     170.8727544217955483       60.5748656498972480      700.7325077200823671
     170.0527314728061583       57.1866613434631148      700.6971979454515349
     169.1434201466381353       53.4390944187350101      700.6337296882419423
     168.1337101851254374       49.3136500108521574      700.5319563589860081
     167.0097841327520882       44.7974752793971192      700.3789447330852909
     165.7543873902430391       39.8856281599790492      700.1585500779823406
     164.3461159870392123       34.5834752460112824      699.8511115978456019
     162.7588661773647232       28.9089696233010827      699.4333864023544720
     160.9616441998258836       22.8943809818959565      698.8788693073440754
     158.9189658635628462       16.5868760908393433      698.1586580424300337
     156.5920548986806295       10.0472052088676360      697.2430022451299010
     153.9409560463590481        3.3457308135440584      696.1036057395417629
     150.9276011775045276       -3.4442348095159936      694.7166710307687936
     147.5193821095622866      -10.2523732986508378      693.0664556206891120
     143.6914642678183327      -17.0151437573670421      691.1485596370654321
     139.4284147229307109      -23.6779152034329101      688.9736537868463984
     134.7317674592116532      -30.1953948851448217      686.5828618101274969
     129.6224570953069417      -36.5303466180530307      684.0541514396638831
     124.1362164521075044      -42.6505136692794053      681.4960685347346043
     118.3198682703967961      -48.5248604212891550      679.0433524467860025
     111.4230353383008065      -54.8185890110847396      676.5938753001860277
     104.2427044372152807      -60.7083716974784693      674.7082500997322541
      96.8424517064425885      -66.1588566149264210      673.6226261081699249
      89.2836514286254612      -71.1510121964030446      673.5138603525427925
      81.6436267659507848      -75.6458028507349809      674.1631673667517362
      74.0102127619334880      -79.5981945756514335      675.1523497717936380
      66.4758064544374037      -82.9780578568478546      676.0528723101339210
      59.1376899175029607      -85.7759946165234624      676.4601474018083991
      52.0964797040448957      -88.0058605983538769      676.0357224645965744
      45.4312919353024824      -89.7304269846358835      674.7513663344200268
      39.1865993860483215      -91.0621386373394728      672.9328026528718283
      33.3929420171262166      -92.1058384516377373      670.8798257741569842
      28.0656298490904632      -92.9464858866858066      668.8199974107551498
      23.2048549639038200      -93.6473778671751376      666.9063696493842599
      18.7987267414439287      -94.2529336081335458      665.2266313502140065
      14.8272327899639720      -94.7928642686756007      663.8180261309196339
      11.2655812369598820      -95.2856774043605128      662.6798330714316307
       8.0893716528206170      -95.7384463363238751      661.7623639762282437
       5.2722461964165763      -96.1537280442126701      661.0078346713027031
       2.7847580637881197      -96.5340949679044229      660.3754695499071659
       0.5963852135546521      -96.8821625698194566      659.8368827574367970
      -1.3230371338010705      -97.2005215314132442      659.3722652631117853
      -3.0023800637857594      -97.4916745593919529      658.9676342825374604
      -4.4686546815445363      -97.7579898132850644      658.6129110923360486
      -5.7467125438756215      -98.0016724524818983      658.3006130755204595
      -6.8591317193275074      -98.2247514941511781      658.0249839208535150
      -7.8262271503194638      -98.4290779951194139      657.7814266152906839
      -8.6661403041035605      -98.6163308004123280      657.5661400166000021
      -9.3949759421711327      -98.7880268378747814      657.3758889258238014
     -10.0269636036537761      -98.9455337496485612      657.2078596526098409
     -10.5746286258623972      -99.0900833577021700      657.0595690660745731
     -11.0489627551548075      -99.2227850095755457      656.9288063263086315
     -11.4595881111548241      -99.3446382471468041      656.8135941108647557
     -11.8149108489668038      -99.4565445120704794      656.7121611998858270
     -12.1222626248002303      -99.5593177771147282      656.6229215477527532
     -12.3880291437622354      -99.6536941001405978      656.5444570265697166
     -12.6177658276397757      -99.7403401584986540      656.4755022881038258
     -12.8163011114430283      -99.8198608521047959      656.4149309391361840
     -12.9878281509646847      -99.8928060746145263      656.3617426510530777
     -13.1359858639670986      -99.9596767515157296      656.3150510531143027
     -13.2639302800602916     -100.0209302365339283      656.2740723707009920
     -13.3743971703214690     -100.0769851466266687      656.2381148155583332
     -13.4697568888736452     -100.1282257029846647      656.2065687455866509
     -13.5520622997059821     -100.1750056320980207      656.1788976054168643
     -13.6230905928383876     -100.2176516679605811      656.1546296462875034
     -13.6843797209596367     -100.2564666845781574      656.1333504101112339
     -13.7457077792094289     -100.2975381491410189      656.1116875914241291
     -13.8060146923839895     -100.3405569712340508      656.0899544211849843
     -13.8645049780609142     -100.3853647617502247      656.0683762885664692
     -13.9204045557568019     -100.4317983150619256      656.0471752491948791
     -13.9729705696109523     -100.4796903878418703      656.0265672808759518
     -14.0215008098914655     -100.5288704701502525      656.0067595795140960
     -14.0653426167001960     -100.5791655443201904      655.9879479362077745
     -14.1039011564371464     -100.6304008277976436      655.9703142376679352
     -14.1366469700056712     -100.6824004966786248      655.9540241322332577
     -14.1631227012491046     -100.7349883872170722      655.9392249027532671
     -14.1829489245607192     -100.7879886730273427      655.9260435853625495
     -14.1958290018534754     -100.8412265160710604      655.9145853696843460
     -14.2015529109658800     -100.8945286897886433      655.9049323113066521
     -14.1999999999817206     -100.9477241729167218      655.8971423815739854
     -14.1911604614465041     -101.0004426540385936      655.8912749453337483
     -14.1751157814426243     -101.0523196527235825      655.8873642072904886
     -14.1520180572464902     -101.1032015654160148      655.8853929277740917
     -14.1221080940936794     -101.1529439737604434      655.8853189759169027
     -14.0857125751098806     -101.2014119187451513      655.8870762048024972
     -14.0432401634507169     -101.2484800788335946      655.8905756671548488
     -13.9951765820968550     -101.2940328532171748      655.8957071454422021
     -13.9420787290324473     -101.3379643521238904      655.9023409647237486
     -13.8845678973096991     -101.3801782969856902      655.9103300521555866
     -13.8233221806398241     -101.4205878341987130      655.9195122038686350
     -13.7590681555084018     -101.4591152671994934      655.9297125179684826
     -13.6925719402579276     -101.4956917126102951      655.9407459516444305
     -13.6246297399597971     -101.5302566872571788      655.9524199607129731
     -13.5560579930753740     -101.5627576339019811      655.9645371812202939
     -13.4879638569596061     -101.5930283698989456      655.9768468787542588
     -13.4095039070782018     -101.6257927038814728      655.9913171896068889
     -13.3190998734314476     -101.6611429977424308      656.0083090176406131
     -13.2149324334408860     -101.6991619734914138      656.0282382376022952
     -13.0949045704462090     -101.7399204070630816      656.0515830416361496
     -12.9565995300457821     -101.7834742806329729      656.0788920791742385
     -12.7972326393656708     -101.8298612645910453      656.1107934287967964
     -12.6135961767767419     -101.8790963850563287      656.1480044335539787
     -12.4019964041084982     -101.9311667149949869      656.1913424280069194
     -12.1581818059093081     -101.9860249062734425      656.2417363927271481
     -11.8772615297724684     -102.0435813565259195      656.3002396022660605
     -11.5536130016739200     -102.1036947795207084      656.3680434062656559
     -11.1807777206098375     -102.1661609229255561      656.4464924343786834
     -10.7513443467557774     -102.2306991568723475      656.5371017986514062
     -10.2568184290985975     -102.2969366469773576      656.6415773680755592
      -9.6874785324875337     -102.3643898367161711      656.7618410420357122
      -9.0322192060359345     -102.4324430119411886      656.9000643537631277
      -8.2783823049427401     -102.5003238279668949      657.0587159906098123
      -7.4115798022117909     -102.5670758799344924      657.2406323594124160
      -6.4155136311992340     -102.6315287348217709      657.4491257676509122
      -5.2718015844654822     -102.6922663755139098      657.6881529789142178
      -3.9598232458914979     -102.7475957993027862      657.9625789462988905
      -2.4566068289975194     -102.7955186255083220      658.2785878101039998
      -0.7367871862250408     -102.8337100220176410      658.6443173255800048
       1.2273222920502624     -102.8595109727837951      659.0708252269719196
       3.4654852072771014     -102.8699415482555253      659.5735373955310479
       6.0090468923381373     -102.8617435876209782      660.1743769613278801
       8.8900877974816961     -102.8314593166883384      660.9048255816858273
      12.1401021244755682     -102.7755445512411541      661.8102108556503254
      15.7883842445515281     -102.6900990970202798      662.9529657427797247
      19.8651962997867102     -102.5638055663049499      664.3739344564171461
      24.4023277241262306     -102.3729458613982501      666.0689976098071838
      29.4291690957601730     -102.0805088909278595      667.9949404537173905
      34.9708758065656085     -101.6311187007712391      670.0521048806542694
      41.0456859985132283     -100.9450244496586748      672.0647693407095176
      47.6604343543049396      -99.9133111174481456      673.7637116494493057
      54.8057886147601181      -98.3986613685256373      674.7783165994446790
      62.4418145814074776      -96.2669811185065498      674.7952709932228572
      70.4644397029210126      -93.4665469246996707      674.0295238156699043
      78.7352072261461444      -89.9957235321442397      672.9365897932319740
      87.1047148022314559      -85.8894892951407769      672.0626314010346505
      95.4290179159980880      -81.2087209296544756      671.9748121385179047
     103.5853552314129757      -76.0103691111231541      673.0680301895303046
     111.4934936679812125      -70.3029030305790741      675.1778009356552275
     119.0934691823767650      -64.0997901744203773      678.0057675429056872
     126.3309448327408546      -57.4256217315647248      681.2665900024495613
     132.3941112159807290      -51.1407978604329756      684.3069644380661884
     138.0827527914034931      -44.5273695229412070      687.3215670107224469
     143.3481150826295050      -37.6140038095833802      690.1738527597860866
     148.1509787556007609      -30.4441433223744262      692.7677489807352913
     152.4700861765674063      -23.0785693238112266      695.0538784478671914
     156.2953852081324726      -15.5936051209247868      697.0071784362643257
     159.6314563776301156       -8.0775602764474339      698.6239499330285980
     162.4994454653802336       -0.6248549828296442      699.9189865868918332
     164.9358353194962490        6.6707475882697986      700.9209817199380268
     166.9886460069467375       13.7232484422280070      701.6673294602788928
     168.7113480303935660       20.4608813738208859      702.1988553115692184
     170.1568103333313786       26.8289177608759779      702.5555539378564163
     171.3734396880761039       32.7899234049366157      702.7740327002386493
     172.4032515568123358       38.3225271514800667      702.8862516696484590
     173.2813034865284578       43.4193125726227365      702.9191185759761993
     174.0359921929199061       48.0842976294719620      702.8946161419710279
     174.6898239281958070       52.3303454585547172      702.8302358761920914
     175.2603792332709531       56.1767396330069886      702.7395625170834137
     175.7612910130686714       59.6470614604013321      702.6329043094567623
     176.2031321411523095       62.7674303434361818      702.5179023356712378
     176.5941647708410187       65.5651062318151503      702.4000812991358771
     176.9409494378020327       68.0674025067551440      702.2833296897381388
     177.2488244411027267       70.3009161185484857      702.1703007124643818
     177.5222488459892247       72.2910287508366878      702.0627277322518012
     177.7650360952228255       74.0616010110961867      701.9616669155489035
     177.9805103393343870       75.6348077388308440      701.8676823649097969
     178.1716090209350796       77.0310743309414505      701.7809883162191227
     178.3409538667188485       78.2690822336785601      701.7015498608953976
     178.4908984392188245       79.3658213722712134      701.6291592202505853
     178.6235604596752751       80.3366726234287114      701.5634945383652621
     178.7408459591202359       81.1955077586908942      701.5041630834912212
     178.8444686826727832       81.9547982115679332      701.4507327421456466
     178.9359667733180288       82.6257266931444292      701.4027547517997618
     179.0167178583163832       83.2182976304009969      701.3597798787884585
     179.0879531002758540       83.7414438031038060      701.3213696926881084
     179.1507704486555781       84.2031275474931249      701.2871041752044903
     179.2061471552569856       84.6104355881503523      701.2565865956952393
     179.2549515404440967       84.9696670379779846      701.2294463588715416
     179.2979539747264823       85.2864144331584981      701.2053403614709168
     179.3358370461558877       85.5656378906649309      701.1839532677809075
     179.3692049013480982       85.8117326221952936      701.1649970173590418
     179.3985917675506414       86.0285901323509847      701.1482098040909250
     179.4244696805090484       86.2196534856366128      701.1333547081658253
     179.4472554561340871       86.3879670570563007      701.1202181177219472
     179.4673169529292807       86.5362211922494708      701.1086080419026985
     179.4849786772961124       86.6667922007246716      701.0983523897923533
     179.4974533673767496       86.7992141787418063      701.0861172290998411
     179.4990065970520448       86.9319248517334984      701.0701902835961619
     179.4894107601112694       87.0632913514370443      701.0506985530605562
     179.4686086909219114       87.1916921786331329      701.0278232858337333
     179.4367080138098345       87.3155388553993532      701.0017953561170998
     179.3939748981491107       87.4332968964313295      700.9728906166617435
     179.3408268741518157       87.5435059052962572      700.9414251326386420
     179.2778245034224938       87.6447985890809633      700.9077502483100943
     179.2056618006214990       87.7359184829586809      700.8722474698878386
     179.1251553795254949       87.8157361824188030      700.8353231699265962
     179.0372323557960499       87.8832638935895858      700.7974031335453446
     178.9429170845956207       87.9376681299331011      700.7589269767029236
     178.8433168468671113       87.9782804055215024      700.7203424730498682
     178.7396066254843277       88.0046058002003804      700.6820998295820573
