     179.8793655422214499      -79.3857604989664196      564.0557252549713212
     179.9228821038485648      -79.3758697963000515      564.0791114489592246
     179.9646664450315257      -79.3588945078491150      564.1026047215548260
     180.0042188998881443      -79.3350437044239385      564.1259245269960729
     180.0410683134328451      -79.3046129724560842      564.1487928237382903
     180.0747783863220661      -79.2679806666774454      564.1709377222678086
     180.1049536284406543      -79.2256031071208895      564.1920970809347864
     180.1312448615055644      -79.1780087775798904      564.2120220158227539
     180.1533542215242107      -79.1257915950519362      564.2304802940482205
     180.1710396257724369      -79.0696033308520896      564.2472595848629453
     180.1841186867768556      -79.0101452737022782      564.2621705500223470
     180.1924720789006358      -78.9481592328100277      564.2750497648544297
     180.1960463936583494      -78.8844179842667756      564.2857624754383323
     180.1948565611936033      -78.8197152664021701      564.2942052171781597
     180.1889879728834387      -78.7548554281311226      564.3003083486686364
     180.1810828838698058      -78.6922220154025069      564.3050685126611370
     180.1719021377503793      -78.6194930950631488      564.3105858637660504
     180.1612402387925158      -78.5350462597117485      564.3169785863408379
     180.1488587229786447      -78.4370000444382498      564.3243825224537886
     180.1344809213597671      -78.3231731394895831      564.3329535321155390
     180.1177859129839760      -78.1910373797470584      564.3428700682023873
     180.0984015511100722      -78.0376636295581818      564.3543359455882182
     180.0758964338686212      -77.8596595800323996      564.3675832630690365
     180.0497706786518961      -77.6530983711794818      564.3828754070439118
     180.0194453495661833      -77.4134368466481106      564.4005100247630935
     179.9842503811269125      -77.1354221494053007      564.4208217986273439
     179.9434108416733125      -76.8129852799094550      564.4441847768508751
     179.8960313902927055      -76.4391201747172886      564.4710139138064733
     179.8410788057585137      -76.0057468381515235      564.5017653377400393
     179.7773625069154946      -75.5035570950190049      564.5369346879933801
     179.7035129751088505      -74.9218416744154183      564.5770527379203259
     179.6179582049364285      -74.2482975764552720      564.6226770073953958
     179.5188984149896783      -73.4688151577118589      564.6743776218414723
     179.4042791120782567      -72.5672452349199801      564.7327153918186013
     179.2717627084027185      -71.5251478262736384      564.7982090504126518
     179.1186985771884110      -70.3215263226468323      564.8712874832629041
     178.9420906928248485      -68.9325542955036639      564.9522211447095970
     178.7385604786823592      -67.3313074263324864      565.0410245115821226
     178.5042997046688811      -65.4875210316970993      565.1373181424843324
     178.2350035956821444      -63.3674054798909552      565.2401344203552753
     177.9257669045144894      -60.9335688758331813      565.3476451268650180
     177.5709145788036665      -58.1451204343224148      565.4567815349934108
     177.1637227716580298      -54.9580607715173741      565.5627089542479098
     176.6959644974220964      -51.3261083361775690      565.6581085248172940
     176.1571879894328276      -47.2021654737478613      565.7322118837889775
     175.5336421514740550      -42.5406839823050689      565.7695524009965311
     174.8068515216072569      -37.3010812473069464      565.7484812159987086
     173.9518365610020112      -31.4522936828931705      565.6395288018519523
     172.9350476220302539      -24.9785455389805513      565.4037624413582535
     171.7122713592205230      -17.8861213378040276      564.9914337579318726
     170.2270203984976433      -10.2105277431808581      564.3413648680923416
     168.4102370515185214       -2.0229022901265328      563.3816855206363243
     166.1824843240005976        6.5660740778266984      562.0327063501738394
     163.4600690454864207       15.4070795769720981      560.2129173040023034
     160.1663769598677618       24.3207931666349779      557.8491915287031588
     156.2456671114804294       33.1162481449656667      554.8899744304574142
     151.6719464620058488       41.6119431579640207      551.3172524195606456
     146.4503566437900020       49.6546401870709104      547.1550718782281137
     140.6100434256809706       57.1323978599093891      542.4719939951315837
     134.1963140756749056       63.9799039439582202      537.4055017714213136
     127.2641833006679803       70.1758194427918340      532.2003291388024309
     118.8264950104822759       76.4134096768982971      526.5150723399574417
     109.8016518130765462       81.8169170747911210      521.5462754868140109
     100.2056347349940211       86.4079721791417654      517.8464495049169045
      90.0734567438485101       90.2423176423256166      515.9458625151800106
      79.6270980803957826       93.2920757878096651      515.5965604607288242
      69.2744090704517106       95.4357820652629840      515.7637663791557543
      59.4298064613859367       96.6044123882181793      515.4126903816107870
      50.4433014147441270       96.8210777938306251      513.7307772164878088
      42.4212055033441189       96.2970034888575412      510.7886450230381570
      35.2683557814381885       95.3521858565737261      507.3137117235507958
      28.8870083848857391       94.2311835605465120      503.8549400666841507
      23.1927427080094049       93.0921628529388840      500.7477180051309915
      18.1162984011199093       92.0247319381773536      498.1545645309902284
      13.6009092803740437       91.0715842910093727      496.1167149022663807
       9.6040064962326817       90.2424021872384117      494.5814331111997717
       6.1029670416284727       89.5209541117974368      493.4073420932958243
       3.0651073087908798       88.8905112704182585      492.4821423343059905
       0.4478711945807134       88.3380596195224967      491.7334002314185568
      -1.7948935984043253       87.8531815379603955      491.1144511961666126
      -3.7089944250218210       87.4272794158362672      490.5948766482509313
      -5.3376109535328489       87.0530678915753953      490.1543161949826981
      -6.7201282152260280       86.7242522093832804      489.7785756172371521
      -7.8916836594017790       86.4353256176681839      489.4572464937691620
      -8.8831469738543092       86.1814385463675308      489.1822851681351381
      -9.7213443901824661       85.9583091052245436      488.9471811118261257
     -10.4294063041393841       85.7621565816603777      488.7464765951065147
     -11.0271632708893534       85.5896475922801301      488.5754896213849179
     -11.5315461329657705       85.4378494265445738      488.4301509629119664
     -11.9569657891562198       85.3041879279423085      488.3069032864334531
     -12.3156604395516656       85.1864087627235733      488.2026330580199556
     -12.6180055847037060       85.0825416623156627      488.1146193611934336
     -12.8727863667048599       84.9908675347726614      488.0404914660110194
     -13.0874341874647939       84.9098884301460259      487.9781912337580252
     -13.2682306875783418       84.8383003335058845      487.9259386703109840
     -13.4204826053181598       84.7749687119158466      487.8822000301696562
     -13.5486710649303568       84.7189066901507459      487.8456583453204303
     -13.6565786545334475       84.6692556884145802      487.8151864100508419
     -13.7473973597638572       84.6252683282382634      487.7898222626827192
     -13.8238200863305991       84.5862933999443385      487.7687471575242739
     -13.8881181703996841       84.5517626844119263      487.7512659598398841
     -13.9422069602135430       84.5211794306455033      487.7367898433342361
     -13.9877012650533636       84.4941083061157485      487.7248211305424661
     -14.0259622119358660       84.4701666564667306      487.7149400923203757
     -14.0581368262073543       84.4490169326033993      487.7067935113749400
     -14.0851914575096693       84.4303601641348536      487.7000848137054732
     -14.1079400046396248       84.4139303765520879      487.6945655782977838
     -14.1296397600765431       84.3974987986770202      487.6894263278737753
     -14.1509755958989487       84.3804669649878747      487.6845191601711917
     -14.1716655973301435       84.3629241942552710      487.6799326936360899
     -14.1914354219544521       84.3449605267081068      487.6757528925278962
     -14.2100217833381759       84.3266659986671527      487.6720618763440029
     -14.2271757937627736       84.3081299330901714      487.6689367666904786
     -14.2426661246446873       84.2894402538461520      487.6664485878239930
     -14.2562819456646910       84.2706828312288962      487.6646612367552507
     -14.2678356065238638       84.2519408658101838      487.6636305381734360
     -14.2771650285350322       84.2332943172189061      487.6634033985309316
     -14.2841357769097961       84.2148193838268639      487.6640170724114114
     -14.2886427885577021       84.1965880386282350      487.6654985528012958
     -14.2906117344327477       84.1786676258260371      487.6678640951300281
     -14.2899999998938121       84.1611205218034115      487.6711188829546018
     -14.2868023668775024       84.1440501705069153      487.6752469668678600
     -14.2810460399546848       84.1275539933963898      487.6802212339360949
     -14.2727852693114770       84.1116763739608189      487.6860135166648433
     -14.2621058292623957       84.0964549227707892      487.6925849761503287
     -14.2491240086534035       84.0819205192669727      487.6998865062518576
     -14.2339852206606885       84.0680974342952823      487.7078592751934139
     -14.2168622484506191       84.0550035299779665      487.7164353964915335
     -14.1979531476027798       84.0426505325194739      487.7255387191812588
     -14.1774788304237394       84.0310443726331187      487.7350857256241170
     -14.1556803612492015       84.0201855874497170      487.7449865237454674
     -14.1328159954903612       84.0100697770434124      487.7551459194009453
     -14.1091579984889375       84.0006881080935131      487.7654645537066926
     -14.0849892831480297       83.9920278566957563      487.7758400896022977
     -14.0605999077650559       83.9840729819509733      487.7861684316232527
     -14.0352028569448990       83.9764955198360212      487.7967946746326788
     -14.0051881157936400       83.9683284149377016      487.8092078221814063
     -13.9697160502540569       83.9596077012498938      487.8237044691817914
     -13.9277932941517193       83.9503917865585834      487.8406313950749791
     -13.8782443708259340       83.9407658864227528      487.8603942379100999
     -13.8196780943505040       83.9308472729498902      487.8834675595960562
     -13.7504478057760444       83.9207915232600357      487.9104064717889742
     -13.6686043327345921       83.9107999727662133      487.9418599979647411
     -13.5718403671079475       83.9011285979126455      487.9785863468726461
     -13.4574247330889829       83.8920985724931541      488.0214702628135228
     -13.3221247656862012       83.8841087612432830      488.0715425962687846
     -13.1621147384029662       83.8776504334448845      488.1300022027112391
     -12.9728679731158021       83.8733244964148241      488.1982402295626571
     -12.7490299464032457       83.8718615619424526      488.2778667998252899
     -12.4842693973550762       83.8741451656377279      488.3707400683601918
     -12.1711041836452623       83.8812384577616257      488.4789976615514320
     -11.8006984973700941       83.8944146741024923      488.6050907080564798
     -11.3626281610185398       83.9151916805927840      488.7518212030074665
     -10.8446112759465549       83.9453708777599417      488.9223846318640199
     -10.2322028113630630       83.9870807785331266      489.1204221479159173
      -9.5084543079604682       84.0428256905960893      489.3500910412618623
      -8.6535445138591669       84.1155402432790709      489.6161702036193333
      -7.6443946678881014       84.2086511719554665      489.9242310599645407
      -6.4542950695190946       84.3261490898855328      490.2809274686302956
      -5.0525900674830115       84.4726753624498485      490.6944954318005330
      -3.4045001368052503       84.6536332399580260      491.1756120323914843
      -1.4712067257432226       84.8753388047901183      491.7388514804201805
       0.7896069756597845       85.1452366186095588      492.4051035994453969
       3.4224740416399846       85.4722169592913588      493.2054921730477304
       6.4717180938141610       85.8670834616674483      494.1875407483003073
       9.9773488315611232       86.3432229929568251      495.4245455816060826
      13.9686323773443846       86.9174983680632067      497.0292134576861827
      18.4660795400679980       87.6045587434678055      499.1341564143264122
      23.5092261619752918       88.3934812471293583      501.7793826035409666
      29.1475175552733887       89.2425890393330832      504.9150500855716928
      35.4376293922034762       90.0662354389271513      508.3722291859857592
      42.4424973563269603       90.7165152114980060      511.8189354663124391
      50.2278566140355238       90.9712447150185000      514.7356130048980276
      58.8514489861277923       90.5483905834910416      516.4600337648458890
      68.2034534614087704       89.2579369170028372      516.9042721516252641
      77.9753535447731565       87.0707117859222990      516.7759874713228783
      87.8308119091028203       84.0285228255791452      516.9487471186457697
      97.4455194578189605       80.2183782205706564      518.3084182909657329
     106.5989129850352981       75.6914324770431932      521.3046455740822012
     115.2459772322525566       70.4118736581069982      525.5655820733447854
     123.3545207383021847       64.3703007663668672      530.6093817675073296
     130.0155277925068447       58.4233093875585041      535.3329165531137050
     136.1678554320911303       51.9160985986951005      540.0102532783067772
     141.7664890903951118       44.8775153150911024      544.4045497007366521
     146.7809286775254236       37.3564667137033624      548.3543959869272157
     151.2057305319331704       29.4319762807349150      551.7925078758239579
     155.0555397065509737       21.2143202652980989      554.7000040668783640
     158.3639536043676515       12.8432256347904321      557.0892149738984926
     161.1821957842380471        4.4791199302654592      558.9979474870457352
     163.5736562674050560       -3.7123213536446014      560.4819763390128173
     165.6051511685754747      -11.5805549284253857      561.6061360358768297
     167.3396431845993959      -19.0057224835713079      562.4365404165907876
     168.8318610917332023      -25.9046449920855828      563.0349317555729840
     170.1265853784340152      -32.2298021160649526      563.4553113485260383
     171.2588777265991666      -37.9643055189999927      563.7425422531654249
     172.2554209848830737      -43.1152267061521002      563.9323818331920393
     173.1362825381390849      -47.7068359579469075      564.0523811405107608
     173.9166479625699822      -51.7746153654241326      564.1231875311300428
     174.6082909942951460      -55.3604108530897676      564.1599289946703948
     175.2207255767374363      -58.5087525247592168      564.1735058478913061
     175.7620314911285959      -61.2641892993983177      564.1716933148566113
     176.2393596407244445      -63.6695462096738396      564.1599963458610318
     176.6592103136537162      -65.7649027839887594      564.1422841407508031
     177.0275720630822889      -67.5870710969305435      564.1212527296387407
     177.3499822764844112      -69.1694065401644451      564.0987585389283367
     177.6315490346902948      -70.5418311073484148      564.0760576488364677
     177.8769580680659317      -71.7309852250332654      564.0539772757067567
     178.0904777806005939      -72.7604511270523631      564.0330389988280331
     178.2759683545865244      -73.6510101888646460      564.0135477140572675
     178.4368968054772040      -74.4209102353069056      563.9956561597457494
     178.5763576334140907      -75.0861281123704600      563.9794118914192040
     178.6970977241253991      -75.6606189860353737      563.9647915126193993
     178.8015438859205801      -76.1565478366224227      563.9517255546970773
     178.8918315278652642      -76.5845011523842629      563.9401164377641180
     178.9698332677531880      -76.9536783901600501      563.9298512882346586
     179.0371865796990676      -77.2720637077119363      563.9208109306048300
     179.0953198851642298      -77.5465790103835531      563.9128760433339949
     179.1454767319965526      -77.7832196413592243      563.9059312274649756
     179.1887378892112110      -77.9871741734144734      563.8998675550319604
     179.2260413166508215      -78.1629297894577633      563.8945840256401425
     179.2582000578894394      -78.3143647067277016      563.8899882529452725
     179.2859181616380226      -78.4448290293766917      563.8859966206949821
     179.3098047700391362      -78.5572153222699541      563.8825340850351040
     179.3303865285755592      -78.6540200957975202      563.8795337518072301
     179.3481184771414405      -78.7373972845456080      563.8769363212600183
     179.3633935790868463      -78.8092046966070967      563.8746894653812660
     179.3765510375725398      -78.8710443082629382      563.8727471828528905
     179.3923768549407782      -78.9344368008549395      563.8719386409935623
     179.4125929127824293      -78.9963775762127227      563.8735601388849545
     179.4370162758617653      -79.0560781740469452      563.8776275926993549
     179.4654010912699675      -79.1127796425441829      563.8841207726361517
     179.4974439219245994      -79.1657617279591932      563.8929848065120041
     179.5327892201428881      -79.2143516678900426      563.9041318136096379
     179.5710350422732233      -79.2579324548858608      563.9174427342447871
     179.6117390512273744      -79.2959504506082169      563.9327693911634469
     179.6544248159833330      -79.3279222433219502      563.9499367981758269
     179.6985883901940610      -79.3534406537623198      563.9687457164669695
     179.7437051324891684      -79.3721798068508946      563.9889754479642079
     179.7892367167362693      -79.3838991995252456      564.0103868468513610
     179.8346382688664562      -79.3884467084744614      564.0327255258423520
     179.8793655422214499      -79.3857604989664196      564.0557252549713212
