     177.6700000000000728       81.0046303237513001      746.4978394249459370
     177.5990141076733835       81.0979849225227412      746.4665961057603454
     177.5185604284158387       81.1825018538774970      746.4334546938085850
     177.4296002994760215       81.2571994274719032      746.3988001433474437
     177.3332006641156795       81.3212217103041581      746.3630359585016549
     177.2305197245847239       81.3738503377644236      746.3265791080056033
     177.1227913867822963       81.4145146876887935      746.2898547094800961
     177.0113086685366852       81.4428003403964027      746.2532905194805153
     176.8974062462832819       81.4584557835688372      746.2173112664002019
     176.7824423111653687       81.4613973630633978      746.1823328624163878
     176.6677798938224555       81.4517125309877201      746.1487565271809217
     176.5547677953277628       81.4296615032736639      746.1169628485797602
     176.4447212268672729       81.3956775148023439      746.0873057929903780
     176.3389022082817803       81.3503659573784574      746.0601066565911879
     176.2384996987663044       81.2945028144606852      746.0356479170632156
     176.1411495694316898       81.2336326629720702      746.0126108732315515
     176.0310331920496196       81.1647477439300644      745.9864935140204807
     175.9064963420101435       81.0868006361437921      745.9568802374387815
     175.7656759628093823       80.9986092878814787      745.9232984308374625
     175.6064753233639237       80.8988403612702456      745.8852104373747807
     175.4265366376768043       80.7859907058246165      745.8420043525204619
     175.2232110039518034       80.6583668078641836      745.7929834786873471
     174.9935255476245288       80.5140620682704196      745.7373542440062693
     174.7341476935070546       80.3509317741232962      745.6742123687531603
     174.4413465496530193       80.1665656525912738      745.6025270415459545
     174.1109514634247546       79.9582579307814711      745.5211228497192906
     173.7383079128832151       79.7229748761784975      745.4286591983310473
     173.3182310287703842       79.4573198621339429      745.3236069561996828
     172.8449572090949289       79.1574960949480868      745.2042220944333621
     172.3120944948740600       78.8192672564434531      745.0685161462608903
     171.7125726267281607       78.4379164608543533      744.9142234353074628
     171.0385940014484163       78.0082040982385223      744.7387652182682132
     170.2815870966887530       77.5243253370575474      744.5392112013020096
     169.4321643281459444       76.9798682811452437      744.3122393614560224
     168.4800867393620365       76.3677740109250607      744.0540956900545098
     167.4142383856580807       75.6802999683726938      743.7605564399437981
     166.2226137401613357       74.9089883438270476      743.4268967762865259
     164.8923218953000003       74.0446412538558718      743.0478714752696305
     163.4096117289357437       73.0773045156070253      742.6177155462299879
     161.7599225257373519       71.9962616677824627      742.1301753897382696
     159.9279647842386964       70.7900395025538955      741.5785842853149461
     157.8978374196586003       69.4464272586319851      740.9559997589483373
     155.6531904464186766       67.9525205920824220      740.2554237677451283
     153.1774263489893428       66.2947959085146721      739.4701234229469264
     150.4539394507959571       64.4592187631374856      738.5940719302834623
     147.4663964115647445       62.4313984314739798      737.6225260111564239
     144.1990560079078989       60.1968038620599089      736.5527441930430541
     140.6371811589690139       57.7410711726692085      735.3849549002848107
     136.7699879722790399       55.0508262668341217      734.1288652504646279
     132.5935588075678879       52.1145107457757177      732.8100634380156180
     128.1096776682301481       48.9226236564486499      731.4674326643905715
     123.3264406750795104       45.4684539648475408      730.1542127262190434
     118.2587516984616798       41.7489925679342235      728.9385340637281843
     112.9282822169571148       37.7658762049439503      727.9026775043793123
     107.3628037851755437       33.5258573030113425      727.1409567595026147
     101.5954162384808228       29.0408025307906499      726.7563900814882345
      95.6636658780718676       24.3272855134737682      726.8562541115214799
      89.6089844718355266       19.4046993897487354      727.5075864066693612
      83.4773142264113943       14.2924802506581461      728.5807507416172939
      77.3169833587956532        9.0172188622157616      729.8698965544355133
      71.1772987944338951        3.6142302818111522      731.1575656640201260
      64.3954060567493656       -2.5276962484146326      732.3325068443034525
      57.7703724861197259       -8.7072634351936511      732.9648104808842390
      51.3689261914475637      -14.8506638839209053      732.8405642896334484
      45.2475500663980768      -20.8892087485386071      731.9931277460582351
      39.4487045543545491      -26.7662288991540755      730.6565848883518584
      34.0053182766348598      -32.4354826442838871      729.0427530320600908
      28.9399926428921006      -37.8595550407571011      727.3226314430235107
      24.2646683218361545      -43.0082475758387091      725.6236158923056792
      19.9807728609491662      -47.8579001274733145      724.0318578663468543
      16.0804829379408716      -52.3918020361682011      722.5982762563533015
      12.5489250659857667      -56.6005759347055104      721.3461727461228747
       9.3673869118848252      -60.4811185805184266      720.2658599831208903
       6.5152983552000387      -64.0357746919436295      719.3233897432653521
       3.9700108251425026      -67.2732976917396854      718.4923553274956021
       1.7079797104405448      -70.2073336348040442      717.7539561823032273
      -0.2944870826698909      -72.8548631963320190      717.0946718589420925
      -2.0607299499679756      -75.2349697490094798      716.5045338275754148
      -3.6133285564724971      -77.3678362894200262      715.9759079903949441
      -4.9737894154388567      -79.2739541869636639      715.5026662434884202
      -6.1623272457799541      -80.9735238741100432      715.0796438451725408
      -7.1977291383101116      -82.4860216328564775      714.7022993699584958
      -8.0972875437053933      -83.8299045168339063      714.3665127049951025
      -8.8767877758622618      -85.0224261626422049      714.0684730069450552
      -9.5505367997564257      -86.0795387224541599      713.8046222251023210
     -10.1314217924864671      -87.0158595138881310      713.5716305981248979
     -10.6309888911992481      -87.8446846032034045      713.3663886650862196
     -11.0595344225706445      -88.5780350147851294      713.1860061952182832
     -11.4262026141976119      -89.2267243745222061      713.0278124922249390
     -11.7390852609025131      -89.8004394539533450      712.8893552064957930
     -12.0053200451777631      -90.3078272729298561      712.7683964700659089
     -12.2311852026533039      -90.7565841734376164      712.6629061585040290
     -12.4221890053035633      -91.1535436503894232      712.5710526121597468
     -12.5831531370001333      -91.5047607777721339      712.4911913843299089
     -12.7182894883889723      -91.8155918599572942      712.4218526430610154
     -12.8312702293011647      -92.0907685216188554      712.3617278150344418
     -12.9252912520881047      -92.3344658711497033      712.3096559747547190
     -13.0031292398094322      -92.5503646693548063      712.2646103808608586
     -13.0671927168313662      -92.7417076378129792      712.2256854614782924
     -13.1195675031109094      -92.9113501762024896      712.1920844815372220
     -13.1620570157734740      -93.0618058304294351      712.1631079891302534
     -13.1962178685737630      -93.1952868951758404      712.1381430698340864
     -13.2233912388416730      -93.3137405775317461      712.1166535971893836
     -13.2447304221611883      -93.4188811129713201      712.0981713802971171
     -13.2612249828905693      -93.5122182212877249      712.0822881725410980
     -13.2737218836315929      -93.5950822688878930      712.0686485021980161
     -13.2829439481303968      -93.6686464759705188      712.0569432725917522
     -13.2904813690489032      -93.7453156998102770      712.0451923564861545
     -13.2957161260821177      -93.8229780027030671      712.0338094567937333
     -13.2982406368988659      -93.9009601815645425      712.0229730766540115
     -13.2976657551160393      -93.9785989347370077      712.0128565735398070
     -13.2936267708860623      -94.0552481931975990      712.0036258044553961
     -13.2857891482771695      -94.1302861920730294      711.9954368507972049
     -13.2738539246151355      -94.2031221975352793      711.9884338552766394
     -13.2575627011457176      -94.2732028087246334      711.9827470023924434
     -13.2367021594167866      -94.3400177598685588      711.9784906724067923
     -13.2111080435961004      -94.4031051541711719      711.9757617966910175
     -13.1806685554698877      -94.4620560682473496      711.9746384396343046
     -13.1453271160312912      -94.5165184737852968      711.9751786291216149
     -13.1050844552761703      -94.5662004316357923      711.9774194539137397
     -13.0600000000000005      -94.6108725225558231      711.9813764421937776
     -13.0103877637499714      -94.6501963386275520      711.9870234979393899
     -12.9566186752460322      -94.6839006464269630      711.9943131343915184
     -12.8989221159667515      -94.7119566895889022      712.0031966156706176
     -12.8375796572410490      -94.7344041651205657      712.0136046328473185
     -12.7729229336577799      -94.7513495079278556      712.0254481137186531
     -12.7053308740148196      -94.7629633512680272      712.0386192925873274
     -12.6352263195233920      -94.7694771977256494      712.0529930228544799
     -12.5630720667507099      -94.7711793450737048      712.0684283118710027
     -12.4893663801226236      -94.7684101206538685      712.0847700545938324
     -12.4146380256287507      -94.7615564865613464      712.1018509402413201
     -12.3394408835827551      -94.7510460858546821      712.1194935043370151
     -12.2643482038071205      -94.7373408071040188      712.1375122972734744
     -12.1899465713640183      -94.7209299507571387      712.1557161397863638
     -12.1168296548696564      -94.7023230859411314      712.1739104354933261
     -12.0469535906728282      -94.6824491370773558      712.1915533570199841
     -11.9685401464389862      -94.6579208795902218      712.2116210191483106
     -11.8805555181169140      -94.6278362863418465      712.2344450516354755
     -11.7818311696494682      -94.5911446489529908      712.2604027397699156
     -11.6710449041242299      -94.5466246220335620      712.2899231664665649
     -11.5466994438955606      -94.4928591404964209      712.3234940808965803
     -11.4070982415161346      -94.4282068085900050      712.3616695516097934
     -11.2503182205120744      -94.3507693307918629      712.4050784596959147
     -11.0741791262489002      -94.2583545305668622      712.4544338828911805
     -10.8762091551968947      -94.1484344864929170      712.5105434144485343
     -10.6536065295146383      -94.0180983111555548      712.5743204513280489
     -10.4031966978012846      -93.8639991131603040      712.6467964757518985
     -10.1213848783541138      -93.6822947256832208      712.7291343445804159
      -9.8041037263001609      -93.4685818683652201      712.8226425964091959
      -9.4467560107567277      -93.2178235491296618      712.9287907939373099
      -9.0441523454960215      -92.9242697296155313      713.0492259507872177
      -8.5904442421620217      -92.5813715991887136      713.1857901661766164
      -8.0790530677984975      -92.1816902616642722      713.3405397359001654
      -7.5025959102800517      -91.7168012774391883      713.5157662657696847
      -6.8528099107861520      -91.1771973712513955      713.7140207437232675
      -6.1204773376254966      -90.5521927691222714      713.9381422122817185
      -5.2953545752830351      -89.8298341287577529      714.1912937351185064
      -4.3661093060185268      -88.9968249363814010      714.4770099134907468
      -3.3202714764084713      -88.0384726090891547      714.7992624551950485
      -2.1442051542364426      -86.9386703872497719      715.1625534300376330
      -0.8231100437757188      -85.6799293964733266      715.5720500651009388
       0.6589368607401414      -84.2434798899252542      716.0337804085116886
       2.3188874170141749      -82.6094644159192768      716.5549159891154432
       4.1745630163836056      -80.7572491088704822      717.1441755914006535
       6.2444161538902465      -78.6658819401184815      717.8123929997219648
       8.5472001739150407      -76.3147279919668335      718.5733001416642765
      11.1015374534789935      -73.6843112652824743      719.4445840328517079
      13.9253827058269977      -70.7573900491316294      720.4492712542212303
      17.0359225483490917      -67.5195496004739795      721.6096471782287836
      20.4504881820894333      -63.9587812308094144      722.9268840063086827
      24.1857047258300284      -60.0675679154698940      724.3869367521818958
      28.2567580102440274      -55.8437600018854923      725.9586606523944283
      32.6761971874236110      -51.2908045316472183      727.5881076194451680
      37.4520383876967955      -46.4179328103721645      729.1922227302256942
      42.5854867333525533      -41.2405840895108682      730.6529096041707589
      48.0685565202991540      -35.7817449135936485      731.8130072748090242
      53.8827027194485524      -30.0741697520830229      732.4762928496036238
      59.9972761134599963      -24.1639040590733778      732.4574210694522662
      66.3631758725028078      -18.1155356151876674      731.8102176295135450
      72.9178344071746665      -11.9997908044517114      730.7240143793405878
      79.5885068124451180       -5.8837530836784788      729.4420294722290237
      85.5875096386140086       -0.4659198230090299      728.3543934103913671
      91.5637624752138777        4.8641404764479219      727.5302539383185376
      97.4668366664411110       10.0743436529417743      727.1557232377360833
     103.2515470917388569       15.1381738855426828      727.2964166715427154
     108.8787579154818843       20.0308355973954555      727.8640847500282689
     114.3141802718989908       24.7299938833627095      728.7592755493925551
     119.5283788093836961       29.2168334163223591      729.8875595245165186
     124.4968640556178059       33.4766919550251174      731.1632725876758059
     129.2001683248598169       37.4993250140296297      732.5120520080322422
     133.6238386755846079       41.2787590450353221      733.8722430094587708
     137.7584223755278003       44.8126955119991237      735.1953442874980738
     141.5996043019603974       48.1019698070819004      736.4457054387887638
     145.1486238031127982       51.1502226311478694      737.6007187138360450
     148.4139373051146436       53.9638857735586370      738.6538646837908573
     151.4072324675332766       56.5513641581629045      739.6056103553599996
     154.1416353276956102       58.9224592873840010      740.4592463686675501
     156.6313845562669655       61.0880330944650609      741.2200735016767794
     158.8914868435074936       63.0597023975592990      741.8946855149520161
     160.9373785834185071       64.8495611106951344      742.4903745723689781
     162.7846137045075920       66.4699308173957917      743.0146674540601452
     164.4485906482884445       67.9331416259214933      743.4749853518039799
     165.9443272094598001       69.2513479633906854      743.8784114785130441
     167.2862803361664419       70.4363791936127086      744.2315449437694497
     168.4882069894960921       71.4996161025920429      744.5404210137922973
     169.5630700594697373       72.4518953864763660      744.8104822069694819
     170.5229828619308705       73.3034417037734300      745.0465843756176127
     171.3791845475406035       74.0638246104010847      745.2530250576642175
     172.1420396136621775       74.7419369607328292      745.4335847012122258
     172.8210556429534961       75.3459910970297955      745.5915741059930042
     173.4249143238918407       75.8835292170559654      745.7298835736214642
     173.9615116870182874       76.3614445842938210      745.8510308720343573
     174.4380042850628456       76.7860106336469812      745.9572062870322497
     174.8608587400418628       77.1629154606662553      746.0503138487838442
     175.2359026722811848       77.4972996190858225      746.1320083684749989
     175.5683755191840305       77.7937955618234014      746.2037282714504727
     175.8629781539707153       78.0565674289372282      746.2667244250184240
     176.1239205373513244       78.2893502052140349      746.3220852749711867
     176.3549668896048672       78.4954875385912203      746.3707586569840942
     176.5594780679663245       78.6779677306359133      746.4135706604678262
     176.7404509848117300       78.8394575861428137      746.4512419093251765
     176.9005550148785062       78.9823339460535863      746.4844015973831119
     177.0421654223596875       79.1087128321992594      746.5135995832035860
     177.1673938975515057       79.2204762095429658      746.5393168141088154
     177.2781163330572554       79.3192964268857565      746.5619743152572028
     177.3759979955736412       79.4066584349864399      746.5819409480038757
     177.4625162644158536       79.4838799056212366      746.5995401132748839
     177.5455429210328475       79.5657656958277073      746.6155563047869919
     177.6208658381032137       79.6564872832450703      746.6282949506415889
     177.6873949100261711       79.7551089294754405      746.6375379805737111
     177.7441698272012331       79.8605668599366112      746.6431201793200216
     177.7903682523005102       79.9716887705723849      746.6449289977366561
     177.8253132564282453       80.0872132525102955      746.6429041098710968
     177.8484795609829803       80.2058093069719575      746.6370367925144365
     177.8594983551643054       80.3260959760065418      746.6273689547297181
     177.8581604913732122       80.4466620428208756      746.6139917610016710
     177.8444179149025217       80.5660857001545878      746.5970438229592219
     177.8183832339772152       80.6829540466014521      746.5767089504145133
     177.7803273792621894       80.7958822455970846      746.5532134647742168
     177.7306753401978199       80.9035321669021243      746.5268230876235975
     177.6700000000000728       81.0046303237513001      746.4978394249459370
