     178.8532565244955777      -41.9843339735148788      527.8098186804490979
     178.8781764951600906      -41.9734467511584270      527.8238705118333201
     178.9013790006545435      -41.9576658646045857      527.8373949191557131
     178.9225876736890086      -41.9371848688053817      527.8502316419903764
     178.9415516085614684      -41.9122560909687891      527.8622292650247800
     178.9580487487355924      -41.8831873844809977      527.8732471928911991
     178.9718889342566399      -41.8503381893845017      527.8831575057113241
     178.9829165808685900      -41.8141149447962661      527.8918466802849707
     178.9910129703760049      -41.7749659050403395      527.8992171648941394
     178.9960981411535386      -41.7333754166218895      527.9051887995906327
     178.9981323791682826      -41.6898577173793825      527.9097000788538026
     178.9971173242524571      -41.6449503217956902      527.9127092601441973
     178.9930967248506590      -41.5992070571597665      527.9141953308355824
     178.9861568990521619      -41.5531908132241483      527.9141588584498095
     178.9764269935387802      -41.5074660621842355      527.9126227668141382
     178.9651818858669969      -41.4613541554664238      527.9103122528709946
     178.9520148109211561      -41.4073440673317066      527.9076010040326992
     178.9365984432889434      -41.3440846695351283      527.9044185728889715
     178.9185501270349619      -41.2699943784233767      527.9006817667570886
     178.8974226656339965      -41.1832221298800931      527.8962922027892546
     178.8726936251095196      -41.0816018690083240      527.8911333404148536
     178.8437529235068268      -40.9625995337077526      527.8850668589670931
     178.8098884441642156      -40.8232513792273792      527.8779282134414643
     178.7702693575046453      -40.6600923582855600      527.8695211716604945
     178.7239268408443138      -40.4690731386574782      527.8596109755156931
     178.6697317812277106      -40.2454642460973275      527.8479157458784812
     178.6063689793288063      -39.9837457733916750      527.8340955939019068
     178.5323072831580475      -39.6774811482347900      527.8177386783979728
     178.4457649330394133      -39.3191736766745521      527.7983431691214946
     178.3446691900693395      -38.9001050798594719      527.7752936701035651
     178.2266090081353127      -38.4101561799965623      527.7478300853074415
     178.0887790415176255      -37.8376114979988785      527.7150061071496339
     177.9279125825793813      -37.1689521238946199      527.6756333956413982
     177.7402000010908409      -36.3886452466820671      527.6282059952843611
     177.5211877919810206      -35.4789447385246390      527.5707975046266256
     177.2656513038149910      -34.4197258454017998      527.5009208781324332
     176.9674314924704106      -33.1883890832197963      527.4153374560067959
     176.6192225257269399      -31.7598846220726294      527.3097979335956325
     176.2122927079130648      -30.1069294109031915      527.1786937049953394
     175.7361160331018937      -28.2005154269427436      527.0145927886735535
     175.1778858673018249      -26.0108385010200109      526.8076311334683623
     174.5218761341507729      -23.5088117123386233      526.5447286759755343
     173.7486094291353425      -20.6683616626007094      526.2086016113953519
     172.8337861161961655      -17.4697327963972207      525.7765495536675644
     171.7469230814695891      -13.9040325756072409      525.2190094304011154
     170.4496418523161765       -9.9792234995226199      524.4978857112823789
     168.8935305967800105       -5.7276918086569397      523.5646890319106888
     167.0175031062417759       -1.2153535760185155      522.3585661186654079
     164.7446003400438315        3.4479413361350812      520.8044329328541835
     161.9784197863356781        8.0968171485055827      518.8119098725945832
     158.6007005890616597       12.4971801601376864      516.2776534933507264
     154.4757408148057038       16.3326626844737604      513.0989821799740866
     149.4712322865645433       19.2059986310421031      509.2126304906299765
     143.4862965204547720       20.6959153316421762      504.6555203094555964
     136.4438595254741244       20.4743235254522915      499.5930777880971618
     128.2949995099925218       18.3892187510775891      494.2479280086354265
     119.0066076520041065       14.4755752425641777      488.8939323280138751
     108.5809350221700953        8.9565393617895079      483.9031246579946810
      97.1018548257785028        2.2475444944441421      479.7499350149450947
      84.8157363147878698       -5.0597866004135836      476.8099406686752673
      72.4014270950478362      -12.2091149439656643      474.4840309294652911
      59.4544155289775418      -18.9041627878132559      471.4550235979249351
      48.4627908935339349      -23.0739420052641293      467.2786211282649447
      39.7845255590911435      -24.0100199415301994      462.7760513053138993
      33.1754854351833117      -21.7420744221549747      459.0062094332650986
      27.9839127696985486      -16.4655623793155250      456.0713855265104257
      23.8507901709039629       -8.5199228669874234      453.8158140755174372
      20.5948056836389810        1.0009826739197143      452.0210569601977113
      17.8856699325173345       10.6991291485808677      450.4123796043060111
      15.3791505852732531       19.4393332960744942      448.8249373964950450
      12.8550216582384369       26.6123905566639074      447.2408405906519420
      10.2479262406668816       32.1114462850033107      445.7181883713889192
       7.6026694861034239       36.1289510928246145      444.3126904425547536
       5.0056367009308840       38.9538039819822188      443.0574597729250854
       2.5443094847787906       40.8686048064566450      441.9627684581147378
       0.2844886487201670       42.1176439693571396      441.0224701584381819
      -1.7387209547106119       42.8977552453410738      440.2210927188851883
      -3.5172676615392389       43.3579791842628026      439.5399841608165161
      -5.0609220166394557       43.6055633603658066      438.9612152592389407
      -6.3888305227254527       43.7150143098043387      438.4691847618418024
      -7.5239009521261790       43.7369581288260534      438.0508265565634929
      -8.4896021188374835       43.7052958328993739      437.6952669194618011
      -9.3082996774130322       43.6424635990759668      437.3933862565008326
     -10.0004720540487178       43.5631282261159640      437.1374494101971777
     -10.5844133498803377       43.4767283787562135      436.9208324471290439
     -11.0762012069241749       43.3892048420482581      436.7378282862113679
     -11.4898044931003955       43.3041729377019564      436.5835063125888951
     -11.8372593049976409       43.2237146810030310      436.4536060671156292
     -12.1288721296334518       43.1489126531612754      436.3444518562346275
     -12.3734266904749681       43.0802086677852643      436.2528805095703319
     -12.5783815447157927       43.0176436579033279      436.1761780623927507
     -12.7500518450132194       42.9610170927629227      436.1120232232304943
     -12.8937724843225823       42.9099919467385220      436.0584365902296895
     -13.0140420814279505       42.8641629079162882      436.0137350971257320
     -13.1146485314870276       42.8230998528995599      435.9764913684171574
     -13.1987775108307588       42.7863747634611258      435.9454977075108104
     -13.2691056220217511       42.7535776374939758      435.9197344236142158
     -13.3278799416540039       42.7243251582665380      435.8983421704988928
     -13.3769856830108580       42.6982646664743086      435.8805979442565786
     -13.4180035670790794       42.6750751487704676      435.8658943750335766
     -13.4522583448189899       42.6544663917691409      435.8537219496956823
     -13.4808597529722967       42.6361770682619010      435.8436538158261442
     -13.5047370278889840       42.6199722651334127      435.8353328389720218
     -13.5246679538948822       42.6056407904767127      435.8284606114940516
     -13.5413032880075050       42.5929924829020621      435.8227881402301591
     -13.5551872824917545       42.5818556693323416      435.8181079696571487
     -13.5667749206649830       42.5720748647090517      435.8142475261792583
     -13.5780230581301780       42.5620730281743604      435.8105481502008161
     -13.5890729900085283       42.5516573848103192      435.8069700058275089
     -13.5997773180584591       42.5408761773368269      435.8035697493076555
     -13.6099926963206901       42.5297785743111376      435.8004023302353289
     -13.6195816705374355       42.5184143032507222      435.7975202533261836
     -13.6284144427114402       42.5068332819248837      435.7949728684369006
     -13.6363705382077924       42.4950852529441718      435.7928056983674878
     -13.6433403540628966       42.4832194269377936      435.7910598135691771
     -13.6492265687081709       42.4712841396253609      435.7897712623359894
     -13.6539453951188889       42.4593265279516316      435.7889705643572711
     -13.6574276614381596       42.4473922301629614      435.7886822746965549
     -13.6596197053764463       42.4355251142635197      435.7889246243101979
     -13.6604840711126396       42.4237670387140611      435.7897092421786169
     -13.6600000000000001       42.4121576485386242      435.7910409629773767
     -13.6581664851239601       42.4007617654499001      435.7929138851916377
     -13.6549995182464556       42.3896413598670705      435.7953152481057941
     -13.6505291214800710       42.3788275662872778      435.7982293933263804
     -13.6448017590919832       42.3683482046872300      435.8016340874491448
     -13.6378797662161162       42.3582277927014985      435.8055007690649063
     -13.6298405781551075       42.3484876022437078      435.8097948772729069
     -13.6207757704512140       42.3391457574095114      435.8144762570802300
     -13.6107899222819047       42.3302173697505708      435.8194996360332993
     -13.5999993179366321       42.3217147063904591      435.8248151654979097
     -13.5885305031280730       42.3136473859820370      435.8303690191942223
     -13.5765187146557249       42.3060225971922534      435.8361040409081966
     -13.5641062034546049       42.2988453342485897      435.8419604327494312
     -13.5514404723031561       42.2921186440881200      435.8478764749203265
     -13.5386724504274980       42.2858438798072456      435.8537892676856131
     -13.5256284289598483       42.2798766469552518      435.8597849216682221
     -13.5101219824816177       42.2732782177140933      435.8668618270775141
     -13.4916900554382941       42.2660278491751811      435.8752127917749704
     -13.4697823335382054       42.2581123538490644      435.8850654372795361
     -13.4437447825783671       42.2495274054776715      435.8966886136753374
     -13.4128001487687225       42.2402788803046576      435.9103999513206418
     -13.3760248958148704       42.2303842015438065      435.9265747215579836
     -13.3323219759818183       42.2198736065263205      435.9456561968785309
     -13.2803887491255281       42.2087911789291397      435.9681677174347101
     -13.2186792789880165       42.1971953720126578      435.9947266828322086
     -13.1453601564847329       42.1851585769776065      436.0260606921393673
     -13.0582589361864105       42.1727650395488425      436.0630260461950911
     -12.9548042423750225       42.1601060625962134      436.1066287982529275
     -12.8319566329169721       42.1472709019829210      436.1580484839092264
     -12.6861294464378460       42.1343309933620844      436.2186645698599818
     -12.5130991683414745       42.1213140340415180      436.2900855234343567
     -12.3079054370606862       42.1081628363969145      436.3741802123478237
     -12.0647418290110657       42.0946715556575555      436.4731110927339728
     -11.7768402405398405       42.0803885784365406      436.5893683400230429
     -11.4363543656974738       42.0644706299826368      436.7258037487923730
     -11.0342519285004030       42.0454659671589610      436.8856629352322898
     -10.5602316100724121       42.0209951576313330      437.0726142306646125
     -10.0026897916156994       41.9872850375760791      437.2907728350133993
      -9.3487750320616296       41.9384940495066942      437.5447195630453621
      -8.5845846541754618       41.8657444643939556      437.8395152129862709
      -7.6955756586016664       41.7557485379335986      438.1807147218711975
      -6.6672731294593177       41.5888811497105948      438.5743908227699421
      -5.4863419443544812       41.3365078483719302      439.0271873873305708
      -4.1419991878930160       40.9573063380329927      439.5464441035517211
      -2.6275328763862578       40.3921560318567359      440.1404750153073451
      -0.9414060783391265       39.5567727083664593      440.8191243128860037
       0.9124645911707108       38.3306171543093228      441.5945917307102491
       2.9241517594287458       36.5408635830611956      442.4817208384123433
       5.0734688919484983       33.9450391810797711      443.4952156325409192
       7.3217694478884754       30.2276562389713277      444.6407160322675622
       9.6129636202298752       25.0379395160090326      445.9016061992987261
      11.9083863217799966       18.1062525211417231      447.2345126972206799
      14.2621963878914837        9.4617818442102433      448.5971226043715205
      16.8976976170723567       -0.3708989066333911      450.0196055474597188
      20.2247239340477982      -10.3819079301615389      451.6957559534631628
      24.7893178595846173      -19.3267513806228806      454.0389571329122873
      31.1612769023447278      -25.9384649940646881      457.5651170525769658
      39.5158518596946493      -28.9867524321066696      462.3391846730368684
      49.6042875343197238      -28.0608032383201369      467.5144364004047475
      61.5012335392883429      -23.6832209128504623      471.7795857438614462
      74.9329296083683261      -16.8387188605826097      474.7873033903585451
      87.4735358527788947       -9.6511408215091645      477.2661063796028884
      99.6368398754643181       -2.3907212176177337      480.5501055963907788
     110.8311274317151884        4.2036547851832271      484.9743312279225051
     120.8304741060592846        9.5630596481012748      490.0267561496970075
     129.5308080333853411       13.3141056039643608      495.1989926594828830
     136.9233506075860589       15.3169161596514343      500.1126668700501909
     143.0963808978095813       15.6577834548269568      504.5484630679661677
     148.2389105233992836       14.5712215816729938      508.4333525881172022
     152.5827174517997946       12.3282089382417563      511.7825982406824323
     156.2984052993583646        9.1914871164133842      514.6420182384110831
     159.4881198269109746        5.4293418828613502      517.0501066125059424
     162.2210434661769796        1.3071776883710848      519.0461234004020525
     164.5567650252864951       -2.9413741129811690      520.6777929062319572
     166.5507801503051155       -7.1329290769574927      521.9981964486393053
     168.2536097831409450      -11.1371413018165804      523.0599505906585591
     169.7095898221207051      -14.8704813417847408      523.9110824602233834
     170.9565929826109993      -18.2867997923106103      524.5930863349684614
     172.0264651271733953      -21.3677760665519045      525.1405067237085404
     172.9457883140358661      -24.1146103023627134      525.5813722371935910
     173.7367181425449871      -26.5413656210189757      525.9380199606033557
     174.4177679918365698      -28.6699002143547546      526.2280368933693353
     175.0044861107982683      -30.5261696208154198      526.4651680812095265
     175.5100128420184831      -32.1376395262000543      526.6601191520730936
     175.9455260327866313      -33.5315589578592324      526.8212279215661056
     176.3205912835132381      -34.7338756055722868      526.9550059300795510
     176.6434356238600003      -35.7686141357235954      527.0665637255477805
     176.9211618555435450      -36.6575767853830854      527.1599386434752432
     177.1599180875379034      -37.4202595168228740      527.2383442550465134
     177.3650339554226321      -38.0739053009756958      527.3043587895970177
     177.5411321895917354      -38.6336386545713850      527.3600670530884145
     177.6922218156943245      -39.1126429247502330      527.4071674428013239
     177.8217774069673283      -39.5223547627158140      527.4470530059248858
     177.9328074363873498      -39.8726595742587122      527.4808732737035371
     178.0279138196500526      -40.1720782656636146      527.5095818505424177
     178.1093441028458813      -40.4279400174067476      527.5339734037956987
     178.1790373405523837      -40.6465386979367409      527.5547127112408816
     178.2386644557222439      -40.8332723349696352      527.5723577028360296
     178.2896637159491320      -40.9927661368369840      527.5873779137754127
     178.3332718624188260      -41.1289801500234731      527.6001693928025134
     178.3705513628223684      -41.2453029242515328      527.6110668418475598
     178.4024142123226682      -41.3446326506577648      527.6203535699826261
     178.4296426685174310      -41.4294472193693153      527.6282697046164003
     178.4529072726035679      -41.5018645602511143      527.6350190003395255
     178.4727824774422515      -41.5636945164869260      527.6407745100570992
     178.4897601731306622      -41.6164833744322138      527.6456833263825956
     178.5042613718562166      -41.6615520464608835      527.6498705584290292
     178.5198257911849851      -41.7053919276591571      527.6547158149624011
     178.5378596418888719      -41.7478062565517405      527.6609845126398568
     178.5581781942811403      -41.7882477747783483      527.6686200807558862
     178.5805619503379660      -41.8261961694935707      527.6775454053047270
     178.6047607334402301      -41.8611641886307879      527.6876645985638561
     178.6304978282288687      -41.8927034411947830      527.6988648141244767
     178.6574742169452463      -41.9204097770505157      527.7110181367529549
     178.6853729272338853      -41.9439281563551418      527.7239835589898576
     178.7138634847341905      -41.9629569323641647      527.7376090444041665
     178.7426064486951987      -41.9772514838386641      527.7517336691350920
     178.7712579983347894      -41.9866271451012949      527.7661898276728607
     178.7994745304371236      -41.9909613932855237      527.7808054849572272
     178.8269172239751299      -41.9901952634880899      527.7954064543954473
     178.8532565244955777      -41.9843339735148788      527.8098186804490979
