     173.5000000000000000       98.0316710613656284      853.5388180797147015
     173.4285996738837525       98.0251826104898498      853.5271263559252475
     173.3580482990643645       98.0084838660906854      853.5167350465995924
     173.2891869702773135       97.9817844304708103      853.5077673988857896
     173.2228342768555649       97.9454196256851617      853.5003288366474408
     173.1597754433931584       97.8998462371997391      853.4945054959453046
     173.1007518277354507       97.8456367329991110      853.4903629805206720
     173.0464508746926526       97.7834720320694686      853.4879453499070223
     172.9974966095439868       97.7141329137289745      853.4872743487552498
     172.9544407362540710       97.6384901754914551      853.4883488809775827
     172.9177543799595185       97.5574936618685911      853.4911447262356887
     172.8878204794562805       97.4721602995652603      853.4956144887237315
     172.8649267895860362       97.3835612857476463      853.5016877585669590
     172.8492593900288625       97.2928085852394986      853.5092714535529694
     172.8408965072094361       97.2010408993969861      853.5182502918564751
     172.8362333717691968       97.1100758983619272      853.5277811034280830
     172.8308791798872903       97.0055296349923992      853.5387235879569516
     172.8247329557117951       96.8853833382887046      853.5512839685752624
     172.8176794619924976       96.7473210005574913      853.5656976790647832
     172.8095873614495872       96.5886865109614092      853.5822332092146780
     172.8003072074064903       96.4064348888130667      853.6011963620715051
     172.7896692757833819       96.1970768927605633      853.6229349353505995
     172.7774812660543091       95.9566162213984200      853.6478438268104583
     172.7635259214270604       95.6804784650585560      853.6763705451666056
     172.7475586507835885       95.3634309224268719      853.7090210822309473
     172.7293052798022188       94.9994923661575967      853.7463660659716425
     172.7084601193495814       94.5818318389552815      853.7890470648375185
     172.6846846183881041       94.1026556005397907      853.8377828465938819
     172.6576069669371236       93.5530814487102873      853.8933753039718795
     172.6268231278141343       92.9229998377057598      853.9567146360175229
     172.5918998898326890       92.2009215644604581      854.0287832056567368
     172.5523806181046211       91.3738123632591623      854.1106572627593323
     172.5077943686555386       90.4269156520277022      854.2035054023750718
     172.4576688310136774       89.3435660672346046      854.3085821848421801
     172.4015469993987892       88.1049985292754059      854.4272147323117679
     172.3390063058075725       86.6901606933838025      854.5607792787948256
     172.2696768301861709       85.0755411513074336      854.7106635253119293
     172.1932516643728377       83.2350321483537527      854.8782091776673724
     172.1094769387647716       81.1398544666308652      855.0646271815595583
     172.0181006802099546       78.7585841804657036      855.2708759313760538
     171.9187477339382895       76.0573369138224251      855.4974902379119612
     171.8106717039918863       73.0001855964580812      855.7443464159426867
     171.6923138898608272       69.5499127178656238      856.0103471292358108
     171.5605759055480632       65.6692211174415093      856.2930104695738009
     171.4097325802140972       61.3224753106617655      856.5879653583060644
     171.2299857354457799       56.4780241258851063      856.8883812398994451
     171.0056340231545562       51.1111990206864562      857.1843643609465744
     170.7129077073218468       45.2079504288351401      857.4623862162522983
     170.3176731039728224       38.7689317603439747      857.7048476748359462
     169.7734114356670148       31.8136065063836035      857.8899134551089674
     169.0201185085439306       24.3836290104865583      857.9917683863416187
     167.9849952459109375       16.5443562873618255      857.9814405544185547
     166.5858851253109663        8.3829688591941203      857.8283062292071008
     164.7382043479140350        0.0015362671716077      857.5023471003828490
     162.3651779108808455       -8.4944980663118859      856.9771338925536384
     159.4076575477667461      -17.0060628869966237      856.2330971678904916
     155.8301132594869784      -25.4465003499889519      855.2609130821701910
     151.6233315109610089      -33.7432496386121485      854.0652918327305088
     146.8036709530737483      -41.8347803919854115      852.6687556095293985
     141.4083481711463435      -49.6642743194574905      851.1143028429746664
     135.4911627081791039      -57.1722987831979523      849.4677346002323475
     128.0997947661456635      -65.3544845088841555      847.5721833756158503
     120.2118517048727995      -72.9087581069691311      845.8484821830361398
     111.9244151598859105      -79.7459843673439792      844.4933248291984000
     103.3339502048051060      -85.8140611720067881      843.7200704565897240
      94.5488112167691099      -91.1084730111086856      843.7461381685062634
      85.6868945968167566      -95.6591898194465671      844.6495637391786886
      76.8546612477020403      -99.4916740270678588      846.0857239340298293
      68.1761322277991724     -102.6495115073218756      847.6024709500898098
      59.7877620793600641     -105.1957859584537687      848.7799647042165816
      51.8172480119909551     -107.2058741483315032      849.3057278331224325
      44.3779918149008878     -108.7775263806768891      849.1608669748502507
      37.5581254018603516     -110.0227587592035405      848.5969440503403121
      31.3973996566447582     -111.0291263402084070      847.8244268093963001
      25.8969030426430891     -111.8603791125082978      846.9881462101080842
      21.0316454972541358     -112.5616940029812838      846.1779071208871983
      16.7604637002863193     -113.1645053058587109      845.4425332463234781
      13.0333830910519932     -113.6904943173755669      844.8029801475901195
       9.7962128440676892     -114.1541584089561070      844.2591823380224696
       6.9938801546899683     -114.5648601098948518      843.7964556964509484
       4.5746037176766201     -114.9298380836654729      843.4014395563549442
       2.4908916474575635     -115.2550027476354302      843.0634127822628443
       0.6997772827470539     -115.5452758143637624      842.7736487743710541
      -0.8371963906108998     -115.8048222837906849      842.5249495930370358
      -2.1541546996513188     -116.0372114591289261      842.3113103819503067
      -3.2811678290994188     -116.2455312090999655      842.1276758402433416
      -4.2445807671640292     -116.4324713495994388      841.9697606818600661
      -5.0673652745662787     -116.6003864509931134      841.8339143531086393
      -5.7694726981357958     -116.7513447168919782      841.7170165238869686
      -6.3681739103257904     -116.8871672054325188      841.6163942966240938
      -6.8783780340117158     -117.0094601422706830      841.5297551007033690
      -7.3129254172048030     -117.1196421098584750      841.4551312496082573
      -7.6828529520350308     -117.2189672914225156      841.3908334485053047
      -7.9976315949774044     -117.3085455692388877      841.3354113846230575
      -8.2653770779637732     -117.3893600401297874      841.2876200749788040
      -8.4930354828217318     -117.4622823621393053      841.2463909955941972
      -8.6865457193123383     -117.5280862507624988      841.2108072451899261
      -8.8509810995757316     -117.5874593795628584      841.1800821502133658
      -8.9906722116093203     -117.6410138954090456      841.1535408255415405
      -9.1093132135764900     -117.6892957249415161      841.1306042838941721
      -9.2100535360020679     -117.7327928214991317      841.1107757475108428
      -9.2955768156780660     -117.7719424778592128      841.0936288643215448
      -9.3681687105529576     -117.8071378083762681      841.0787975714697495
      -9.4297750702399803     -117.8387334839389382      841.0659673837653827
      -9.4820517690622772     -117.8670507848279669      841.0548679147784696
      -9.5264073517962462     -117.8923820207753579      841.0452664645174536
      -9.5640394985031882     -117.9149943553800313      841.0369625303874273
      -9.6015224547508566     -117.9387388303450024      841.0285194486435785
      -9.6383909460344181     -117.9635311481516453      841.0200124185664663
      -9.6741591643124387     -117.9892681105147858      841.0115221043004112
      -9.7083541240339084     -118.0158441955435933      841.0031277622649668
      -9.7405216834007984     -118.0431521984650658      840.9949063309843496
      -9.7702323315557376     -118.0710838654187000      840.9869315532412202
      -9.7970866686530851     -118.0995305146154664      840.9792731413250522
      -9.8207205096332721     -118.1283836393927942      840.9719959956186131
      -9.8408095472531567     -118.1575354880007183      840.9651594861032891
      -9.8570735154724893     -118.1868796153134582      840.9588168055863662
      -9.8692798005830902     -118.2163114020700476      840.9530144025516165
      -9.8772464544182750     -118.2457285377111020      840.9477915005358000
      -9.8808445715019744     -118.2750314633763651      840.9431797098308152
      -9.8800000000000843     -118.3041237721679551      840.9392027361427608
      -9.8747037054223838     -118.3328246569867872      840.9358872849373938
      -9.8650026344858190     -118.3609582317471478      840.9332517499468622
      -9.8509898750785663     -118.3884427887573167      840.9312949881693839
      -9.8328129171258336     -118.4152030612935249      840.9300075312530680
      -9.8106718881897077     -118.4411703188399798      840.9293718119077994
      -9.7848171264252048     -118.4662823884558236      840.9293624914025713
      -9.7555461211296723     -118.4904836046622734      840.9299468836397864
      -9.7231998590683393     -118.5137246910998385      840.9310854700676146
      -9.6881586222224314     -118.5359625780098014      840.9327324985669065
      -9.6508372895027623     -118.5571601603410130      840.9348366583901679
      -9.6116802012075002     -118.5772860019600614      840.9373418223048020
      -9.5711556505044157     -118.5963139920454807      840.9401878462618924
      -9.5297500709161440     -118.6142229602665168      840.9433114162213769
      -9.4879619926201997     -118.6309962577797421      840.9466469311978472
      -9.4462658147601424     -118.6466322159519251      840.9501299696740944
      -9.3973981990677693     -118.6637649067725420      840.9543798897029774
      -9.3401273511635239     -118.6824477132567779      840.9595570902746431
      -9.2730091966268127     -118.7027218916688156      840.9658526208070271
      -9.1943507722283471     -118.7246139416293147      840.9734935473316000
      -9.1021674180994445     -118.7481324698555625      840.9827492391997339
      -8.9941327716947566     -118.7732644017389134      840.9939387360818728
      -8.8675204190267536     -118.7999703782688243      841.0074393793508989
      -8.7191358989720058     -118.8281791584909541      841.0236969197042072
      -8.5452375843330550     -118.8577808279818129      841.0432373450587420
      -8.3414447824088072     -118.8886185900287131      841.0666807105429825
      -8.1026312143152754     -118.9204788867253768      841.0947572976451738
      -7.8228018561651691     -118.9530795603458699      841.1283264850213754
      -7.4949509717119316     -118.9860557190988857      841.1683987835773451
      -7.1108990578130546     -119.0189429127255636      841.2161615804462826
      -6.6611063938157162     -119.0511571477608470      841.2730092622929305
      -6.1344609801930758     -119.0819711720873784      841.3405785672465527
      -5.5180389352777235     -119.1104863213669063      841.4207902778024390
      -4.7968359807484537     -119.1355990260243800      841.5158987635645644
      -3.9534696069700455     -119.1559607944975596      841.6285514897663234
      -2.9678530287346727     -119.1699300652251878      841.7618615427796840
      -1.8168443309150117     -119.1755136758540488      841.9194976625886966
      -0.4738775342850410     -119.1702947085314435      842.1057984666333596
       1.0914129683900926     -119.1513419437505519      842.3259208456627221
       2.9135566087001541     -119.1150938031330639      842.5860373529071694
       5.0315725484592448     -119.0572060523928286      842.8936042933751196
       7.4892183678484177     -118.9723470316639293      843.2577315773453392
      10.3351066055838672     -118.8539158430033780      843.6896972686063236
      13.6226129351225822     -118.6936463691166779      844.2036631243693137
      17.4087966685585265     -118.4805049422038650      844.8138356569818370
      21.7503909014046748     -118.1973836610770263      845.5179437696008335
      26.7012414293548161     -117.8191391756530351      846.2930180744335757
      32.3079150838091209     -117.3094280401999185      847.0864287227010436
      38.6029693672199699     -116.6160416331134684      847.8013490832659045
      45.5960255038173869     -115.6649897190751233      848.2802300407186067
      53.2624855099456269     -114.3535048185557343      848.2898667434966455
      61.5351862325779919     -112.5517509368664264      847.5711666687523120
      70.3263414013145791     -110.1513269827135133      846.2086624372573169
      79.5209828172233273     -107.0634412470752466      844.5685115141575352
      88.9769671935209061     -103.2174469885646175      843.1577120274901063
      98.5408496263364810      -98.5729964819272340      842.5365057920572553
     108.0436902159034673      -93.0975546567168806      842.9631648458744166
     117.3041424969459143      -86.7606336399366000      844.2253431340600400
     126.1742077780586015      -79.5838211119214805      846.0532382054780101
     134.5416623552134467      -71.6345117356325716      848.1911809469880836
     142.3168536510962099      -63.0045884829747749      850.4187369665860388
     148.5059614034711615      -55.0521026122560642      852.2830097148175810
     154.1356955884341460      -46.7095173732126767      853.9980322985662724
     159.1446668726206610      -38.0353570926828581      855.5013053943185923
     163.4756171999005687      -29.1035667852032347      856.7526526845654189
     167.0927008968695304      -20.0081391945909424      857.7349926131887514
     169.9939410806626370      -10.8613609421190525      858.4519290578919026
     172.2157388956091211       -1.7867892890279449      858.9228735734213842
     173.8289669410433191        7.0901848242155721      859.1774131931020975
     174.9286801969296334       15.6521678929982073      859.2505814269018174
     175.6196399038937557       23.7997562470223301      859.1785066567173317
     176.0023619075568035       31.4572739002354815      858.9952522648080731
     176.1645667726917281       38.5740764910638418      858.7316739087164024
     176.1776978161958311       45.1231556902241806      858.4146065691290914
     176.0967377980544484       51.0980373014510860      858.0664125284008605
     175.9618925986997340       56.5088200639737295      857.7049297992314223
     175.8011172517076659       61.3780311785470047      857.3437535849295728
     175.6328148793559478       65.7367666815563041      856.9927379417940756
     175.4683207120185671       69.6213830166276892      856.6586041553894120
     175.3139882836814252       73.0708409032907298      856.3455654815418256
     175.1728457763665858       76.1246620876432303      856.0559134402204791
     175.0458574769917846       78.8214570720468828      855.7905319460223836
     174.9327958868628059       81.1979816826820553      855.5493118659570655
     174.8328025588021433       83.2885809273582822      855.3314708077666637
     174.7447338154900081       85.1249073055899288      855.1357936091183092
     174.6673636274035744       86.7358285405713332      854.9608091292395784
     174.5994949798202924       88.1474612061956293      854.8049174054584682
     174.5400149026769725       89.3832841361239474      854.6664790309047248
     174.4879164328799561       90.4642989825050847      854.5438763076344912
     174.4423023413097553       91.4092153901705586      854.4355536305608894
     174.4023796881139674       92.2346456229790448      854.3400427851604491
     174.3674504680498671       92.9552987399569730      854.2559774183972650
     174.3369012023883329       93.5841680966097869      854.1820998386278916
     174.3101928842341124       94.1327084674333889      854.1172624656439893
     174.2868518615525772       94.6110007818743384      854.0604256310973597
     174.2664618111572281       95.0279035886042180      854.0106529714241788
     174.2486567560589492       95.3911910942196641      853.9671053178421971
     174.2331150033203926       95.7076780899905231      853.9290337384866234
     174.2195538663674483       95.9833323707305652      853.8957722023282031
     174.2077250487848517       96.2233754210799930      853.8667301961158955
     174.1974105875083296       96.4323722348701153      853.8413855221062931
     174.1884192737136345       96.6143111685494915      853.8192774271510643
     174.1805834865422753       96.7726747275591350      853.8000001564932973
     174.1737563876775994       96.9105021573923864      853.7831969837110364
     174.1678094342199756       97.0304446677047281      853.7685547380053777
     174.1626301741558791       97.1348140646096851      853.7557988287260287
     174.1581202937080661       97.2256255078328167      853.7446887524740760
     174.1499074986397488       97.3171019454560025      853.7328579783338682
     174.1343786898969483       97.4072900736866814      853.7199089555859928
     174.1116107931571548       97.4950531832718923      853.7059837783124294
     174.0817890921674405       97.5792853564137488      853.6912395158167328
     174.0452010270818164       97.6589253236509336      853.6758456009956717
     174.0022296568651257       97.7329697790322030      853.6599812375515057
     173.9533465950555637       97.8004859793830406      853.6438328103754429
     173.8991043191683730       97.8606234638567400      853.6275912974889479
     173.8401278184557270       97.9126247420555416      853.6114496911945935
     173.7771055913547684       97.9558348128686731      853.5956004421786929
     173.7107800382699452       97.9897093916982556      853.5802329441646634
     173.6419373208255195       98.0138217408050991      853.5655310790475596
     173.5713967775959645       98.0278680158777291      853.5516708436563249
     173.5000000000000000       98.0316710613656284      853.5388180797147015
