     178.4095757300814000       89.4663971878314612      669.1725429429557153
     178.3172264130595863       89.4710405411379099      669.1378584588428566
     178.2239913021389270       89.4623167520060463      669.1045641034111213
     178.1309783758246397       89.4403256912748361      669.0730543406602919
     178.0392921018198820       89.4053343535578762      669.0437025845824337
     177.9500185863115576       89.3577745709257272      669.0168560378606344
     177.8642108119428258       89.2982385835256451      668.9928307249716681
     177.7828741156468482       89.2274724748982067      668.9719067837301054
     177.7069519684072247       89.1463675381316847      668.9543242214210750
     177.6373123982314439       89.0559496058420876      668.9402787735425591
     177.5747351021042846       88.9573664865034885      668.9299179890856522
     177.5198990700186528       88.8518737369955005      668.9233379849154062
     177.4733708276357333       88.7408189562834764      668.9205806405211661
     177.4355932078273668       88.6256248521613657      668.9216311776134489
     177.4068744359181551       88.5077713715649992      668.9264160305104951
     177.3831596066412430       88.3909389937198995      668.9329250976483081
     177.3561812839931235       88.2576445120887172      668.9403500476964837
     177.3255029881593146       88.1055747114059642      668.9488187186958612
     177.2906333448480325       87.9320937073693472      668.9584762934323408
     177.2510200853287188       87.7341988707126887      668.9694874130359494
     177.2060435972165919       87.5084711115523532      668.9820384314862167
     177.1550100239070673       87.2510189633232613      668.9963397585729581
     177.0971439037971322       86.9574159214869553      669.0126281995195541
     177.0315803212756123       86.6226305470604530      669.0311691414478901
     176.9573565020604065       86.2409489570398193      669.0522583528827454
     176.8734027149003225       85.8058895169099571      669.0762230431754460
     176.7785322257401788       85.3101098550846046      669.1034216623932025
     176.6714298717361942       84.7453067727948053      669.1342416952095391
     176.5506385614727947       84.1021102696389562      669.1690943996295573
     176.4145426449168212       83.3699737940235934      669.2084050484078261
     176.2613466163476517       82.5370640108473310      669.2525967361224275
     176.0890470086380049       81.5901549063209188      669.3020652132427131
     175.8953946148643013       80.5145329644950039      669.3571415070185822
     175.6778433607022407       79.2939224778764498      669.4180383123505180
     175.4334813037578726       77.9104427896559173      669.4847753347449952
     175.1589384493205444       76.3446123455420320      669.5570780300320166
     174.8502655013010383       74.5754177032884087      669.6342436523705146
     174.5027775561064516       72.5804688061519698      669.7149684050909855
     174.1108574606325874       70.3362643602153241      669.7971300890760631
     173.6677156027448916       67.8185922701858743      669.8775223594984709
     173.1651069325948242       65.0030886448039382      669.9515400187979139
     172.5930127544012862       61.8659733712535598      670.0128202176205150
     171.9393044806247701       58.3849743530647842      670.0528518093180992
     171.1894023832164748       54.5404910021647211      670.0605639430585825
     170.3259233471333971       50.3170113169486015      670.0219060791550874
     169.3283629655614391       45.7047173748752940      669.9194652344459655
     168.1728757423876459       40.7012206582992206      669.7321798808134190
     166.8322152088231007       35.3133225346702915      669.4352216241941278
     165.2758944072350573       29.5586496437687174      669.0001295538750128
     163.4706102083631549       23.4669749089357254      668.3952916990933772
     161.3809362611825691       17.0810132182559755      667.5868702183971664
     158.9702279690118871       10.4564910006857996      666.5402586024035827
     156.2016063976089413        3.6613439434604378      665.2221375381864164
     153.0388075406037274       -3.2260475007432063      663.6031552157687656
     149.4466809373155911      -10.1201945509465041      661.6612118101248825
     145.3916076035228286      -16.9337522134855085      659.3854553544076680
     140.8419972381203706      -23.5837001480645512      656.7809656172412360
     135.7756327806430647      -29.9982504426352534      653.8854717720379313
     130.1929413348247806      -36.1243870958157629      650.7949601709160561
     124.1150322721524191      -41.9335193540920486      647.6588441234548554
     117.5868019347511364      -47.4255007762163601      644.6778632990078677
     109.6593350682230295      -53.3589519041644849      641.7690799691979464
     101.3888303658712999      -58.9989949578717017      639.7653547030383834
      92.9605123680871657      -64.4458268661331317      639.0085638748372503
      84.5823494823478086      -69.7538281865362677      639.4388524466727404
      76.4667623606731723      -74.8751995821290137      640.4159068472615672
      68.7717980469344923      -79.7048028531200998      641.3372262937753021
      61.5848951166059919      -84.0985254528195156      641.7682602219791761
      54.9187606550784437      -87.8956326535105035      641.4448293301857120
      48.7145607017483115      -90.9759114745575772      640.2807702096118874
      42.8633583503601727      -93.3300024053684893      638.5122682375604199
      37.2785449984549970      -95.0261745653815950      636.3895140018016718
      31.9323298497812438      -96.1782616899139100      634.1116409171600026
      26.8501603744025559      -96.9215307297370998      631.8543835003216600
      22.0817040865992489      -97.3876053935391610      629.7648015313088763
      17.6710746455288294      -97.6854580869057543      627.9444140476773555
      13.6441629628297392      -97.8945184057994879      626.4434252213187619
      10.0100673622152598      -98.0646412676480850      625.2559709176820206
       6.7683567083363734      -98.2182120729009824      624.3100636858164307
       3.9045361110293397      -98.3658589855376420      623.5398931085499044
       1.3934921209050688      -98.5125627050627628      622.8993929735555639
      -0.7955613225597602      -98.6599271034204719      622.3569830903212505
      -2.6955405708453335      -98.8077020927470642      621.8911412435604689
      -4.3391446291949736      -98.9547551915414374      621.4870570737307389
      -5.7574211100727748      -99.0996583796705153      621.1342785032270513
      -6.9789828653632853      -99.2410177899377288      620.8251403831400239
      -8.0296625702828592      -99.3776384941821789      620.5537568404936337
      -8.9324466977997385      -99.5085884343674678      620.3153956260489394
      -9.7075770934419943      -99.6332043796345772      620.1060994520718168
     -10.3727446806204817      -99.7510675688729833      619.9224608866387598
     -10.9433262886818738      -99.8619661367461617      619.7614893896202375
     -11.4326340455364992      -99.9658543360202714      619.6205317658432250
     -11.8521592098540829     -100.0628139795742868      619.4972225103423398
     -12.2118004527210484     -100.1530206671187528      619.3894502732464389
     -12.5200717683221274     -100.2367156652825031      619.2953327041835792
     -12.7842883717479694     -100.3141833675636718      619.2131955392661666
     -13.0107308140024678     -100.3857337903053661      619.1415538672533785
     -13.2047885775396967     -100.4516893729846174      619.0790946525282834
     -13.3710849231105229     -100.5123753227106533      619.0246601833880504
     -13.5135849458028172     -100.5681127966911959      618.9772323920635699
     -13.6356887975576093     -100.6192143059499386      618.9359181009460826
     -13.7403119292358706     -100.6659808220507557      618.8999352714140514
     -13.8299540497483431     -100.7087001618409516      618.8686003146751773
     -13.9067583244584938     -100.7476463068059616      618.8413164935903978
     -13.9725621584589472     -100.7830793816249582      618.8175634132793448
     -14.0289407425332442     -100.8152460716282519      618.7968875719935795
     -14.0772443856629987     -100.8443803031435948      618.7788939239907222
     -14.1261022415430375     -100.8756071869253788      618.7603857544517041
     -14.1741397169940058     -100.9083866239685108      618.7418283769524123
     -14.2207276845916315     -100.9426045450128697      618.7234144495566852
     -14.2652553713148027     -100.9781419695245717      618.7053333509232971
     -14.3071380659360905     -101.0148755910898046      618.6877688425547603
     -14.3458244517034768     -101.0526784013346173      618.6708967835209023
     -14.3808034768967588     -101.0914203429685045      618.6548829318622893
     -14.4116106837723734     -101.1309689811845658      618.6398808669447362
     -14.4378339250038863     -101.1711901817115518      618.6260300663010412
     -14.4591184057821831     -101.2119487833585936      618.6134541688998070
     -14.4751709990564503     -101.2531092529731325      618.6022594543138666
     -14.4857637908090027     -101.2945363113471018      618.5925335639528839
     -14.4907368216211996     -101.3360955197476301      618.5843444864351568
     -14.4900000000000002     -101.3776538183559381      618.5777398244182450
     -14.4835467267987248     -101.4189353629933805      618.5727665813614067
     -14.4714413669581727     -101.4596684108455520      618.5694505950965549
     -14.4538058758324777     -101.4997321155333339      618.5677762126661037
     -14.4308308974502815     -101.5390121137099584      618.5677069574977622
     -14.4027734949524842     -101.5774006597826542      618.5691862793802329
     -14.3699540928501168     -101.6147966659464572      618.5721385777187606
     -14.3327526636022675     -101.6511056563572026      618.5764704775884866
     -14.2916041984598507     -101.6862396462101827      618.5820723341195162
     -14.2469935099303928     -101.7201169579211353      618.5888199375191334
     -14.1994494205941901     -101.7526619874923313      618.5965763885982369
     -14.1495384002824913     -101.7838049344697993      618.6051941130536989
     -14.0978577207419455     -101.8134815086790610      618.6145169819307057
     -14.0450282037304657     -101.8416326262085363      618.6243825056182004
     -13.9916866448765802     -101.8682041059559822      618.6346240693181926
     -13.9392734199570167     -101.8927838525376472      618.6449154496298206
     -13.8784422744370861     -101.9196917705990586      618.6570972011562617
     -13.8078393674418454     -101.9490607311908690      618.6715034769205204
     -13.7258913129401794     -101.9810246984618800      618.6885228246052293
     -13.6307691727626761     -102.0157191428779129      618.7086060526444271
     -13.5203464986737831     -102.0532816833756158      618.7322750564384251
     -13.3921504324292577     -102.0938530270020550      618.7601326729957236
     -13.2433047077191581     -102.1375783142788265      618.7928736214521450
     -13.0704632092335942     -102.1846090289632230      618.8312965736564593
     -12.8697325319762346     -102.2351056921992551      618.8763173867099567
     -12.6365817515705441     -102.2892416325173031      618.9289835253121055
     -12.3657373723735109     -102.3472082021145866      618.9904897203485916
     -12.0510611830002219     -102.4092218899693307      619.0621949779138049
     -11.6854085527425777     -102.4755338506568023      619.1456412171971806
     -11.2604646080602286     -102.5464424002575186      619.2425741581947705
     -10.7665558387816684     -102.6223089857348327      619.3549677394261153
     -10.1924351679737200     -102.7035779422828057      619.4850545511689006
      -9.5250396480428954     -102.7907999034561612      619.6353668943997945
      -8.7492221399970269     -102.8846578494928679      619.8087967143644619
      -7.8474622321726981     -102.9859932117614818      620.0086887353425027
      -6.7995681981974023     -103.0958268191142935      620.2389910330452949
      -5.5823923057989848     -103.2153652435754196      620.5045030311548544
      -4.1695980316126002     -103.3459765539461017      620.8112852021932895
      -2.5315418568012751     -103.4891096669291812      621.1673308239478501
      -0.6353665089293314     -103.6461172025803705      621.5836509602152091
       1.5545518717037110     -103.8179215717348143      622.0759899614580490
       4.0756045377554422     -104.0044363284743554      622.6674637319472367
       6.9651428689384982     -104.2036180129612433      623.3924746607760881
      10.2575662476718215     -104.4099770644257603      624.3022543111613913
      13.9800254352174953     -104.6123204297498148      625.4722038731772500
      18.1505346955884512     -104.7861248376747767      626.9847964939705207
      22.7835218448465753     -104.8750490341229238      628.8547639450921451
      27.8814960026274221     -104.7862741241210642      631.0384192026053825
      33.4289936254637539     -104.3856498950137421      633.4247147565104115
      39.3879546089191450     -103.5034353413380757      635.8225443004206454
      45.7006516449609279     -101.9663284525733928      637.9635434463342563
      52.3119099716817288      -99.6508044709185157      639.5244881089892033
      59.2038832351867939      -96.5283574725119138      640.1841722839134263
      66.3905283338940535      -92.7068993586259467      639.9821218750820435
      73.9148262248623809      -88.3558252413189678      639.2170462074282113
      81.8155937639734816      -83.6214307726459225      638.2680144105246427
      90.0676747515674236      -78.6146287064374008      637.6524916328966128
      98.5662600095911756      -73.4086376477711724      638.0379162687133885
     107.1581681846251399      -67.9887222971529894      639.8050631413345855
     115.6737597713326551      -62.2441454640343466      642.7466632293485418
     123.9207277383199113      -56.0513390381168364      646.5060180981832900
     130.7585357361614342      -50.1947101308030597      650.1350965287090276
     137.1364858783545060      -43.8969399102693032      653.8004098682936274
     142.9755647493416859      -37.1763152865814845      657.2770991304128074
     148.2345379860059609      -30.0916106192826796      660.4165520378599012
     152.9122136542924295      -22.7326515596738368      663.1559792077690645
     157.0232503301843394      -15.2062738178004881      665.4741862926526892
     160.5936712359767853       -7.6250676037269605      667.3784971311449681
     163.6590248033659805       -0.0981252836625081      668.8962623261606950
     166.2618897191354108        7.2756768792781790      670.0669067284059111
     168.4491915894781471       14.4114601497059844      670.9355775808273847
     170.2699579949742201       21.2399246521634169      671.5487458224890815
     171.7732695707516086       27.7078388648022482      671.9512944008046134
     173.0063469650096408       33.7775744444382937      672.1846559422360770
     174.0130187831343846       39.4259103477261093      672.2857582785102295
     174.8326889725022966       44.6423493737897701      672.2865638682292229
     175.4998040069534113       49.4271648012882210      672.2140264150776829
     176.0437469408005029       53.7893594846730423      672.0903272671665718
     176.4890522367215340       57.7446795284454595      671.9332871699095904
     176.8558313111714710       61.3137835597544978      671.7568746793169794
     177.1603121555012024       64.5206321756068490      671.5717524827722400
     177.4154105561940469       67.3911536571687151      671.3858140167262718
     177.6312673802022175       69.9521748544198942      671.2046778630644894
     177.8157492833932736       72.2305527694400240      671.0321391501003063
     177.9749060968486845       74.2525062601895911      670.8705718510598217
     178.1133680046461620       76.0431304021081331      670.7212740656797223
     178.2346785532469085       77.6260667851643262      670.5847511905011515
     178.3415622706689874       79.0233024860420983      670.4609462146187298
     178.4361344315988731       80.2550706774202496      670.3494208238389547
     178.5200616999393333       81.3398286224630738      670.2494936770872300
     178.5946823763656539       82.2942922770625671      670.1603432460092336
     178.6610945229843139       83.1335102761271827      670.0810821504336445
     178.7202192891422499       83.8709634759650555      670.0108091564903816
     178.7728456153607226       84.5186792861271670      669.9486441026090233
     178.8196613246605011       85.0873526744221209      669.8937500980789537
     178.8612745250993612       85.5864679488956028      669.8453464730046107
     178.8982282984450194       86.0244172233894346      669.8027151896344549
     178.9310108598745330       86.4086128915786276      669.7652027725348489
     178.9600627433239310       86.7455925135921291      669.7322192820092823
     178.9857820836269582       87.0411153119973022      669.7032354338837195
     179.0085287091331168       87.3002500341914356      669.6777786453001227
     179.0286275034058860       87.5274543171902906      669.6554285440709009
     179.0463713188123336       87.7266459332426507      669.6358123020268067
     179.0620236079080314       87.9012664377931117      669.6186000258172726
     179.0758208637588211       88.0543378143717064      669.6035003493675504
     179.0879749146479867       88.1885127363052561      669.5902563106262733
     179.0986750923117938       88.3061190591307508      669.5786415536636014
     179.1049146665401963       88.4258683751999115      669.5651029234703628
     179.1016907204682980       88.5452026231173051      669.5481618766998508
     179.0888762081567904       88.6626561640888156      669.5279656646392823
     179.0664878122099708       88.7767850221886476      669.5047098314644245
     179.0346804557354403       88.8861847643540841      669.4786338506918355
     178.9937414118016932       88.9895077077154184      669.4500167899391272
     178.9440837219730440       89.0854793359834076      669.4191729095118717
     178.8862387490385402       89.1729138052200199      669.3864471394590510
     178.8208477697453702       89.2507284190718053      669.3522104064788891
     178.7486525722866872       89.3179569531272932      669.3168548007247409
     178.6704850677773777       89.3737617070112975      669.2807885861216164
     178.5872559596842848       89.4174441614414803      669.2444310680697299
     178.4999425432338853       89.4484541164882074      669.2082073407083271
     178.4095757300814000       89.4663971878314612      669.1725429429557153
