     159.8100000000002865      -44.0108692877942786     1029.0092545184095343
     159.8187531298209478      -44.0063132653619817     1029.0084259194377410
     159.8268934934317826      -44.0006181144823358     1029.0077186692969917
     159.8343247335119486      -43.9938527954122662     1029.0071408185158361
     159.8409595509104406      -43.9860996630690977     1029.0066987660961786
     159.8467208810585021      -43.9774533977488957     1029.0063971840252179
     159.8515429507548617      -43.9680197768703280     1029.0062389624704338
     159.8553722060889299      -43.9579143013606739     1029.0062251753092823
     159.8581681049692520      -43.9472606916553730     1029.0063550653278526
     159.8599037710132791      -43.9361892692298213     1029.0066260480730307
     159.8605665095982715      -43.9248352400206628     1029.0070337329868835
     159.8601581919417072      -43.9133368958654273     1029.0075719600085904
     159.8586955196089434      -43.9018337489910877     1029.0082328492867418
     159.8562101905146164      -43.8904646122836226     1029.0090068609047194
     159.8527489993768143      -43.8793656340742757     1029.0098828604809569
     159.8484909156387346      -43.8675339231114876     1029.0108829238831731
     159.8434095993631274      -43.8534154191653016     1029.0120764742969186
     159.8373459897842963      -43.8365685655088200     1029.0135009562166033
     159.8301103351522272      -43.8164667258721323     1029.0152010646911549
     159.8214762888646305      -43.7924818675619747     1029.0172301510556281
     159.8111738776883612      -43.7638651474658928     1029.0196519019714287
     159.7988811299704821      -43.7297238266164712     1029.0225423448787296
     159.7842141132453264      -43.6889938381422098     1029.0259922419338636
     159.7667150865036660      -43.6404072175765947     1029.0301099519833770
     159.7458384205006041      -43.5824534717163345     1029.0350248506319986
     159.7209338806189578      -43.5133338122720232     1029.0408914170373009
     159.6912268002766950      -43.4309070131122681     1029.0478941185463100
     159.6557945987183871      -43.3326254659283521     1029.0562532493488561
     159.6135390165167678      -43.2154598115340960     1029.0662319094442410
     159.5631533576182051      -43.0758103182454661     1029.0781443454911823
     159.5030839428744684      -42.9094029741551140     1029.0923659158706869
     159.4314849043927893      -42.7111680713822395     1029.1093449882912410
     159.3461653947440197      -42.4750989100989855     1029.1296171282847354
     159.2445282675739975      -42.1940881721735295     1029.1538219878448217
     159.1234993296337734      -41.8597395598032307     1029.1827233489173068
     158.9794463950040040      -41.4621525426415261     1029.2172328047604424
     158.8080876113263571      -40.9896786345676674     1029.2584375535209347
     158.6043888711006673      -40.4286487394846361     1029.3076327010517161
     158.3624505028643057      -39.7630731221379392     1029.3663582769161167
     158.0753836725390045      -38.9743190764711827     1029.4364407944444793
     157.7351766336824426      -38.0407773578818222     1029.5200385554837794
     157.3325494787274863      -36.9375384258832042     1029.6196889413602094
     156.8567923028513462      -35.6361157123642798     1029.7383546213964109
     156.2955741357870068      -34.1042785287580088     1029.8794640608105055
     155.6346964717815524      -32.3060957848359394     1030.0469402880326015
     154.8577430441851845      -30.2023479428327519     1030.2452113106796787
     153.9455438360375581      -27.7515425253845436     1030.4791967968762947
     152.8753333241827761      -24.9118700579232737     1030.7542671447740759
     151.6195356541422541      -21.6444707110073473     1031.0761516227087213
     150.1441887961144346      -17.9181838889491942     1031.4507245469433201
     148.4070516114386180      -13.7158916046443018     1031.8834924293043969
     146.3556948580158803       -9.0422002599992766     1032.3783383287395736
     143.9262929528198924       -3.9314644485989358     1032.9345713360733043
     141.0444438231811546        1.5458430078784939     1033.5407505963521544
     137.6316565940606438        7.2816878767402269     1034.1786589323296539
     133.6201144427131453       13.1388536872034596     1034.8374693934908919
     128.9702119304250516       18.9716395556405217     1035.5041588274716560
     123.6847387854603539       24.6490715502278306     1036.1646004520296174
     117.8139345282668842       30.0711487026191762     1036.8081732851126162
     111.4460885912191799       35.1692652088705273     1037.4333660496229186
     104.6891073392690288       39.8908169327984368     1038.0517922167882716
      97.3819769961664861       44.3367792243953858     1038.7137939149354224
      89.8887187360326152       48.2433612082291390     1039.4345898941628548
      82.3142535670548909       51.5295386653925718     1040.2353030102317462
      74.7645559106171902       54.1379364829836263     1041.1210771254791325
      67.3535606160688758       56.0581775376910656     1042.0887937899262852
      60.2022247527888226       57.3378410158056653     1043.1245593441551591
      53.4308600471168731       58.0789294634013373     1044.2036680845535557
      47.1416792210065125       58.4136467006876074     1045.2789196018861730
      41.4033938175756333       58.4714470302227269     1046.2756070803559396
      36.2484936471935839       58.3583535568432268     1047.1451590057372414
      31.6771277352371605       58.1495710726524280     1047.8688022881951838
      27.6661754545274654       57.8941322685543653     1048.4487909947233675
      24.1779528447199752       57.6228827926686193     1048.8995838877597180
      21.1666591150699190       57.3545209500399196     1049.2410937368383657
      18.5830749476913368       57.0997323204673606     1049.4942188307145443
      16.3778481141612708       56.8640238866840093     1049.6782833830266100
      14.5036602081667922       56.6496463418061467     1049.8098492223277844
      12.9165456542597408       56.4568794084139967     1049.9024564565315814
      11.5766933906417755       56.2849413542354782     1049.9681181209743954
      10.4485906811107494       56.1324535310849271     1050.0163914874497095
       9.5008488903649493       55.9976866156031292     1050.0531853183044859
       8.7060631513427857       55.8788121817251877     1050.0821196224583218
       8.0405375747546781       55.7740477785445705     1050.1054485245410888
       7.4839369228913144       55.6817316624336485     1050.1246124454341953
       7.0189128570716726       55.6003556830082672     1050.1405649329071821
       6.6307344329008995       55.5285740793487363     1050.1539646279939006
       6.3069399931156189       55.4651990479308523     1050.1652875726845195
       6.0370193393895111       55.4091895992069396     1050.1748929784939719
       5.8121297711862310       55.3596375245281678     1050.1830620422445008
       5.6248463171965195       55.3157526464081428     1050.1900212477321475
       5.4689445792623337       55.2768485307190716     1050.1959567597746172
       5.3392135904526956       55.2423292490770379     1050.2010236890407668
       5.2312956369925860       55.2116774362649920     1050.2053523708254943
       5.1415498919089320       55.1844436935398619     1050.2090528661030930
       5.0669368132919619       55.1602372841510018     1050.2122183645817586
       5.0049204785901065       55.1387180158699266     1050.2149278736951601
       4.9533862987236859       55.1195891847708310     1050.2172484134944170
       4.9105718449134583       55.1025914517537458     1050.2192368472344697
       4.8750088047930609       55.0874975306070880     1050.2209414280077908
       4.8454743501418260       55.0741075792124164     1050.2224031145012759
       4.8209504402112309       55.0622452011001400     1050.2236566936060171
       4.8005897998207399       55.0517539812075896     1050.2247317385388214
       4.7836875002447794       55.0424944959909368     1050.2256534253954214
       4.7696572348720645       55.0343417526562533     1050.2264432270881116
       4.7580115228892987       55.0271830238076092     1050.2271195006892412
       4.7483451953188665       55.0209160509661217     1050.2276979819673670
       4.7391092687485408       55.0145975588750957     1050.2282681256817796
       4.7300210138428689       55.0079986865059638     1050.2288492264503930
       4.7211996024175020       55.0011466862966287     1050.2294367560566570
       4.7127610739019383       54.9940694427453280     1050.2300262283383745
       4.7048168600311548       54.9867953051429410     1050.2306132470728244
       4.6974723668362621       54.9793529219184194     1050.2311935525967783
       4.6908256318190062       54.9717710780793425     1050.2317630665515935
       4.6849660732484475       54.9640785371680707     1050.2323179341806281
       4.6799733473621394       54.9563038890772830     1050.2328545636053150
       4.6759163278982232       54.9484754049765840     1050.2333696615560257
       4.6728522208475392       54.9406209004965902     1050.2338602650688699
       4.6708258256158608       54.9327676082004075     1050.2343237687186956
       4.6698689519469383       54.9249420602431258     1050.2347579470144865
       4.6699999999994102       54.9171699819848769     1050.2351609716608891
       4.6712223505706305       54.9094917040513835     1050.2355306480517356
       4.6735256608149820       54.9019463777875671     1050.2358652072759924
       4.6768873325355207       54.8945562054907299     1050.2361640917713430
       4.6812714179607369       54.8873418967129112     1050.2364271746791928
       4.6866290518707743       54.8803226350135631     1050.2366547492258633
       4.6928990463552713       54.8735160617326443     1050.2368475127047986
       4.7000086407892221       54.8669382762844364     1050.2370065453560528
       4.7078743976584505       54.8606038522741954     1050.2371332845061715
       4.7164032330323984       54.8545258685529120     1050.2372294944045734
       4.7254935687859421       54.8487159541498528     1050.2372972322382338
       4.7350365921392434       54.8431843458634773     1050.2373388108530889
       4.7449176067316943       54.8379399571488406     1050.2373567587469552
       4.7550174582943523       54.8329904568158710     1050.2373537779189974
       4.7652140170414032       54.8283423559500562     1050.2373327001716916
       4.7758255809463552       54.8238184578520560     1050.2372945577089922
       4.7885419980792463       54.8187539000328030     1050.2372304386883570
       4.8037801577902020       54.8131170983780009     1050.2371313516910050
       4.8220398486597889       54.8068802061051770     1050.2369860353232980
       4.8439203365321370       54.8000201636018573     1050.2367805050973857
       4.8701402391768012       54.7925199453338365     1050.2364975170657999
       4.9015613377795049       54.7843700877132207     1050.2361159317008514
       4.9392170857437803       54.7755705951575251     1050.2356099589028418
       4.9843467160950281       54.7661333337703553     1050.2349482619281389
       5.0384360122946443       54.7560850346068761     1050.2340928939256628
       5.1032659953220829       54.7454710426847697     1050.2329980346844422
       5.1809709935522141       54.7343599646018149     1050.2316084853284792
       5.2741078008924136       54.7228493869141346     1050.2298578618272131
       5.3857378900090183       54.7110728583930097     1050.2276663982731861
       5.5195249243017415       54.6992083496017827     1050.2249382171939942
       5.6798500910268235       54.6874884184946950     1050.2215578272725907
       5.8719480348359756       54.6762123131538686     1050.2173854346360713
       6.1020663664893231       54.6657602190780452     1050.2122503424920978
       6.3776517924513199       54.6566097863264915     1050.2059411619679850
       6.7075657589790607       54.6493549142994723     1050.1981905878931229
       7.1023319785920176       54.6447264681668941     1050.1886508085635796
       7.5744170810858416       54.6436140519741684     1050.1768527215938320
       8.1385435704572959       54.6470870101051673     1050.1621372048659850
       8.8120307853959581       54.6564112186463191     1050.1435384351796074
       9.6151539575585154       54.6730555676986540     1050.1195856100018773
      10.5715027673746498       54.6986777245503220     1050.0879673089341395
      11.7083077023735918       54.7350719168122453     1050.0449676524813185
      13.0566833482626539       54.7840508200274812     1049.9845293598923490
      14.6517315742310945       54.8472306426799960     1049.8969705587737735
      16.5326807150225044       54.9258341112285393     1049.7705025698564896
      18.7426144305108231       55.0202362136757444     1049.5916947327912112
      21.3275607293493827       55.1291057232273971     1049.3441761367303116
      24.3350013250117740       55.2481651855280376     1049.0089887642029680
      27.8114512620835370       55.3683167882705618     1048.5658538292445883
      31.7987905742636556       55.4728709564297020     1047.9958086679962435
      36.3289545899939483       55.5335210910581694     1047.2857164210759038
      41.4164777540728721       55.5045531411024768     1046.4349464034332868
      47.0494822666266472       55.3154477361257904     1045.4636275283069153
      53.1840120805432122       54.8670424042182887     1044.4195815153159401
      59.7465461106477704       54.0389821140099400     1043.3737053549245957
      66.6426559896588628       52.7084857031133325     1042.3700916825030163
      73.7727840727852566       50.7785682847147228     1041.4292074855220562
      81.0405537061296570       48.1996280154963657     1040.5620114554103566
      88.3515378628716519       44.9744744825089526     1039.7709429689532499
      95.6087071288162633       41.1520438227669842     1039.0523444122334240
     102.7044169092831112       36.8099536605672384     1038.3937382296735450
     109.2690217093287686       32.2114192930424466     1037.7870021911212461
     115.4455197281140499       27.2653330811988859     1037.1845993013082534
     121.1280717140794536       22.0258573520937126     1036.5752283654680923
     126.2487256907170519       16.5628928794670962     1035.9567400889829969
     130.7838369316678211       10.9685859008885025     1035.3332126498921752
     134.7486770887382477        5.3557278223744174     1034.7117563598817469
     138.1878804226191448       -0.1491670300980744     1034.0997904555656532
     141.1618430280946086       -5.4205230962288331     1033.5039754210388310
     143.7335629323586943      -10.3529550769176897     1032.9312717076561512
     145.9615600585670450      -14.8734957107750034     1032.3962612161387824
     147.8956874160602126      -18.9435536776333251     1031.9107642642272822
     149.5764880943762023      -22.5543311625944334     1031.4790377042857017
     151.0368336738197286      -25.7195632159622534     1031.1009505354961675
     152.3038214658733125      -28.4679883169995271     1030.7738235668084599
     153.4004082867739100      -30.8368626120253531     1030.4935323991307996
     154.3466214801824208      -32.8669999452332036     1030.2552300536742678
     155.1603667090635383      -34.5992792089352790     1030.0538439499828200
     155.8578623846244682      -36.0724615319882886     1029.8844212679798602
     156.4538345408895736      -37.3220435947754510     1029.7423495088744403
     156.9615998982928033      -38.3797903463271837     1029.6234757976585570
     157.3931122934184259      -39.2736805415588606     1029.5241516914948079
     157.7590103541227506      -40.0280854383928286     1029.4412284753022959
     158.0686811109115695      -40.6640652785161905     1029.3720232088437569
     158.3303414324296341      -41.1997128876858127     1029.3142702634434045
     158.5511331968396860      -41.6505033510053693     1029.2660680982917256
     158.7372261990497009      -42.0296275051247008     1029.2258271343123397
     158.8939230319900560      -42.3482984059851546     1029.1922218411611993
     159.0257613499062757      -42.6160265680450863     1029.1641483764792611
     159.1366103168286941      -42.8408634512443456     1029.1406880560280115
     159.2297593088521239      -43.0296146024841306     1029.1210763585745553
     159.3079979387358946      -43.1880247910314949     1029.1046769006645718
     159.3736871900538290      -43.3209378549888129     1029.0909597275758642
     159.4288219243780134      -43.4324340494522545     1029.0794832753047103
     159.4750853135510624      -43.5259475956076471     1029.0698794141476355
     159.5138959023549035      -43.6043669518722865     1029.0618410581741955
     159.5464480678119230      -43.6701201082173256     1029.0551119010165166
     159.5737466425131856      -43.7252469696438766     1029.0494779092700810
     159.5966364341022654      -43.7714606605657508     1029.0447602672536505
     159.6158273174922897      -43.8101993582348257     1029.0408095202076311
     159.6319155113158104      -43.8426700558317037     1029.0375007076595466
     159.6454015824371879      -43.8698854672116312     1029.0347293156819433
     159.6567056563550864      -43.8926951164587535     1029.0324079071660890
     159.6661802494689368      -43.9118115061123504     1029.0304633141647628
     159.6741210827240991      -43.9278321271872656     1029.0288342967533026
     159.6807761855919523      -43.9412579604916615     1029.0274695895564037
     159.6863535546844446      -43.9525090206354392     1029.0263262707574086
     159.6919504881595060      -43.9626685194706042     1029.0252275942013966
     159.6984092537628896      -43.9722904066412141     1029.0240500077629804
     159.7056641752996029      -43.9812468631191749     1029.0228070174109689
     159.7136373323255327      -43.9894194212549934     1029.0215131842107894
     159.7222400386103232      -43.9967002344529945     1029.0201838789225803
     159.7313743327551947      -44.0029932673983097     1029.0188350387647915
     159.7409344972990368      -44.0082153765025126     1029.0174829265420158
     159.7508086116474715      -44.0122972562928823     1029.0161438933278077
     159.7608801365702220      -44.0151842323015217     1029.0148341465021531
     159.7710295227527126      -44.0168368850741771     1029.0135695252636197
     159.7811358322527440      -44.0172314934960411     1029.0123652858712830
     159.7910783592443806      -44.0163602889081176     1029.0112358988317283
     159.8007382348537249      -44.0142315145518950     1029.0101948601347885
     159.8100000000002865      -44.0108692877942786     1029.0092545184095343
