     175.4599999999999795       83.9389674494407529      809.0573587475251998
     175.4014305318357287       84.0026926444873254      809.0375361751638366
     175.3363399033767109       84.0594001755684275      809.0169458981645221
     175.2655098206129480       84.1084238588926070      808.9958290759562942
     175.1897931382522700       84.1491954072609758      808.9744334077488475
     175.1101025456458160       84.1812521893643577      808.9530100285867320
     175.0273984545948736       84.2042437218093482      808.9318103179407444
     174.9426762194017329       84.2179368438902713      808.9110826435745594
     174.8569528202495178       84.2222195503770195      808.8910690636716936
     174.7712531367935185       84.2171034869328423      808.8720020093445555
     174.6865959285754855       84.2027251473857916      808.8541009670627773
     174.6039796207456618       84.1793458539037687      808.8375691754782792
     174.5243679648735053       84.1473506532753390      808.8225903424265653
     174.4486756011683326       84.1072463299425266      808.8093253739059492
     174.3777534836604275       84.0596588269691694      808.7979090851674755
     174.3106648676375414       84.0094467292979914      808.7876240709179001
     174.2341056201966865       83.9521302122130209      808.7758577611758710
     174.1467492470261220       83.8867093386490126      808.7623938688352609
     174.0470866054311614       83.8120450315200856      808.7469837016999463
     173.9334017007669217       83.7268402007230179      808.7293410915319782
     173.8037445600274111       83.6296184601593495      808.7091364804956584
     173.6559009162493510       83.5187001739241452      808.6859900174558788
     173.4873584409487250       83.3921755579524273      808.6594634914963535
     173.2952692766454845       83.2478745557799868      808.6290509020410582
     173.0764086516821862       83.0833332073697051      808.5941674347745902
     172.8271294100008788       82.8957562418003278      808.5541365815458903
     172.5433123653650682       82.6819756527567193      808.5081751132233876
     172.2203124998414125       82.4384050663685457      808.4553755914093927
     171.8529011784195291       82.1609897919262835      808.3946860951674580
     171.4352047545089022       81.8451525673469718      808.3248868533393079
     170.9606402042304580       81.4857351853952139      808.2445635281351315
     170.4218487600946901       81.0769364287441761      808.1520770153825879
     169.8106289244128959       80.6122470700170055      808.0455298451447561
     169.1178707338524418       80.0843831277450278      807.9227296302609602
     168.3334937171908336       79.4852191335436657      807.7811505825205813
     167.4463916276546911       78.8057238830681825      807.6178949775132878
     166.4443877152688742       78.0359020344489522      807.4296576992073824
     165.3142049922139449       77.1647459966616083      807.2126987485358995
     164.0414565733964309       76.1802038156280190      806.9628309757831630
     162.6106616611484696       75.0691701909300235      806.6754333958421057
     161.0052929836039084       73.8175092731566878      806.3455043126850796
     159.2078613776415068       72.4101193736860296      805.9677730388482360
     157.2000426268697595       70.8310509568283351      805.5368939595780375
     154.9628505645229666       69.0636899702163873      805.0477514395998924
     152.4768588623506673       67.0910182847882055      804.4959075135279818
     149.7224720259398225       64.8959612452883334      803.8782247543223320
     146.6802442716303290       62.4618285161111686      803.1936918474129925
     143.3312437405045330       59.7728480529358919      802.4444663502420099
     139.6577138562900871       56.8147902134895233      801.6372140302040634
     135.6470269713806260       53.5757288621269296      800.7857479431759202
     131.2932826032697449       50.0467461860168754      799.9128882774805334
     126.5969529238768274       46.2225603343703568      799.0515184502519332
     121.5660426251877198       42.1021056652434140      798.2458227308536607
     116.2171067296943505       37.6889628319232415      797.5518431279170954
     110.5759541387886884       32.9915847214045357      797.0369970738876191
     104.6779045206195633       28.0232908496894098      796.7782514154886258
      98.5674823134140468       22.8020398148537353      796.8587686618297994
      92.2973179852732528       17.3499359349792783      797.3589042808523573
      85.9227308689643365       11.6913816921334828      798.2481696204064292
      79.4990966638564061        5.8563673132957197      799.3659635946806929
      73.0835528762147248       -0.1153949985255996      800.5293421198337001
      65.7929466258391784       -7.0845786968327351      801.6843763956926523
      58.6725599054495461      -14.0817221016694489      802.4022112488444236
      51.8020352025078381      -21.0134676181308464      802.4855520986848205
      45.2529057105829366      -27.7891756483577907      801.9392228839476502
      39.0844811831848773      -34.3314722566996053      800.9625062805993139
      33.3387671080192263      -40.5762688307082868      799.7371749285669011
      28.0402393346118615      -46.4726499036109075      798.4068914210768071
      23.1969960713882770      -51.9828144670053121      797.0765416265738850
      18.8033255355701314      -57.0831395709998191      795.8160400255101194
      14.8438814474326204      -61.7646233765332795      794.6667604493520685
      11.2976225209591785      -66.0313978447735508      793.6472421073669921
       8.1403470115723824      -69.8964998297684303      792.7480876482229633
       5.3460772890521806      -73.3791351036859822      791.9514610988874210
       2.8875140244344841      -76.5025482532370518      791.2439746147697406
       0.7362129987535826      -79.2920869701826945      790.6153549365824347
      -1.1367843013357164      -81.7740468542107806      790.0573458561443658
      -2.7601251901697461      -83.9748528902892133      789.5629832139296695
      -4.1614070667582261      -85.9204461545998299      789.1261367206540172
      -5.3666249908268320      -87.6358208119404480      788.7412397183923076
      -6.3998169214147325      -89.1446846845805680      788.4031444137617655
      -7.2828805208106733      -90.4692263031500659      788.1070546315897900
      -8.0355234319489526      -91.6299734762115747      787.8485016522095066
      -8.6753092100012132      -92.6457283354656340      787.6233402449138339
      -9.2177665360515064      -93.5335637621487024      787.4277509743973269
      -9.6765362642927020      -94.3088667657765143      787.2582412357018029
     -10.0635374755174816      -94.9854157619013506      787.1116416564898373
     -10.3891393079714369      -95.5754805295626966      786.9850970213562960
     -10.6623297404478539      -96.0899356426241695      786.8760522270192723
     -10.8908757976882811      -96.5383801418865062      786.7822343815868180
     -11.0814720183099951      -96.9292580050033621      786.7016323185611100
     -11.2398756710044267      -97.2699755064180493      786.6324747129818888
     -11.3710283065153011      -97.5670128183191707      786.5732077940994031
     -11.4791639396917518      -97.8260281970728585      786.5224734237356188
     -11.5679045834882359      -98.0519538566827862      786.4790880939279987
     -11.6403440919199515      -98.2490831880294593      786.4420232111568794
     -11.6991213749755545      -98.4211493773325543      786.4103868838244580
     -11.7464840705219320      -98.5713957440882211      786.3834073142713805
     -11.7843437280414243      -98.7026382883307463      786.3604178175352217
     -11.8143234979179290      -98.8173210298250240      786.3408434046904176
     -11.8377992438620616      -98.9175647687258817      786.3241888612554931
     -11.8559349134333480      -99.0052099034783026      786.3100282316565881
     -11.8697129184231276      -99.0818539178593767      786.2979955738103399
     -11.8799601979681846      -99.1488841159058722      786.2877768633899223
     -11.8873705634141213      -99.2075061386202322      786.2791029288021036
     -11.8925238559108770      -99.2587687472840088      786.2717433022454543
     -11.8959023851785872      -99.3035853088942133      786.2655008791700766
     -11.8982014429700200      -99.3508778457836002      786.2591294133499105
     -11.8990496305918914      -99.3986943247581110      786.2529393985294064
     -11.8982171048090812      -99.4466065843620441      786.2470246046585771
     -11.8954853161904150      -99.4941932113820542      786.2414760856206613
     -11.8906504691456316      -99.5410442899425760      786.2363809690992866
     -11.8835268184612541      -99.5867659841376707      786.2318212918285099
     -11.8739497593844145      -99.6309848973841525      786.2278728957898011
     -11.8617786710927930      -99.6733521544674517      786.2246044002448571
     -11.8468994766358460      -99.7135471557634503      786.2220762635886331
     -11.8292268860823668      -99.7512809573307493      786.2203399478944448
     -11.8087062936109533      -99.7862992354125993      786.2194371976836464
     -11.7853153035846869      -99.8183847993122697      786.2193994429349004
     -11.7590648651947749      -99.8473596225304334      786.2202473346569604
     -11.7299999999989613      -99.8730863683951640      786.2219904195325171
     -11.6983045033020723      -99.8953868794085622      786.2246194570815305
     -11.6641951298909579      -99.9141261893456800      786.2281140256857270
     -11.6278153626501499      -99.9292959855503824      786.2324502111707716
     -11.5893388917094970      -99.9409314598382394      786.2375933357125177
     -11.5489683260873619      -99.9491101279255787      786.2434983471307532
     -11.5069335395427359      -99.9539501214331096      786.2501103413742385
     -11.4634896679452307      -99.9556079774076380      786.2573652109786053
     -11.4189147796327362      -99.9542759566710970      786.2651904106030543
     -11.3735072441834095      -99.9501789282074924      786.2735058292588519
     -11.3275828287398674      -99.9435708621660126      786.2822247575069241
     -11.2814715544475970      -99.9347309788220031      786.2912549367742940
     -11.2355143486666584      -99.9239596049436898      786.3004996770035859
     -11.1900595313402178      -99.9115737924171867      786.3098590281321094
     -11.1454591762215287      -99.8979027566499411      786.3192309903830619
     -11.1034861547497208      -99.8837813133336994      786.3282064456490161
     -11.0557893873134194      -99.8663777656891227      786.3385734631866626
     -11.0016130229237348      -99.8450051318542364      786.3505465476155223
     -10.9400948943447869      -99.8188504662882110      786.3643736667871735
     -10.8702496134273119      -99.7869543429197705      786.3803415096907656
     -10.7909490111172861      -99.7481871286483397      786.3987815275181674
     -10.7008995541941374      -99.7012215612314492      786.4200768572434299
     -10.5986163146117303      -99.6445010959615018      786.4446702352295233
     -10.4823930044169629      -99.5762034372344971      786.4730730154373077
     -10.3502675207770505      -99.4941986262972335      786.5058754117632134
     -10.1999823732702470      -99.3960010186793568      786.5437580858008459
     -10.0289392915639741      -99.2787144593515336      786.5875051984751281
      -9.8341472393006875      -99.1389699580064843      786.6380190349348140
      -9.6121629945591494      -98.9728551912374428      786.6963362951391900
      -9.3590234064214890      -98.7758352261875530      786.7636461161782790
      -9.0701684126454154      -98.5426639885717037      786.8413098556318346
      -8.7403539225736644      -98.2672862080000300      786.9308826188344028
      -8.3635537576603465      -97.9427298906028341      787.0341364603256125
      -7.9328500361537992      -97.5609898221479312      787.1530851399188577
      -7.4403117410276556      -97.1129032257165932      787.2900102843898367
      -6.8768617948645430      -96.5880195181372159      787.4474888285492398
      -6.2321338835290128      -95.9744671563657903      787.6284217375148273
      -5.4943216584282446      -95.2588218570099059      787.8360643293245857
      -4.6500249818050383      -94.4259820118197268      788.0740591495264198
      -3.6841007786847557      -93.4590588923718144      788.3464734755920063
      -2.5795300687555782      -92.3392912068744920      788.6578453845936565
      -1.3173181049219662      -91.0459957221592333      789.0132451833862888
       0.1235486313007628      -89.5565680640317083      789.4183631546344486
       1.7660567054883736      -87.8465507899273632      789.8796401768832993
       3.6349908068804870      -85.8897903393685880      790.4044646667608731
       5.7565821677478324      -83.6587127904929986      791.0014666405841126
       8.1579318562724694      -81.1247655021008853      791.6809456250064159
      10.8661737109181935      -78.2591083610867599      792.4554705720327092
      13.9073838930791904      -75.0337170519051142      793.3406793465323972
      17.3052680064201070      -71.4227039882288324      794.3505050602426536
      21.0799879999927775      -67.4037386637672569      795.4802093455534759
      25.2480362508530831      -62.9619255864039289      796.7088893229999940
      29.8222840981567039      -58.0927692435160097      797.9970478935899791
      34.8111786028586465      -52.8037151898112711      799.2814372304018207
      40.2162407849377388      -47.1145653480531763      800.4695888148623908
      46.0281610544225543      -41.0575363772136939      801.4350424266878008
      52.2229683550448769      -34.6783095436117321      802.0152419889062685
      58.7606486276186075      -28.0376232147695177      802.0288934974206541
      65.5882682626669720      -21.2155146197713798      801.4641878195666322
      72.6410907183852572      -14.3016928670104164      800.4792520376742004
      79.8421885146124737       -7.3830227689935057      799.2932331637568950
      86.1594775020217298       -1.4197357855324235      798.2976524347602663
      92.4633555112142602        4.4467798630734690      797.5197474416927435
      98.6949677071386731       10.1813138089205140      797.1174343675745604
     104.7946451690366274       15.7539327169446324      797.1207911247107631
     110.7049923788876100       21.1366016510153152      797.4529231192080942
     116.3764925694644603       26.3035494403231453      798.0326646613864341
     121.7689482075852112       31.2320488424919489      798.7835832622208727
     126.8520766775849324       35.9031486009195788      799.6379856301157361
     131.6054484991628897       40.3022607324491773      800.5392923197364325
     136.0178836650573544       44.4195187778779115      801.4429060279782107
     140.0864555581959792       48.2498684752880180      802.3158703293540839
     143.8153526593874574       51.7929016520324126      803.1357238183994696
     147.2165522175606043       55.0525163482135582      803.8895515026515568
     150.3072460655024543       58.0363474981035310      804.5717260352772655
     153.1060114049222136       60.7550528884804777      805.1812352635682828
     155.6321830465243465       63.2216304957179034      805.7202806790037357
     157.9054216378745821       65.4507579118039757      806.1931519134788005
     159.9453390750782091       67.4581855421246104      806.6053422972726139
     161.7711831154335584       69.2602053203004573      806.9628904194065626
     163.4015814739397570       70.8732054233962003      807.2719165441089899
     164.8543435217247577       72.3133126673162252      807.5383166889037057
     166.1463156666659415       73.5961180608136942      807.7675776472085545
     167.2932849203001808       74.7364771382040232      807.9646803534502624
     168.3099241734850580       75.7483747246601240      808.1340646573825097
     169.2097723042040229       76.6448432179804513      808.2796344599203167
     170.0052423287307590       77.4379238426274696      808.4047875184462555
     170.7076512523331075       78.1386612730156855      808.5124587209407991
     171.3272659475460102       78.7571232524432645      808.6051691803298809
     171.8733601746086492       79.3024381549938937      808.6850761812097517
     172.3542786734682295       79.7828447229985613      808.7540209537684177
     172.7775050394507161       80.2057493880075185      808.8135726042877423
     173.1497308077433388       80.5777876122018455      808.8650674391578832
     173.4769237956888333       80.9048865585738639      808.9096435000251404
     173.7643942800386583       81.1923271165192517      808.9482704776235096
     174.0168580209761444       81.4448038880631628      808.9817753643773131
     174.2384954933740460       81.6664821962760925      809.0108642948781608
     174.4330069585974456       81.8610515301554074      809.0361410471964518
     174.6036632183492543       82.0317751073057480      809.0581226631279605
     174.7533520465626680       82.1815354334343908      809.0772526095632884
     174.8846204062748200       82.3128758801898499      809.0939118576750388
     174.9997126347409448       82.4280384022274291      809.1084282085519135
     175.1006048293801882       82.5289975805144280      809.1210841474660356
     175.1890356958805057       82.6174912198602982      809.1321234663058704
     175.2665341331187960       82.6950477509015656      809.1417568558247240
     175.3344438316355536       82.7630106953690046      809.1501666364791845
     175.3939451565363470       82.8225604523443195      809.1575107685633839
     175.4515747896214748       82.8864308788543980      809.1639678562551126
     175.5028219313051352       82.9563894793602827      809.1683419379268116
     175.5469408925602579       83.0316777214552815      809.1705466851167330
     175.5832898904025683       83.1114526357256125      809.1705278730091777
     175.6113360733403397       83.1948012397561456      809.1682627338583416
     175.6306599270748734       83.2807549168386316      809.1637592386224469
     175.6409587931906344       83.3683038295894789      809.1570552174583781
     175.6420493019408298       83.4564113712351059      809.1482172810710836
     175.6338685787282827       83.5440286028285897      809.1373395217990492
     175.6164741302371226       83.6301085879406401      809.1245419853703424
     175.5900423543825468       83.7136205122723140      809.1099689130413708
     175.5548656507854730       83.7935634608165856      809.0937867603247469
     175.5113481368889268       83.8689797174237981      809.0761820033520735
     175.4599999999999795       83.9389674494407529      809.0573587475251998
