     170.6200000000000045      100.2663351155284346      896.5205597991050581
     170.5787594702292438      100.3009611953235805      896.5115537895178477
     170.5339570755585044      100.3308287010185040      896.5026309923813415
     170.4861324406603558      100.3555846044789490      896.4938975826554497
     170.4358625971783852      100.3749407244341683      896.4854572821194552
     170.3837544032702453      100.3886776430712189      896.4774100048387027
     170.3304365532129339      100.3966477909348498      896.4698505375556579
     170.2765512612262171      100.3987776771852936      896.4628672669404068
     170.2227457031642928      100.3950692573089896      896.4565409642966642
     170.1696632960535567      100.3856004474832417      896.4509436364105568
     170.1179348877715825      100.3705248145903539      896.4461374484950511
     170.0681699161739289      100.3500704944045054      896.4421737213517645
     170.0209475767070160      100.3245384194645453      896.4390919994719980
     169.9768080068799350      100.2942999753928319      896.4369191791109870
     169.9362434499713572      100.2597942544532970      896.4356686742581815
     169.8971659392128970      100.2228898799934456      896.4348687700132814
     169.8519481943901894      100.1801816751144969      896.4339374636477942
     169.7996292959401785      100.1307596645222162      896.4328522653623850
     169.7390992612157845      100.0735721437371950      896.4315865499715983
     169.6690763654521277      100.0074039270057824      896.4301087115542259
     169.5880811621790940       99.9308513672556273      896.4283811229488492
     169.4944067735291071       99.8422937073651582      896.4263588503923756
     169.3860849825411208       99.7398602754747685      896.4239880604425252
     169.2608476243700579       99.6213929908233524      896.4212040399022499
     169.1160827444613233       99.4844036031792029      896.4179287291231049
     168.9487849736814837       99.3260250520370533      896.4140676442569884
     168.7554995690938426       99.1429563066141384      896.4095060342717716
     168.5322595925043174       98.9314000415475618      896.4041040837926175
     168.2745157575149051       98.6869925259013172      896.3976909337612824
     167.9770585831084304       98.4047251676383610      896.3900572504770707
     167.6339326649781469       98.0788572789175532      896.3809460341304884
     167.2383431366908724       97.7028198305822428      896.3700413284083197
     166.7825547685410754       97.2691102728200008      896.3569544869844776
     166.2577846762009415       96.7691789435627072      896.3412076932952459
     165.6540903246005030       96.1933082010229725      896.3222145524475764
     164.9602554625265043       95.5304862383467679      896.2992578317750940
     164.1636778634363907       94.7682786024132042      896.2714648968542406
     163.2502643333873209       93.8927017747730304      896.2377821799091180
     162.2043404296675817       92.8881047948011087      896.1969512688810937
     161.0085847541743931       91.7370667986853050      896.1474910922747767
     159.6440005627620735       90.4203204506254963      896.0876933909275976
     158.0899407500701273       88.9167134218064348      896.0156423895671196
     156.3242059613298807       87.2032221008128658      895.9292743910152694
     154.3232395075657450       85.2550332548199208      895.8264987649351951
     152.0624471954923251       83.0457113774718181      895.7054078305583289
     149.5166713527363811       80.5474809667110492      895.5646067490304176
     146.6608318133174009       77.7316521594620440      895.4036934804857992
     143.4707479782798885       74.5692126233793147      895.2239140522572143
     139.9242926662630566       71.0316250275947993      895.0291130398555879
     136.0051216637640437       67.0919895078633601      894.8287075678603060
     131.7053352388503811       62.7263430613587332      894.6398242164303838
     127.0262838071471378       57.9151043906455953      894.4879161413683732
     121.9803009386529169       52.6448686692132100      894.4079280305377324
     116.5918329784582284       46.9104734177686993      894.4447498760234794
     110.8974972009914666       40.7172495773932610      894.6526177703119629
     104.9449056419972379       34.0828384431538041      895.0933670899128174
      98.7909175890723787       27.0380551719671232      895.8336094892950996
      92.4991329508182503       19.6266874147248096      896.9380145398440618
      86.1250077502078852       11.9031913967588494      898.3794491323844795
      79.7107336933752606        3.9341025842140525      900.0138711764582240
      73.2982845239392304       -4.2006997755987294      901.6763175973640045
      65.9230649608162480      -13.7254507153049428      903.4196088985770530
      58.6896261548281402      -23.2104816880944931      904.7387431833931259
      51.6796724053710221      -32.5115171020850582      905.4531229685163680
      44.9870730417295235      -41.4961388563527152      905.5573848944588917
      38.7088971064698626      -50.0560300160364235      905.2072408554245158
      32.9146432262927817      -58.1064635642230911      904.5518356148320436
      27.6430707906686699      -65.5856295406294265      903.7150402962009821
      22.9046866383689505      -72.4541429772220056      902.7925219433747088
      18.6879073863572529      -78.6945194543252029      901.8532226202264610
      14.9663401356235699      -84.3095127195612548      900.9434194011470254
      11.7050167587313858      -89.3189469575777935      900.0915183614675925
       8.8634511763677430      -93.7551979356722285      899.3113191558602466
       6.3999137203932630      -97.6588212374043820      898.6076524256445737
       4.2742100704407999     -101.0749936401046511      897.9806566444837017
       2.4481968896177060     -104.0506426654652472      897.4273805764670442
       0.8861885290660093     -106.6323219138674716      896.9429729161893192
      -0.4447500498231163     -108.8647264928980292      896.5215565680759937
      -1.5746376153234816     -110.7897302655204044      896.1568442355782054
      -2.5305291923753712     -112.4458304157939637      895.8425522418945093
      -3.3365669359784222     -113.8678967957609700      895.5726633702490744
      -4.0141058589058547     -115.0871394472255247      895.3415807543400433
      -4.5818914745739905     -116.1312244878042748      895.1442058014106351
      -5.0562692142324206     -117.0244842873025704      894.9759650079215589
      -5.4514092173405935     -117.7881815475623597      894.8328038070578714
      -5.7795339588332730     -118.4407981888515025      894.7111603183432180
      -6.0511397071500648     -118.9983288834279875      894.6079278952390723
      -6.2752057881757128     -119.4745659139980205      894.5204124552304847
      -6.4593880048008430     -119.8813671073374252      894.4462884939865717
      -6.6101943618549432     -120.2289022473042905      894.3835562250778821
      -6.7331425480585727     -120.5258759233408909      894.3305012827570408
      -6.8328995218410427     -120.7797264903101819      894.2856577487859795
      -6.9134041260847434     -120.9968019227038951      894.2477748190004831
      -6.9779739976004338     -121.1825140133016276      894.2157871410386178
      -7.0293982065039113     -121.3414727248946434      894.1887886808807480
      -7.0700171111353249     -121.4776026518928376      894.1660098768703619
      -7.1017908855802414     -121.5942435580399206      894.1467977894542400
      -7.1263581006188659     -121.6942368790010107      894.1305989403928152
      -7.1450856357221504     -121.7799999498427894      894.1169445419687918
      -7.1591110772547051     -121.8535895589714073      894.1054378142027872
      -7.1693786457739517     -121.9167562664805189      894.0957431300564622
      -7.1766695785072177     -121.9709907580581785      894.0875767469055972
      -7.1816277856583000     -122.0175633467690801      894.0806989068385064
      -7.1847815013928873     -122.0575575879514076      894.0749071137877309
      -7.1865615612742673     -122.0918988394340232      894.0700304192693011
      -7.1873168563259426     -122.1213784817750536      894.0659245702539693
      -7.1873274380834129     -122.1466744118937839      894.0624678923136344
      -7.1866281448355629     -122.1732729084938285      894.0589073886758342
      -7.1850927982619162     -122.2001069685893526      894.0554020973762590
      -7.1826098583221132     -122.2269274523197282      894.0519978346475227
      -7.1790737128304727     -122.2534894375035037      894.0487392515810825
      -7.1743864363047383     -122.2795550089328884      894.0456692677365709
      -7.1684594696410198     -122.3048959475883066      894.0428285255587753
      -7.1612151980751637     -122.3292962869238778      894.0402548724937333
      -7.1525884061179568     -122.3525547050856943      894.0379828773470763
      -7.1425275896515750     -122.3744867240236829      894.0360433870459929
      -7.1309961071306383     -122.3949266889168541      894.0344631294499322
      -7.1179731538181912     -122.4137295041207949      894.0332643673175426
      -7.1034545451816555     -122.4307721049296873      894.0324646078893238
      -7.0874532979487892     -122.4459546477818463      894.0320763718671060
      -7.0699999998504213     -122.4592014050924860      894.0321070248289743
      -7.0511928230634711     -122.4704277015148364      894.0325580096639442
      -7.0311469656172596     -122.4795742663862654      894.0334254740060942
      -7.0099438800883727     -122.4866412687922690      894.0347009725867338
      -6.9876806477149618     -122.4916543004318328      894.0363709018425880
      -6.9644692907294647     -122.4946636936510913      894.0384166608686201
      -6.9404358917220961     -122.4957435319000041      894.0408148758110656
      -6.9157195294618727     -122.4949903661640604      894.0435376849527529
      -6.8904710429323224     -122.4925216546025410      894.0465530809515258
      -6.8648516375247759     -122.4884739460836300      894.0498253059678291
      -6.8390313493474340     -122.4830008315034178      894.0533152947091367
      -6.8131873854274128     -122.4762706896699882      894.0569811598196566
      -6.7875023591824029     -122.4684642570898063      894.0607787134767932
      -6.7621624418978250     -122.4597720531793499      894.0646620186008704
      -6.7373554520503180     -122.4503916942095714      894.0685839626889901
      -6.7140183350411764     -122.4408428127904074      894.0723736230891063
      -6.6871019587352718     -122.4290241706641211      894.0768558423972081
      -6.6560865746391169     -122.4144198756844872      894.0821570095074549
      -6.6203737384038579     -122.3964072680186348      894.0884266472201034
      -6.5792723624830067     -122.3742370129751720      894.0958416582224118
      -6.5319822231690949     -122.3470096049427269      894.1046113408990550
      -6.4775745373733615     -122.3136476098705714      894.1149833088277319
      -6.4149691603849979     -122.2728628648525131      894.1272504691214635
      -6.3429078791811584     -122.2231177329572915      894.1417592385710122
      -6.2599231879197639     -122.1625793781328468      894.1589192025959392
      -6.1643018348609075     -122.0890658781938498      894.1792144497812842
      -6.0540423255307783     -121.9999828344020045      894.2032168432542676
      -5.9268054586693575     -121.8922489669676423      894.2316015175836128
      -5.7798568639564696     -121.7622090130695938      894.2651649133739511
      -5.6100004103796275     -121.6055320782525087      894.3048456768194683
      -5.4135012712326569     -121.4170934499919809      894.3517487512688149
      -5.1859973803663291     -121.1908377890321162      894.4071729620100086
      -4.9223980145929698     -120.9196216067016536      894.4726423287615944
      -4.6167683167782601     -120.5950330675962192      894.5499412105718875
      -4.2621987701453614     -120.2071875007119530      894.6411531630642457
      -3.8506589945208480     -119.7444976598758046      894.7487030231523022
      -3.3728358192198229     -119.1934188827453056      894.8754011685094838
      -2.8179564655384723     -118.5381710363697749      895.0244880422412734
      -2.1735989223393819     -117.7604417361902165      895.1996757724214149
      -1.4254932978597594     -116.8390790688223859      895.4051819028213686
      -0.5573201395641203     -115.7497872734004716      895.6457477016008397
       0.4494855520538560     -114.4648459143610495      895.9266300172628235
       1.6159126978846166     -112.9528823816065000      896.2535509899742010
       2.9655195429678987     -111.1787393797729919      896.6325839348146474
       4.5245274551420280     -109.1034935208198107      897.0699463751936946
       6.3218420973738585     -106.6846979439070822      897.5716628214408956
       8.3889805365876597     -103.8769401756202484      898.1430513310816650
      10.7598859674820488     -100.6328244832193093      898.7879809093702761
      13.4706205249933788      -96.9045030990727696      899.5078443643295714
      16.5584424254325882      -92.6458368295865569      900.2996821866584014
      20.0586848629550794      -87.8151763755136585      901.1517589240875168
      24.0036491645155792      -82.3792412404023651      902.0408303156615375
      28.4208905263204841      -76.3171710206270575      902.9286731967646347
      33.3296862477532869      -69.6239716862151141      903.7576812488005089
      38.7355376116234567      -62.3131390751681380      904.4464317890229950
      44.6233607382768227      -54.4186622202639967      904.8863595481450375
      50.9511467550021848      -45.9969528714318088      904.9413488830205097
      57.6476621993245715      -37.1293031041445261      904.4564992771258858
      64.6338125124215566      -27.9264451246417593      903.3891151400075614
      71.8364304767966360      -18.5220434424574840      901.8732003073141641
      79.1775265766136158       -9.0585492844660607      900.1135261895525446
      85.5576968863068288       -0.9598308600803438      898.5881795244398518
      91.9297761826619109        6.9947248143911178      897.2282256821192732
      98.2431734851023322       14.7327269135664842      896.1829796140373219
     104.4379452679084608       22.1918728545724591      895.4948442422628432
     110.4463013920700973       29.3183491679046107      895.1011021842866739
     116.2083925553154131       36.0685782882893022      894.9341574940069677
     121.6744422781283816       42.4103575381288778      894.9311558314383319
     126.8056732053094322       48.3229826034405008      895.0371290569389657
     131.5747332499037441       53.7964088134776830      895.2067638160973502
     135.9658205480849062       58.8297313738748642      895.4049924319049296
     139.9742219636764275       63.4297094857259509      895.6065923514772749
     143.6050650037582841       67.6093991049453678      895.7950563125729104
     146.8728778966062407       71.3869373225438011      895.9620451296212877
     149.7987635219861886       74.7842795748044722      896.1050039385518176
     152.4064869650545120       77.8259291218056433      896.2239991775193175
     154.7212064882135394       80.5379185018733637      896.3206855471564722
     156.7685100527461657       82.9469372056598502      896.3975827823320515
     158.5736460394391827       85.0796060146679451      896.4575549369236569
     160.1609467351674425       86.9619016867215748      896.5034649853420206
     161.5534214071367103       88.6187232391022803      896.5379670016989166
     162.7724969579191452       90.0735783339640506      896.5633999282915738
     163.8378830517390270       91.3483776147162274      896.5817507815910403
     164.7675304329099504       92.4633211315378674      896.5946608385813761
     165.5776555639721437       93.4368590820901943      896.6034556492322736
     166.2828102781558073       94.2857097519772083      896.6091859589105297
     166.8959800571107053       95.0249193067741373      896.6126713984053822
     167.4286986751989161       95.6679503772585491      896.6145422152073934
     167.8911702951040184       96.2267887914759115      896.6152766260804583
     168.2923927270912827       96.7120600949463949      896.6152328409073107
     168.6402775781199637       97.1331495316450741      896.6146756838787724
     168.9417645260334382       97.4983208790423674      896.6137982137508970
     169.2029280607274586       97.8148309346485689      896.6127389638035083
     169.4290758284458320       98.0890375610416356      896.6115954855354175
     169.6248382723007353       98.3265000471264159      896.6104348561675579
     169.7942496420982650       98.5320711764136803      896.6093017424632308
     169.9408206965878492       98.7099808492258859      896.6082245290031096
     170.0676035770755448       98.8639114222792159      896.6072199331894126
     170.1772494197258823       98.9970651384159055      896.6062964499355985
     170.2720593146545411       99.1122241481989761      896.6054568997494698
     170.3540292277348556       99.2118036952135327      896.6047002956373717
     170.4248894866473734       99.2978990651147484      896.6040231965047269
     170.4861394039534161       99.3723268976505523      896.6034206763270049
     170.5390775725730634       99.4366614407652349      896.6028870079512672
     170.5848283270626098       99.4922662936165949      896.6024161365862710
     170.6243648204067540       99.5403221460937715      896.6020019995949042
     170.6585291219026601       99.5818509801804765      896.6016387378069794
     170.6902080096991767       99.6247092774500373      896.6008142867062816
     170.7174031697549310       99.6708635014335016      896.5990623058941082
     170.7397097765596072       99.7197919734232698      896.5963909333199808
     170.7567936169186567       99.7709295520648851      896.5928219075497054
     170.7683932479809812       99.8236766717335655      896.5883897995604457
     170.7743217516100458       99.8774083328559641      896.5831412052609721
     170.7744679146902058       99.9314830699164389      896.5771338755580473
     170.7687967179786597       99.9852518802462811      896.5704357718913116
     170.7573490553629085      100.0380670685736959      896.5631240428940600
     170.7402406357118707      100.0892909440790959      896.5552839233323539
     170.7176600438777996      100.1383042954130076      896.5470075604479234
     170.6898659576767159      100.1845145629149982      896.5383927757262654
     170.6571835349737398      100.2273636248993682      896.5295417722250022
     170.6200000000000045      100.2663351155284346      896.5205597991050581
