     166.7400000000000091       32.6489699752772751      942.9849666137596387
     166.6136670930483206       32.7846970162373594      942.9713822037405180
     166.4735057534385874       32.9061232884457127      942.9573109753380322
     166.3210931428582739       33.0119449493536337      942.9429164389289326
     166.1581564395680175       33.1010588745708461      942.9283653392462838
     165.9865489878356470       33.1725788741393615      942.9138250227154003
     165.8082247176999147       33.2258494397934285      942.8994608123302896
     165.6252110788122707       33.2604569619977681      942.8854334279571958
     165.4395807273260175       33.2762384020652959      942.8718964851894953
     165.2534221908300651       33.2732874571707384      942.8589940994463632
     165.0688097127975880       33.2519583164484516      942.8468586140060097
     164.8877724444190278       33.2128671770032255      942.8356084611425558
     164.7122631073250432       33.1568917722078922      942.8253461545834853
     164.5441261948905947       33.0851692632083569      942.8161563992559877
     164.3850657127428860       32.9990929581250896      942.8081042909905136
     164.2315497303576990       32.9066162588226234      942.8006615081841346
     164.0616635025205028       32.8041840058767846      942.7924269599549234
     163.8737063297264172       32.6907394856668461      942.7833189514467449
     163.6658110640274515       32.5651171538642288      942.7732479634030369
     163.4359301746814594       32.4260321978767792      942.7621160507303557
     163.1818212085238997       32.2720693016269280      942.7498162328606668
     162.9010317682400171       32.1016706193541310      942.7362318873464346
     162.5908841797529192       31.9131229962362859      942.7212361616229828
     162.2484600773681507       31.7045445185030346      942.7046914219631617
     161.8705852027170238       31.4738705390155680      942.6864487633931731
     161.4538147912488739       31.2188394118688564      942.6663476097287457
     160.9944200079528969       30.9369782886845499      942.6442154389333155
     160.4883759915142321       30.6255894887207738      942.6198676757021531
     159.9313521717801621       30.2817381651610944      942.5931078005241943
     159.3187056365789545       29.9022422628720790      942.5637277324678962
     158.6454784362334181       29.4836661114451317      942.5315085516510862
     157.9063998209193755       29.0223194343643485      942.4962216368606960
     157.0958944980046681       28.5142640918068437      942.4576303044154884
     156.2080980614792907       27.9553315175210138      942.4154920466379508
     155.2368807687436174       27.3411545574812429      942.3695614832796537
     154.1758808049581546       26.6672182533248900      942.3195941585972832
     153.0185480639802336       25.9289349973309129      942.2653513430248040
     151.7581973512279205       25.1217484019271851      942.2066059646640497
     150.3880616449298486       24.2412593658373865      942.1431496442631897
     148.9013551883235777       23.2833803861285027      942.0748017531884670
     147.2913503726966837       22.2445250971651340      942.0014210680517408
     145.5514618830614211       21.1218277681523361      941.9229203006429998
     143.6753356285601342       19.9133859804084139      941.8392840630468754
     141.6569402218546543       18.6185142758755759      941.7505925864776373
     139.4908357371689362       17.2379971561279355      941.6574685724020810
     137.1726010747884175       15.7743092206084299      941.5619152271380017
     134.6987292357241301       14.2317380844085974      941.4669467187616192
     132.0666945002659247       12.6164040924358822      941.3766693388208751
     129.2750398025347067       10.9361235321110879      941.2964742002310459
     126.3234320387929017        9.2000706194018953      941.2332304572395287
     123.2126821736021043        7.4182052132066980      941.1954714469578676
     119.9448034836142938        5.6005046921874833      941.1935657394844839
     116.5235367438736773        3.7564493731405406      941.2398488691740113
     112.9549738637379050        1.8947896671344751      941.3486597857772722
     109.2479768421102619        0.0233572246677477      941.5362463963008395
     105.4145633358331935       -1.8509596338972845      941.8205045588840676
     101.4702050151772426       -3.7220507715495592      942.2205124294960115
      97.4339554229553357       -5.5842335570024693      942.7558381846428119
      93.3281746056771340       -7.4317366017317905      943.4447792339757370
      89.1744211392593655       -9.2578759967890782      944.2830188096276061
      84.9922993562424125      -11.0541821412065921      945.2401193123033636
      80.9971206673265129      -12.7293358303606237      946.2301578868227807
      77.0119602453958265      -14.3568168102602396      947.2616008095263851
      73.0525104186388461      -15.9251094833765485      948.3005050743695392
      69.1328453310926534      -17.4228250275954473      949.3142827390790899
      65.2656909024510981      -18.8401387149725572      950.2729389239873399
      61.4628391508565812      -20.1706982591990993      951.1499746313584183
      57.7345746637617125      -21.4104102110537120      951.9232907602355453
      54.0896573314179676      -22.5573480547973979      952.5755892002739529
      50.5367799339775630      -23.6120000899343871      953.0999248746428520
      47.0868106936994408      -24.5775060706507205      953.5083231259357035
      43.7490678927617012      -25.4591673617982970      953.8154726322206898
      40.5313021341231661      -26.2639114184795588      954.0351330052193362
      37.4403485211608071      -26.9996285872963000      954.1799987004176273
      34.4822518987664424      -27.6745777871695182      954.2616925214390449
      31.6622819551767947      -28.2968486714531231      954.2907900463055739
      28.9848172480084330      -28.8739170478052252      954.2768543107481491
      26.4530908483096603      -29.4123412626351133      954.2284642441984488
      24.0688864496664046      -29.9176245081973065      954.1532290080432404
      21.8323242735016301      -30.3942263819542191      954.0577955699531003
      19.7417810329607626      -30.8456853064190284      953.9478631431625217
      17.7940176285656726      -31.2747967868126793      953.8282189575744496
      15.9845254100844887      -31.6837696921626133      953.7028063330824352
      14.3078533632623461      -32.0743528716306372      953.5748117498947067
      12.7578715830379892      -32.4479393171096930      953.4467836211554186
      11.3278299833756080      -32.8056630671986369      953.3211141777666171
      10.0106641069371509      -33.1484573112115726      953.1998596061952185
       8.7993345491165726      -33.4770921983076235      953.0843951001553478
       7.6869180313602090      -33.7922176980130047      952.9755584633550143
       6.6666727185493793      -34.0943970101085227      952.8737825962325587
       5.7320881301472904      -34.3841318081669556      952.7792023690848282
       4.8769219818472029      -34.6618809436068673      952.6917393136398005
       4.0952260100096014      -34.9280739960081732      952.6111676027231852
       3.3813625897305375      -35.1831208284366781      952.5371645863840513
       2.7300137430911309      -35.4274180999331350      952.4693488207958580
       2.1361839390424162      -35.6613535046512737      952.4073081379033283
       1.5951979068883064      -35.8853083495826510      952.3506199077858128
       1.1026945200886094      -36.0996589498735290      952.2988652715789613
       0.6546176557972976      -36.3047772107550912      952.2516387865186971
       0.2472047981904695      -36.5010306757438201      952.2085546330674788
      -0.1230259698027834      -36.6887822493841824      952.1692502880373468
      -0.4592900514866233      -36.8683897467352679      952.1333883645485230
      -0.7645510597160311      -37.0402053785109473      952.1006571551055231
      -1.0415358240955885      -37.2045752479800811      952.0707702827955927
      -1.2927493998552793      -37.3618389114262399      952.0434657623516159
      -1.5204898577321082      -37.5123290364704189      952.0185046926180803
      -1.7268626860589049      -37.6563711805020205      951.9956697403791850
      -1.9329259341997629      -37.8088477618690035      951.9726099603340117
      -2.1356754640130999      -37.9690521797588261      951.9495981461839165
      -2.3324438587037823      -38.1364568736307632      951.9268662714509901
      -2.5206329141814701      -38.3105104394071532      951.9046359441745153
      -2.6977468969640195      -38.4906397693509632      951.8831160742352040
      -2.8614245518907517      -38.6762523560082698      951.8625009930736951
      -3.0094694388661281      -38.8667387405245961      951.8429690298119112
      -3.1398781984396793      -39.0614750775259125      951.8246815193028851
      -3.2508663729733627      -39.2598257815670664      951.8077821915455843
      -3.3408914430860523      -39.4611462145984007      951.7923968705979405
      -3.4086727774433632      -39.6647853705807023      951.7786333966689654
      -3.4532082370594015      -39.8700885127134725      951.7665816788597795
      -3.4737872222248267      -40.0763997209268936      951.7563137887340190
      -3.4700000000004572      -40.2830643122726357      951.7478840163571476
      -3.4418614802329324      -40.4879065595741849      951.7413844645180916
      -3.3896931795720597      -40.6887739050175483      951.7368898205579626
      -3.3140013089745328      -40.8850807898942890      951.7344000189216331
      -3.2155889639580924      -41.0762853875884488      951.7338947795121840
      -3.0955463083211887      -41.2618904420914774      951.7353331196862882
      -2.9552371684739365      -41.4414436564631146      951.7386528988172358
      -2.7962822187508247      -41.6145376439548329      951.7437704843587198
      -2.6205389772294025      -41.7808094577103688      951.7505806356994071
      -2.4300788672875475      -41.9399397172939388      951.7589567005438767
      -2.2271616323226615      -42.0916513519070747      951.7687512082449075
      -2.0142074197201629      -42.2357079812857421      951.7797969263285722
      -1.7937668753156377      -42.3719119562592965      951.7919084220595778
      -1.5684896112603175      -42.5001020821785715      951.8048841424472357
      -1.3410914283730211      -42.6201510502556715      951.8185089960625191
      -1.1146507537284804      -42.7318050312274167      951.8325366353385562
      -0.8660251633153255      -42.8466348785094340      951.8484064832892955
      -0.5930637903701277      -42.9646402531366149      951.8663315506387335
      -0.2934191208712928      -43.0857956909357682      951.8865475318111748
       0.0354685280562552      -43.2100469879941471      951.9093143603454337
       0.3963872118203556      -43.3373069890489120      951.9349175253579460
       0.7923701512040843      -43.4674506921643129      951.9636689727146859
       1.2267129858424208      -43.6003095626786461      951.9959073475795321
       1.7029913176071541      -43.7356649248025917      952.0319972473417920
       2.2250783237405205      -43.8732402692937740      952.0723270404514551
       2.7971621623577239      -44.0126922789920627      952.1173046611759219
       3.4237628275425678      -44.1536003291420514      952.1673506058652947
       4.1097480375609861      -44.2954541645950144      952.2228871252416411
       4.8603476579498093      -44.4376393891977699      952.2843223216241313
       5.6811660721509512      -44.5794203217591090      952.3520275123441934
       6.5781918173845622      -44.7199196755967776      952.4263058049665460
       7.5578037049007962      -44.8580944023511989      952.5073493437406569
       8.6267725450878743      -44.9927069029784192      952.5951821332184863
       9.7922575040717916      -45.1222906469716918      952.6895847368614341
      11.0617960362950853      -45.2451090519750636      952.7899965123054926
      12.4432862766187373      -45.3591062561730141      952.8953904269931172
      13.9449597709747799      -45.4618482655016578      953.0041172055953211
      15.5751941148243276      -45.5504688518712086      953.1140541762637213
      17.3421943004146506      -45.6216147978754663      953.2229849014457841
      19.2540282916997612      -45.6713343720357727      953.3280932097638924
      21.3184928145783061      -45.6949623190035510      953.4257643699306755
      23.5429214019161961      -45.6869843577490471      953.5114370658711778
      25.9339651687012420      -45.6408709217964415      953.5794433041554612
      28.4973109218310370      -45.5488773162989133      953.6228396607264131
      31.2371358969253166      -45.4018736096173257      953.6332374859109677
      34.1553954929974566      -45.1892984791045365      953.6006632900506474
      37.2510876770012942      -44.8993043013140962      953.5134842559472190
      40.5196036778104087      -44.5191542673932688      953.3584303870024996
      43.9523385497471963      -44.0358717828630830      953.1207337397308947
      47.5366428436904727      -43.4370806403437015      952.7843867475399975
      51.2560798220151597      -42.7119474290388439      952.3325093380965427
      55.0909443362984135      -41.8521301876509568      951.7478261674027635
      59.0214735728651547      -40.8528146936493783      951.0218331500807381
      63.0326374108064584      -39.7134786894026846      950.1704394694897928
      67.1106697821697935      -38.4370876146424933      949.2183137465157188
      71.2424470196755806      -37.0296659048400159      948.1950277014213952
      75.4155550411075950      -35.4998020449876250      947.1340015318565975
      79.6181509609655933      -33.8576208899410886      946.0713585930727731
      83.8382122845762296      -32.1123556942202057      945.0448716766195503
      88.0637342366698306      -30.2728308473694838      944.0924425941029767
      92.2827825539930018      -28.3473943328701559      943.2506224218323041
      96.6874243404212308      -26.2435883905840868      942.5232389979564687
     101.0524531920608382      -24.0600868695750876      941.9706912497763369
     105.3516309287214199      -21.8030500652026085      941.5754762321989801
     109.5577741540971601      -19.4797818038099635      941.3159043261273382
     113.6444888354657508      -17.0995197095915223      941.1697918690600773
     117.5873848898895062      -14.6738827604951041      941.1152718983362320
     121.3651804122314815      -12.2169912679345600      941.1316038768147791
     124.9605746469046039       -9.7452378105391340      941.1998833698985436
     128.3608019459946945       -7.2767451856464929      941.3035729854919964
     131.5578273097814304       -4.8305959698692673      941.4288105765082264
     134.5482115437525010       -2.4259346959385750      941.5644906400929131
     137.3328733582537780       -0.0808613864165793      941.7021569712330802
     139.9164840080968588        2.1886606302102569      941.8357394072215811
     142.3064064212411211        4.3693661749364052      941.9611765877045855
     144.5119187070566227        6.4509049156940375      942.0763747924518157
     146.5436687165339720        8.4258273409750100      942.1812526822595828
     148.4126246437752741       10.2893934694051996      942.2762282584749300
     150.1296583236070035       12.0392789420262343      942.3618810540483537
     151.7053410587687097       13.6752313684584834      942.4388827500517891
     153.1498173263275362       15.1987125737571187      942.5079450220109720
     154.4727337678388039       16.6125519930953693      942.5697822457459552
     155.6832059221366649       17.9206273630324411      942.6250862958740981
     156.7898096705563376       19.1275817408791795      942.6745107258825556
     157.8005880947006005       20.2385806160189290      942.7186619193009847
     158.7230670986141661       21.2591089520335750      942.7580951930610809
     159.5642713673477715       22.1948009962387047      942.7933140942857335
     160.3307442479930387       23.0513022205629561      942.8247720563506391
     161.0285769607174302       23.8341700340645559      942.8528757440501522
     161.6634355792814119       24.5488017313365283      942.8779888785163621
     162.2405849333958940       25.2003832429507995      942.9004361390618669
     162.7649104070960391       25.7938544672449481      942.9205069611434737
     163.2409383408413532       26.3338876515682720      942.9384591256241492
     163.6728555208304385       26.8248759058084829      942.9545220851421163
     164.0645280598147338       27.2709294663181900      942.9689000060931221
     164.4195198369922650       27.6758777853139151      942.9817745250700227
     164.7411105656293273       28.0432759049863201      942.9933072305822179
     165.0323134899975344       28.3764138946501774      943.0036418873933144
     165.2958926717668646       28.6783283915956417      943.0129064238376486
     165.5343798041479317       28.9518154999462922      943.0212147033347492
     165.7500904844181377       29.1994444741886809      943.0286681009324639
     165.9451398774773168       29.4235717517515525      943.0353569046001212
     166.1214577111607298       29.6263550079947251      943.0413615595709871
     166.2808025555144695       29.8097669924476776      943.0467537724683780
     166.4247753511900783       29.9756089716939265      943.0515974904204768
     166.5548321652357799       30.1255236558384070      943.0559497688773263
     166.6722961649987838       30.2610075252771509      943.0598615404910561
     166.7844672914857824       30.4030908639571891      943.0631729997440971
     166.8841570470616205       30.5566571760841867      943.0652170458591854
     166.9697003855314676       30.7202679294150194      943.0659168038299640
     167.0396578563771186       30.8923000115424919      943.0652179402818547
     167.0928247226543704       31.0709770379372650      943.0630886782746529
     167.1282389349485982       31.2544005335627659      943.0595196868557650
     167.1451874586834663       31.4405810441464517      943.0545237873329825
     167.1432105465689233       31.6274691350143655      943.0481354336636741
     167.1221036390387553       31.8129861566417595      943.0404099376721661
     167.0819166603924941       31.9950545974950273      943.0314224226673332
     167.0229505568501338       32.1716278047598010      943.0212665012163598
     166.9457509947810081       32.3407188297109087      943.0100526840708426
     166.8510992027958082       32.5004281441664489      942.9979065373446474
     166.7400000000000091       32.6489699752772751      942.9849666137596387
