     178.9199999999999875       58.4941346972085512      587.5353860032813600
     178.8464089077108099       58.6931420195859559      587.4811862306999046
     178.7539204106875559       58.8815196309984046      587.4190879278239663
     178.6436368995049406       59.0571706724791952      587.3497796949995973
     178.5168858573794068       59.2181659476457298      587.2740364782769120
     178.3752007102418986       59.3627717129580930      587.1927103541335100
     178.2202988920086284       59.4894752231770525      587.1067203225596813
     178.0540574416428683       59.5970078297947765      587.0170411267613417
     177.8784864725399189       59.6843654966515587      586.9246911263492166
     177.6957008661947270       59.7508266777374146      586.8307192604524971
     177.5078905398652580       59.7959675990598001      586.7361911459752264
     177.3172896209748899       59.8196751019690680      586.6421743620444431
     177.1261448282873516       59.8221573428618996      586.5497229719891266
     176.9366833106397792       59.8039528078431175      586.4598613262321578
     176.7510801279303507       59.7659382946147133      586.3735671707661368
     176.5686663404219416       59.7184876279625243      586.2894746833469526
     176.3660143401931180       59.6656469781251886      586.1957054717286155
     176.1409470807466846       59.6068077164322148      586.0911374668922917
     175.8910690397933649       59.5412935968093464      585.9745171115566791
     175.6137478490458079       59.4683535779761030      585.8444438617159449
     175.3060951773368288       59.3871539788759293      585.6993529230948070
     174.9649470271254472       59.2967699289199146      585.5374960648349543
     174.5868436559254064       59.1961760763890439      585.3569203598199238
     174.1680093921171988       59.0842365196728423      585.1554447197299851
     173.7043326780762698       58.9596939258698427      584.9306341284406017
     173.1913467408050451       58.8211577980586071      584.6797715367955561
     172.6242113582670754       58.6670918440403142      584.3998274743023558
     171.9976962536029532       58.4958003825264257      584.0874275707341212
     171.3061667022690813       58.3054136936282035      583.7388183777695758
     170.5435719689765790       58.0938721740256057      583.3498321558074622
     169.7034371890647719       57.8589090870766682      582.9158516656323172
     168.7788592564726571       57.5980315969300136      582.4317765038782682
     167.7625071590500738       57.3084996350497420      581.8919931731954875
     166.6466269915912903       56.9873019588136458      581.2903519119424800
     165.4230515586497177       56.6311285172451448      580.6201543513448087
     164.0832140386114872       56.2363379334939495      579.8741573403856364
     162.6181646138246037       55.7989185478448846      579.0445997843639816
     161.0185882985802550       55.3144410505469253      578.1232610605773061
     159.2748237959859807       54.7780017377346624      577.1015627443681524
     157.3768897529461412       54.1841632786230178      575.9707312257329477
     155.3145029396494010       53.5268936981148613      574.7220281151963945
     153.0770810116681844       52.7995033748151315      573.3470607033607394
     150.6537309669406284       51.9945873839794004      571.8381885804725471
     148.0332210454176618       51.1039830056122213      570.1890369741314544
     145.2039362860819836       50.1187566651024596      568.3951212748902435
     142.1538224273609785       49.0292399314897764      566.4545772966193908
     138.8711381377088117       47.8253289063787079      564.3712062393969973
     135.3478267260229586       46.4974550575209733      562.1647361925413406
     131.5784439205777403       45.0365656446255400      559.8686969051261713
     127.5598044556371349       43.4344154561741007      557.5299419900229623
     123.2914016383161311       41.6841793478659568      555.2097521562233169
     118.7757877608044055       39.7811984208302363      552.9840932342044653
     114.0186154692772078       37.7236380791885182      550.9426592188713130
     109.0282864424851681       35.5126647049294704      549.1866878584033884
     103.8157756076678879       33.1523183874653640      547.8259038630773148
      98.3944611683189407       30.6490844128869711      546.9746173766033053
      92.7806120567188941       28.0109331163962274      546.7427250458332537
      87.0126821114713778       25.2405503672976330      547.1026366657465587
      81.1549811885814734       22.3367877662275021      547.8593916213741295
      75.2753498622848412       19.3034554261975835      548.7929825254035450
      69.4416878476123003       16.1498722791527562      549.6776884816001711
      63.7815006242278599       12.9265621473840024      550.2890399520200617
      58.2914346228359506        9.6185745702549426      550.4404749205009466
      53.0274605602361930        6.2498063167280362      549.9618288642268453
      48.0205826329483756        2.8491364474357717      548.8176848865662123
      43.2658794254842292       -0.5554768737861732      547.1696520650434650
      38.7559454920183626       -3.9409411341309535      545.1870061255990549
      34.4841004614841111       -7.2873350753407014      543.0200780346591500
      30.4445527422986828      -10.5772264567519958      540.7960002872874838
      26.6323959819617855      -13.7949892939773058      538.6165491041494988
      23.0434357363915545      -16.9261539577739839      536.5580087131717164
      19.6735578695049362      -19.9572578847057542      534.6725648765033156
      16.5180121600619287      -22.8763292947657924      532.9909929345723185
      13.5711852311877390      -25.6733129973011955      531.5264345758483842
      10.8281888282511431      -28.3401020264834749      530.2715947748457666
       8.2883706702524140      -30.8698063740012039      529.1885097585760604
       5.9484195769566517      -33.2581183590204290      528.2412475819837709
       3.8017160307212672      -35.5035405617094852      527.4025432824283826
       1.8395258175536133      -37.6069584893958933      526.6519679174540443
       0.0518987095048029      -39.5710839484300152      525.9743610918052354
      -1.5717923988657678      -41.4000018037592881      525.3585087911961864
      -3.0425096203380382      -43.0988389373324949      524.7960820783613372
      -4.3712753703981546      -44.6734762839406230      524.2808271178278119
      -5.5689563212729194      -46.1303006303245482      523.8079577634986208
      -6.6461001288794694      -47.4759958402588040      523.3737081753096163
      -7.6128175040702892      -48.7173714734690932      522.9750100087433111
      -8.4787019665592762      -49.8612256107543956      522.6092648938304137
      -9.2527800673072882      -50.9142380347970089      522.2741883998256753
      -9.9434856413367569      -51.8828896559572144      521.9677064943332425
     -10.5586525532139959      -52.7734041117207227      521.6878896437507365
     -11.1055213027332265      -53.5917077102767934      521.4329131751781006
     -11.5907557025862484      -54.3434042514441558      521.2010353655431345
     -12.0204665903549355      -55.0337616790103894      520.9905870012692048
     -12.4002401822592940      -55.6677079525593754      520.7999679341996853
     -12.7351692165153594      -56.2498339443194197      520.6276475240831587
     -13.0298854777386239      -56.7844015497242225      520.4721668799202234
     -13.2885926517556285      -57.2753555402886150      520.3321415606483242
     -13.5150987447896114      -57.7263379811936659      520.2062639300207820
     -13.7128475242904972      -58.1407042847087183      520.0933047316968896
     -13.8849486117216987      -58.5215401776059778      519.9921136997209032
     -14.0342059900599523      -58.8716790305852626      519.9016191796250723
     -14.1631447888410840      -59.1937191353539376      519.8208268318189766
     -14.2740362841266517      -59.4900406252608676      519.7488175411695011
     -14.3689211180715137      -59.7628218274098728      519.6847447194616052
     -14.4496308494567050      -60.0140549276209541      519.6278314048529410
     -14.5178075341523893      -60.2455607220076956      519.5773661596188049
     -14.5749217711396462      -60.4590025307686005      519.5326990310820747
     -14.6274209607849670      -60.6786846636869441      519.4887867590833821
     -14.6736560035962871      -60.9022078946634196      519.4464869200880912
     -14.7121879096776542      -61.1277889014953146      519.4065175509986148
     -14.7416358281630622      -61.3536661513771122      519.3695776745336161
     -14.7606966233748516      -61.5781185116939014      519.3363368317188815
     -14.7681635165898228      -61.7994831720738631      519.3074247881555721
     -14.7629435852547619      -62.0161726739653218      519.2834216051778640
     -14.7440739281871025      -62.2266908581814988      519.2648482699229362
     -14.7107363225126520      -62.4296475566641220      519.2521580757766060
     -14.6622702156203655      -62.6237718717818979      519.2457289364763255
     -14.5981839131406232      -62.8079239044736113      519.2458568034012387
     -14.5181638418144665      -62.9811048112000691      519.2527503364913173
     -14.4220817841352122      -63.1424650887806322      519.2665269552006748
     -14.3099999998506284      -63.2913110056320249      519.2872103674825439
     -14.1829669761834367      -63.4261691582727423      519.3145720029608583
     -14.0422185469971588      -63.5457404818049980      519.3482984134752769
     -13.8883737038926558      -63.6498519762869464      519.3881513433233295
     -13.7222227784414326      -63.7385149709831111      519.4338107686691046
     -13.5447217214593003      -63.8119212183123068      519.4848797800149214
     -13.3569842681494642      -63.8704368216823184      519.5408905484947581
     -13.1602720435294245      -63.9145940574219011      519.6013112104621996
     -12.9559826905676712      -63.9450811761053330      519.6655534933573790
     -12.7456361322946776      -63.9627302946244214      519.7329809027647798
     -12.5308591081627885      -63.9685035169245779      519.8029172953617945
     -12.3133681533388071      -63.9634774477533909      519.8746556740038613
     -12.0949512165893225      -63.9488262893245292      519.9474670579576241
     -11.8774481371181455      -63.9258037346631269      520.0206093014855924
     -11.6627302223269620      -63.8957238927478386      520.0933357556816645
     -11.4532820261795969      -63.8600526045243484      520.1646977580269322
     -11.2252564330558684      -63.8147899930993532      520.2427879532591533
     -10.9768759547279888      -63.7585804512674628      520.3282460340006992
     -10.7061901075349208      -63.6899088477933475      520.4217694308196087
     -10.4110599037618901      -63.6070843535172514      520.5241180400482790
     -10.0891414296191542      -63.5082231051877599      520.6361194026982275
      -9.7378686024509502      -63.3912297539728655      520.7586744567984169
      -9.3544352559490900      -63.2537779948899299      520.8927640408356865
      -8.9357767745515186      -63.0932902381534717      521.0394564032992548
      -8.4785515904497810      -62.9069166672055928      521.1999160798164894
      -7.9791229728291890      -62.6915140350211360      521.3754146439207489
      -7.4335416836980519      -62.4436246846703824      521.5673440311160221
      -6.8375302528765856      -62.1594564468882638      521.7772333916835805
      -6.1864698415007258      -61.8348642714064169      522.0067707608737919
      -5.4753909235915810      -61.4653346945262840      522.2578312627779269
      -4.6989693228938849      -61.0459745363078952      522.5325141043654185
      -3.8515294996604466      -60.5715055583311468      522.8331912865839968
      -2.9270573889076719      -60.0362671956500833      523.1625717750025615
      -1.9192255430824201      -59.4342298981030837      523.5237858419814074
      -0.8214338169827562      -58.7590220641786658      523.9204954132374041
       0.3731306683860414      -58.0039740051311625      524.3570375036484847
       1.6714100639440876      -57.1621828095834559      524.8386091636045876
       3.0803641909051338      -56.2266023536787358      525.3715036954794186
       4.6068258519354384      -55.1901629804298466      525.9634091099926536
       6.2573179891343056      -54.0459255241945087      526.6237806859825241
       8.0378277691916580      -52.7872743838645135      527.3642998162682716
       9.9535331587325935      -51.4081543305454574      528.1994307265581483
      12.0084784065662298      -49.9033559188689040      529.1470846998056459
      14.2052163273941652      -48.2688477759402517      530.2293142456126134
      16.5464470223887474      -46.5014345228859014      531.4647397650684297
      19.0376233392948677      -44.5982369171149031      532.8573987308606092
      21.6850610208834524      -42.5577668558235018      534.4046878235999429
      24.4960268450218024      -40.3800523212047295      536.0971633223310846
      27.4790990783964162      -38.0664805383474842      537.9168262845770414
      30.6443722701645349      -35.6195687024322325      539.8350738178763777
      34.0034590220834048      -33.0427757717415389      541.8102990488229125
      37.5693347559769535      -30.3404136916188030      543.7852867969077124
      41.3560284955265303      -27.5177243731165504      545.6846704013265708
      45.3778756257216145      -24.5815467998293791      547.4127509445225996
      49.6489681044928943      -21.5412419923302423      548.8526180625959796
      54.1828546738486594      -18.4094886369926911      549.8670380721549691
      58.9859172429174450      -15.2040488519960810      550.3347810141026457
      64.0310750218524447      -11.9505761121407765      550.2956740292562472
      69.2726420356367925       -8.6750928782609602      549.8665416441518801
      74.6552649925727820       -5.4006466146432111      549.1940899419805646
      80.1173500745094884       -2.1484308153942475      548.4473220580340467
      85.6543214542458884        1.0976896216631258      547.8017400215865109
      91.1398640884967790        4.2852104519240628      547.4539033641082142
      96.5117599340035071        7.4019285157543120      547.5816961636460292
     101.7245537196082523       10.4389228810054195      548.2731550287981008
     106.7609451371129268       13.3869030544807792      549.4527368308457653
     111.6101284569694485       16.2366606206929411      551.0241916374816356
     116.2640875584022808       18.9798858383232307      552.8941197010043425
     120.7169580013771935       21.6096734917411624      554.9749140911623044
     124.9645215213261764       24.1208404027864631      557.1868614742396630
     129.0038537668923482       26.5100570290723994      559.4595347849685822
     132.8330670376266482       28.7757800078425845      561.7325693820280321
     136.4510335241362498       30.9178590516549434      563.9558633371102587
     139.8575713629620907       32.9371510521759205      566.0896047059496823
     143.0538043894364932       34.8353143601414743      568.1040904354549639
     146.0437905174169089       36.6149281461442939      569.9830548364974447
     148.8347015211099063       38.2794775153758522      571.7230359879479238
     151.4339998287938727       39.8328024469720674      573.3245295601029738
     153.8493025925296251       41.2789885959775020      574.7906778871571305
     156.0884540054112506       42.6223241607737293      576.1266818416020214
     158.1595468116099994       43.8672675196943800      577.3392398170924480
     160.0709030436937041       45.0184175944840490      578.4360440986195044
     161.8310245268601477       46.0804824847564660      579.4253515568545936
     163.4485234285757826       47.0582446758861153      580.3156346211446817
     164.9320423491931820       47.9565231129756597      581.1153105689611493
     166.2901757743421740       48.7801362197389992      581.8325439700994366
     167.5313937343628652       49.5338674659949163      582.4751091102083365
     168.6639636537099136       50.2224273246005311      583.0502976886496072
     169.6958843451844814       50.8504160352018246      583.5648677689048327
     170.6348342407411849       51.4222902669864013      584.0250245201128791
     171.4881328563459988       51.9423350205259382      584.4364236643554023
     172.2627141855642492       52.4146413697528217      584.8041903960227046
     172.9651105456908340       52.8430901034023321      585.1329481952394644
     173.6014453409850375       53.2313409539873632      585.4268533609250653
     174.1774332357196613       53.5828268703383159      585.6896322331159581
     174.6983863197024789       53.9007526652756681      585.9246189772396747
     175.1692249777309200       54.1880973243978730      586.1347924963517926
     175.5944923235221040       54.4476192711564977      586.3228115562042149
     175.9783712141543504       54.6818639282133887      586.4910475867214927
     176.3247030132675093       54.8931729809802675      586.6416148926876986
     176.6370074139557005       55.0836948255643151      586.7763981922159928
     176.9185027617520234       55.2553957625156116      586.8970775250559200
     177.1721264325808534       55.4100715746221866      587.0051506507600152
     177.4005549195968570       55.5493591981943950      587.1019531021487410
     177.6062233669133832       55.6747482608995057      587.1886760821844291
     177.7913443584219237       55.7875923143851651      587.2663823996182373
     177.9579258276156111       55.8891196365691059      587.3360206359433278
     178.1217598782443190       56.0001737565466229      587.4031765374722909
     178.2776155318028088       56.1292163017869328      587.4645783758377320
     178.4233112073791006       56.2752682905631474      587.5193154018520545
     178.5568142926226187       56.4370570296378133      587.5665837237178266
     178.6762633204829740       56.6130472124439166      587.6056913001182238
     178.7799890548049007       56.8014722441424809      587.6360621842894716
     178.8665339253200273       57.0003661415478931      587.6572398606374463
     178.9346693231231598       57.2075961780899576      587.6688895737221401
     178.9834103142204924       57.4208963043532421      587.6707996273328263
     179.0120275050889518       57.6379012453010446      587.6628814917945647
     179.0200556988377230       57.8561811123036875      587.6451688320394169
     179.0072990093032104       58.0732763079050613      587.6178156421782433
     178.9738324587876264       58.2867324081477634      587.5810932256596288
     178.9199999999999875       58.4941346972085512      587.5353860032813600
