     178.5000000000000000       58.4362663032572129      624.8132956176067410
     178.4226524338810975       58.5994657163189103      624.7652243257664395
     178.3297153115053106       58.7522028304711057      624.7114146120356963
     178.2222920898906864       58.8927597181170626      624.6524678887542450
     178.1016678034258121       59.0195772762048705      624.5890475864397331
     177.9692908493993286       59.1312774061171638      624.5218711788173778
     177.8267526208225604       59.2266831018110622      624.4517014696732531
     177.6757652550011812       59.3048362970164646      624.3793371666806706
     177.5181377754845471       59.3650133778741775      624.3056027730474398
     177.3557509038776061       59.4067383342177706      624.2313378331905369
     177.1905308058469757       59.4297936029356748      624.1573855722699591
     177.0244220115307030       59.4342287537110892      624.0845809695100570
     176.8593597131009574       59.4203672854367753      624.0137382995405915
     176.6972415894961159       59.3888119467273725      623.9456381618463183
     176.5398992379217589       59.3404491734101995      623.8810139928319813
     176.3848237196194759       59.2837474740481127      623.8179685689891585
     176.2118866052998385       59.2204127731269452      623.7474230753864504
     176.0190822188226321       59.1496753145598859      623.6684773562479904
     175.8041921001478158       59.0706775935787576      623.5801217234936757
     175.5647653971161049       58.9824647648627689      623.4812234356040790
     175.2980981584926781       58.8839741118869568      623.3705115242311194
     175.0012116455278601       58.7740235163362286      623.2465597934109383
     174.6708298348315225       58.6512988720522941      623.1077678123609758
     174.3033563511382908       58.5143403975498160      622.9523397264682671
     173.8948511445863687       58.3615278159254700      622.7782607261756311
     173.4410073126538521       58.1910643925732387      622.5832710453611298
     172.9371285598589054       58.0009598514706042      622.3648374166662052
     172.3781078850068127       57.7890122322984610      622.1201220004007837
     171.7584081800926583       57.5527888061616295      621.8459489382631773
     171.0720455079456315       57.2896062405312847      621.5387688782823261
     170.3125758846933877       56.9965102980496496      621.1946220917552637
     169.4730864112656263       56.6702554731863088      620.8091011785096498
     168.5461915540969926       56.3072851197279931      620.3773148585728450
     167.5240352432588793       55.9037128047546261      619.8938550029461112
     166.3982992076619212       55.4553058442309847      619.3527698894413334
     165.1602175723749042       54.9574722328413259      618.7475477020715289
     163.8005971771981990       54.4052524741108101      618.0711155328718860
     162.3098423244562127       53.7933181388814674      617.3158605801662588
     160.6779817354129705       53.1159793159036653      616.4736818188948746
     158.8946944324242168       52.3672034423071011      615.5360820465044753
     156.9493301640597736       51.5406482753010380      614.4943117103784971
     154.8309190193958784       50.6297119350417546      613.3395770367633304
     152.5281642871984218       49.6276029406718422      612.0633253362336745
     150.0294127489468394       48.5274328903059100      610.6576194743771566
     147.3225978745245470       47.3223338055138640      609.1156107902068015
     144.3951542783735817       46.0056010798778345      607.4321145944777527
     141.2339232394920714       44.5708646659026755      605.6043289570935713
     137.8270914780658813       43.0126770391993034      603.6381833343400558
     134.1672616923883083       41.3272421743813965      601.5577977869417055
     130.2494971151221534       39.5120864266206127      599.4012441000943454
     126.0713778979275901       37.5660959346813144      597.2214801981572236
     121.6334160799827657       35.4895342937062637      595.0877598934042680
     116.9394513401744859       33.2839415345188456      593.0862499758462718
     111.9970074671539209       30.9518991863238497      591.3195549906840824
     106.8175893537460439       28.4966675048303770      589.9048892575158334
     101.4168934989950088       25.9217225709841692      588.9707228823390324
      95.8149050867071850       23.2302463803281576      588.6518714911410370
      90.0398266077405367       20.4231653435157341      589.0404823265188270
      84.1449147062301961       17.4944241630683130      589.9953611624753194
      78.1947607658043893       14.4403321062610601      591.2775121836980361
      72.2565122826283499       11.2640932675826022      592.6309813892341936
      66.2935874599158410        7.9173046105611995      593.8168708295545457
      60.4795716513238872        4.4762490489077731      594.5573189511579812
      54.8756801714813420        0.9702234581752243      594.6319717946992114
      49.5289932177567778       -2.5650233907326330      593.9147541915077682
      44.4507069804600974       -6.0944005579432652      592.5540176299260793
      39.6403147766718575       -9.5869076532456532      590.7617463829616327
      35.0958873141355880      -13.0155929744516534      588.7230047347968593
      30.8144426276167565      -16.3573085695827523      586.5910978123365567
      26.7921558553688328      -19.5922722461341081      584.4860302389786284
      23.0242536406109863      -22.7037282152189199      582.4955958832762235
      19.5043924281289485      -25.6784486415317588      580.6782391881060903
      16.2246463100399794      -28.5073079475151481      579.0675369852777976
      13.1759064501273819      -31.1854587981130358      577.6774013424417262
      10.3503839441890282      -33.7113985755889516      576.4965570756373836
       7.7439669017243400      -36.0852952600149450      575.4834874625480552
       5.3507664687801952      -38.3096225853614811      574.6021145057138710
       3.1630070529769716      -40.3884951421573746      573.8254604588779557
       1.1716149423905831      -42.3268723992425322      573.1335895206752866
      -0.6335809707192264      -44.1301764270507704      572.5118554058847167
      -2.2636769891792556      -45.8041765953591522      571.9494979046447725
      -3.7304048249293782      -47.3549155191221800      571.4385696468993956
      -5.0458125026478706      -48.7886427292949776      570.9731197942147674
      -6.2219686527179165      -50.1117472657953655      570.5485832753690829
      -7.2707142590738645      -51.3306879761909229      570.1613350031217351
      -8.2034694753672905      -52.4519236836205778      569.8083741941220524
      -9.0310939853596892      -53.4818463667540627      569.4871085234337897
      -9.7637947703533143      -54.4267202346050354      569.1952124873718049
     -10.4110733017297576      -55.2926287913963819      568.9305390411655026
     -10.9817039528639526      -56.0854310790509274      568.6910680468047303
     -11.4837360737643142      -56.8107274670356972      568.4748790560500993
     -11.9245132195540915      -57.4738347187842180      568.2801393187921803
     -12.3107041840687614      -58.0797696181163730      568.1051006110227490
     -12.6483416020747299      -58.6332401692028000      567.9481005596779823
     -12.9428648688361747      -59.1386432559067643      567.8075656860038407
     -13.1991649547592544      -59.6000676241017828      567.6820144931285768
     -13.4216293649744305      -60.0213011004353234      567.5700596838822776
     -13.6141860230807055      -60.4058410555191543      567.4704090973622215
     -13.7803452651830050      -60.7569072376297470      567.3818652683551136
     -13.9232394363744572      -61.0774562295430599      567.3033236985054373
     -14.0456598071494643      -61.3701969058595722      567.2337700244678445
     -14.1500906895111669      -61.6376063846904998      567.1722763072223188
     -14.2387407467882454      -61.8819460724410817      567.1179966715097862
     -14.3135716053703987      -62.1052775073180001      567.0701626491409115
     -14.3763238049937758      -62.3094777337586336      567.0280780826553837
     -14.4285402063405410      -62.4962540257809991      566.9911136136942105
     -14.4715872266736589      -62.6671579305926301      566.9587016578273051
     -14.5103387932506855      -62.8411583694993041      566.9272297520900565
     -14.5439665740119484      -63.0180213610453492      566.8969875407173049
     -14.5713538747977900      -63.1962958852976016      566.8684921444786369
     -14.5914350154956107      -63.3745479850263393      566.8422447124273731
     -14.6032107386699206      -63.5513767887051273      566.8187229601880972
     -14.6057626963850407      -63.7254300944851693      566.7983739267605188
     -14.5982668472425114      -63.8954192952005968      566.7816070818493017
     -14.5800056166688474      -64.0601334283887098      566.7687879137996561
     -14.5503786950307923      -64.2184521439277205      566.7602321225556352
     -14.5089123696041611      -64.3693573953504057      566.7562005327549741
     -14.4552673072474835      -64.5119436791436840      566.7568948293571793
     -14.3892447244145583      -64.6454266691282129      566.7624542024258290
     -14.3107908995694100      -64.7691501198595319      566.7729529692919641
     -14.2199999999999704      -64.8825909432274699      566.7883992218734193
     -14.1176947100462939      -64.9847157671545261      566.8086283142871480
     -14.0048400461255405      -65.0746365330874994      566.8334149869633620
     -13.8819541205538535      -65.1522639906805239      566.8625818262727307
     -13.7496834940151853      -65.2176583217722339      566.8958941521152610
     -13.6087980450860098      -65.2710244954589598      566.9330634734002388
     -13.4601844124834749      -65.3127057793100931      566.9737516519976452
     -13.3048380607361416      -65.3431755308861995      567.0175756738947257
     -13.1438540314384671      -65.3630274169260304      567.0641129201724198
     -12.9784164547861991      -65.3729642271050153      567.1129068285076755
     -12.8097869097057622      -65.3737854648958319      567.1634728378521686
     -12.6392917354638339      -65.3663739097031140      567.2153045142258634
     -12.4683084129057171      -65.3516813521750208      567.2678797634816874
     -12.2982511490363571      -65.3307137086095366      567.3206670466323658
     -12.1305558140395640      -65.3045157209858615      567.3731315240421509
     -11.9654868983100382      -65.2739214374757921      567.4251129375101073
     -11.7846994762529640      -65.2354803948210247      567.4823721126938381
     -11.5866008058306811      -65.1880165112173415      567.5454464574388567
     -11.3694274869133576      -65.1302117008718966      567.6149261511595796
     -11.1312273585268695      -65.0605913364781117      567.6914587596068031
     -10.8698396674243032      -64.9775086719600239      567.7757542156580257
     -10.5828734076975639      -64.8791282564062897      567.8685902316906322
     -10.2676837499178255      -64.7634084011078528      567.9708182433951151
      -9.9213465086886892      -64.6280827992439697      568.0833700363757544
      -9.5406306438574511      -64.4706414423765892      568.2072652827069987
      -9.1219688587247276      -64.2883110295175300      568.3436203244345961
      -8.6614264560554783      -64.0780351226400740      568.4936586977299839
      -8.1546687495409049      -63.8364543659840251      568.6587241120208773
      -7.5969275176421025      -63.5598871534487273      568.8402969049093372
      -6.9829672452674991      -63.2443111960725304      569.0400154140201039
      -6.3070522478521163      -62.8853465067286805      569.2597042756606243
      -5.5629162387456654      -62.4782403783291755      569.5014124188097639
      -4.7437365167424677      -62.0178549828476022      569.7674645188686782
      -3.8421157539994182      -61.4986582628458365      570.0605309590748675
      -2.8500753973925064      -60.9147188344970658      570.3837229650905556
      -1.7590660005326819      -60.2597056965382762      570.7407215601938333
      -0.5600014133291942      -59.5268936966324631      571.1359513268967021
       0.7566743167481371      -58.7091760479717379      571.5748125741724834
       2.2008762656167202      -57.7990859014644158      572.0639881881893416
       3.7827107251910075      -56.7888303926614384      572.6118437713698768
       5.5122342964921911      -55.6703432739151722      573.2289409167324266
       7.3991223631508767      -54.4353672191476718      573.9286824355828003
       9.4522285465685378      -53.0755859429993109      574.7281032547587074
      11.6790177314600303      -51.5828426947523226      575.6488089117242453
      14.0848661182048183      -49.9495081343274023      576.7179989587659747
      16.6739494978991480      -48.1683274463550930      577.9601393650923455
      19.4519137402341471      -46.2319309767554216      579.3795982123361910
      22.4241282900176770      -44.1346690430344424      580.9696971515771793
      25.5958962662409171      -41.8734570256120335      582.7125314175056019
      28.9732499245247510      -39.4480922447865581      584.5766299135384543
      32.5636005538399118      -36.8612177601313391      586.5144851345264669
      36.3759630041470245      -34.1181057534646541      588.4597836716864094
      40.4207343131214714      -31.2264314396419529      590.3244383610002615
      44.7089329151491768      -28.1963722603533320      591.9957594772916991
      49.2510692123577769      -25.0414390693329061      593.3345740136309132
      54.0566674778634990      -21.7791639202606966      594.1754685828790343
      59.1290520049821495      -18.4328065410708675      594.3680449341561598
      64.4429624911321213      -15.0350952633951778      593.9585388467695566
      69.9562107942688556      -11.6194599061552175      593.0932212254597289
      75.6163837299325934       -8.2137135124233200      591.9579167946934604
      81.3637804712978721       -4.8404131152494978      590.7689620075334460
      87.0332245952073720       -1.5742849143440971      589.7750862967329795
      92.6626206008717190        1.6337899442976089      589.1794626474224970
      98.1916605300501999        4.7789247190481188      589.1871791345474776
     103.5768877726172690        7.8590526605907085      589.8377552342421950
     108.7914117760730335       10.8707427403257775      591.0206956905567495
     113.8126917359114856       13.8087482896646421      592.6175876782101568
     118.6222189576823212       16.6663216183414420      594.5137260335211522
     123.2055649548351681       19.4356855763717604      596.6030719859505780
     127.5522964923778773       22.1085995949261900      598.7918632622792074
     131.6557798208351358       24.6769432467370500      601.0008127078444886
     135.5128979425353180       27.1332517082087534      603.1659873892702990
     139.1237043237663329       29.4711546287150270      605.2385712067485883
     142.4910409485022171       31.6856935067239149      607.1837839137516539
     145.6214050284770565       33.7737013720321073      608.9826674592843574
     148.5258774391986094       35.7341336380719738      610.6337371654196886
     151.2159034052118898       37.5674870067647575      612.1405603613914082
     153.7026426864652251       39.2755669466474870      613.5090330296202410
     155.9970309625639970       40.8613215088743971      614.7466888520825705
     158.1098210654620289       42.3286592455540358      615.8621060719405023
     160.0516006432650329       43.6822626306780393      616.8644194396641751
     161.8327876588763559       44.9274062456147050      617.7629348262522626
     163.4636079715293135       46.0697866587426859      618.5668377562800515
     164.9540604961341614       47.1153686820903417      619.2849836061977840
     166.3138755351749865       48.0702507052857086      619.9257558661954590
     167.5524712561221747       48.9405501796433811      620.4969790240372731
     168.6789122937121874       49.7323090771841407      621.0058737317631312
     169.7018733477984256       50.4514182602982402      621.4590435175022094
     170.6296095919897482       51.1035591212594795      621.8624840849736302
     171.4699348008351194       51.6941605291847424      622.2216079915571072
     172.2302073842832897       52.2283689963856830      622.5412790875973315
     172.9173239914107398       52.7110299923388865      622.8258524740491566
     173.5377199931226642       53.1466784456745813      623.0792168748620270
     174.0973759471554843       53.5395366456615704      623.3048372336495504
     174.6018290565586426       53.8935179563875266      623.5057960548475648
     175.0561886246207450       54.2122349686769027      623.6848325477096751
     175.4651545585599592       54.4990109226582149      623.8443790281835390
     175.8330380596474640       54.7568934287514324      623.9865943179056558
     176.1637837421702386       54.9886696915148860      624.1133940766653723
     176.4609925355229620       55.1968825968447447      624.2264781359940571
     176.7279448343176114       55.3838471579760068      624.3273549842704142
     176.9676234652234257       55.5516669303482047      624.4173636014501199
     177.1827361331176576       55.7022501011977411      624.4976928646694887
     177.3757370914977116       55.8373250386441669      624.5693987523745818
     177.5488478526265794       55.9584551491213134      624.6334195700727605
     177.7040768119277345       56.0670529433291094      624.6905894094606992
     177.8432377095886068       56.1643932513965751      624.7416500375098849
     177.9782370714052604       56.2690042579459870      624.7900923077758080
     178.1049452707882779       56.3885386774116952      624.8334738038028036
     178.2215529964544203       56.5219805056834304      624.8711348381661992
     178.3264013959658882       56.6680763268149832      624.9025060277962211
     178.4179989381322002       56.8253632876926034      624.9271110716664452
     178.4950372890300514       56.9921971324205927      624.9445690418141339
     178.5564056647158111       57.1667805928832635      624.9545960625362113
     178.6012032422522395       57.3471922598987618      624.9570062489705151
     178.6287493847993630       57.5314159166023273      624.9517116588494900
     178.6385911163479534       57.7173702762215939      624.9387216675775107
     178.6305077636491490       57.9029389340599749      624.9181415341365664
     178.6045126733433790       58.0860003024249423      624.8901700604357075
     178.5608519230222839       58.2644572695879361      624.8550963411860266
     178.5000000000000000       58.4362663032572129      624.8132956176067410
