     175.4599999999999795       60.5214832074344713      811.1453076177980392
     175.3269371290809318       60.5792616870190983      811.1110377972751166
     175.1875133135165186       60.6204134373488870      811.0764760248672474
     175.0433443231338515       60.6444939634522058      811.0420116690399936
     174.8961013798780755       60.6512752747921908      811.0080340059495256
     174.7474883352256825       60.6407494905622286      810.9749271275551337
     174.5992183326125655       60.6131297752845910      810.9430647510117751
     174.4529901695830461       60.5688486446432606      810.9128049694203355
     174.3104645545259359       60.5085537211102391      810.8844849859621036
     174.1732404232641898       60.4331010606338168      810.8584158723102746
     174.0428314394372364       60.3435462167689636      810.8348773869987554
     173.9206427464557692       60.2411332591155713      810.8141128789953882
     173.8079479632016273       60.1272820215453052      810.7963242846163894
     173.7058663140024066       60.0035739260464780      810.7816672003019676
     173.6153396468105825       59.8717368147052937      810.7702459772718839
     173.5311803383171991       59.7369308882672527      810.7604756207713308
     173.4368688967786909       59.5857817538631878      810.7494657765606689
     173.3312025853329601       59.4163310711081820      810.7370541517275342
     173.2128418849713114       59.2263916358136484      810.7230560966667099
     173.0802964372630868       59.0135220889352397      810.7072613165953499
     172.9319099439368586       58.7749992040825830      810.6894300724922005
     172.7658440601199459       58.5077876266286694      810.6692887932540543
     172.5800613586839916       58.2085069681922178      810.6465250110347824
     172.3723074943624169       57.8733962097288526      810.6207815214953598
     172.1400927588010177       57.4982754425788016      810.5916496602729922
     171.8806732912201767       57.0785050904456099      810.5586615765985243
     171.5910322920823887       56.6089429211332913      810.5212813748518101
     171.2678616749519733       56.0838993944584274      810.4788949851716779
     170.9075446773528313       55.4970922274245098      810.4307986151707155
     170.5061400236255622       54.8416015218345549      810.3761856265691677
     170.0593682752921154       54.1098274333750595      810.3141316734040629
     169.5626009949520778       53.2934532139740540      810.2435779329085790
     169.0108532586430101       52.3834175888039226      810.1633122570538035
     168.3987798410069274       51.3699019006255639      810.0719480738898710
     167.7206750210829966       50.2423393349722005      809.9679008767033110
     166.9704753610540138       48.9894558919236829      809.8493621629546624
     166.1417639418047543       47.5993556359064627      809.7142707386245775
     165.2277733542831584       46.0596661338652069      809.5602814155739679
     164.2213832313021271       44.3577638096609732      809.3847313522627474
     163.1151059817909470       42.4811021209357946      809.1846046701972455
     161.9010475083407528       40.4176463787734619      808.9564965100803420
     160.5708430567211167       38.1564089379180089      808.6965832399607734
     159.1155802522933129       35.6881192854459783      808.4006088860513728
     157.5257006172362537       33.0060210620638657      808.0638971490070617
     155.7908820137578800       30.1067698604034497      807.6814047461443806
     153.8999131571339376       26.9913808235064145      807.2478376325282170
     151.8405795096495865       23.6661384906246610      806.7578567834048044
     149.5995877135068497       20.1433369245131679      806.2064032653547656
     147.1625603823515860       16.4416706602859932      805.5891706879585854
     144.5141310779857804       12.5860566232440227      804.9032438344831917
     141.6381602044427837        8.6066510424948763      804.1479038249526639
     138.5188759672927006        4.5368581711818932      803.3258534235120578
     135.1433743504827021        0.4103829852957253      802.4449501630191435
     131.5022011967702724       -3.7411417949720489      801.5191601950651830
     127.5908018680757152       -7.8894256035501265      800.5696600682574626
     123.4109008075370753      -12.0103349591691018      799.6256633415478063
     118.9717847141898943      -16.0839055097350929      798.7247685303034359
     114.2912661135465839      -20.0935434596022020      797.9125798488039436
     109.3959947362726552      -24.0245535038084697      797.2413782631740560
     104.3208201227732843      -27.8622031579055474      796.7677773421372649
      99.1070895285739226      -31.5895972696032636      796.5495610918725333
      93.5210068971363171      -35.3695661851735181      796.6556380134136361
      87.8804672990862201      -38.9735240904745766      797.1047739600078330
      82.2259428514597062      -42.3651444296079944      797.7950560570709513
      76.5930660651161475      -45.5108011522550555      798.6082490478650016
      71.0135812725768858      -48.3841509875220623      799.4254145223128489
      65.5149428754245804      -50.9668767357691692      800.1337469055414431
      60.1213478972008062      -53.2502393332766104      800.6316193012808071
      54.8548445275323360      -55.2357972935405286      800.8323469515714805
      49.7366992638934846      -56.9367353113882331      800.6862589296416672
      44.7907088342934330      -58.3816093008967272      800.2518292373429176
      40.0425071776316912      -59.6058943142141757      799.6129528112679736
      35.5173429965409255      -60.6462797761312800      798.8444254188631248
      31.2379208321141988      -61.5375555339194946      798.0103414849068031
      27.2221640144021109      -62.3102883807769743      797.1628114423668876
      23.4815016025425685      -62.9896380595212335      796.3414110504639893
      20.0202314342219054      -63.5952954237775572      795.5736398745696079
      16.8359705702848501      -64.1422209354188340      794.8763165795777468
      13.9211072053507188      -64.6416251958125230      794.2576258333109536
      11.2643116733714788      -65.1017109542889330      793.7178975560793788
       8.8516867975306255      -65.5279659727170554      793.2466279963609850
       6.6678388752489131      -65.9244051326314064      792.8324428750551078
       4.6966470458620835      -66.2941877013440148      792.4663602776113294
       2.9218085290497644      -66.6398439788672476      792.1412700917882148
       1.3272441689729586      -66.9634418534506608      791.8515013532731928
      -0.1026090412163522      -67.2667084376842581      791.5924787175471238
      -1.3825958164632031      -67.5511182021109988      791.3604572729497022
      -2.5267116845353805      -67.8179563531177223      791.1523222735534091
      -3.5480273441882288      -68.0683640972351327      790.9654404446221179
      -4.4586550789946102      -68.3033707861155506      790.7975509485781913
      -5.2697464833854024      -68.5239166582531425      790.6466860631616100
      -5.9915128748704003      -68.7308689126911361      790.5111136401677641
      -6.6332615623314499      -68.9250331059203063      790.3892952402406991
      -7.2034426393230886      -69.1071613053354810      790.2798553775630808
      -7.7097022042121850      -69.2779580192572269      790.1815585406120590
      -8.1589389092247711      -69.4380846207931199      790.0932916064074334
      -8.5573615416384943      -69.5881627636668725      790.0140499784105259
      -8.9105459742568236      -69.7287771313644669      789.9429262990145162
      -9.2234903178273377      -69.8604777501252130      789.8791009596277490
      -9.5006674906774968      -69.9837820189432449      789.8218338916549328
      -9.7460747124128098      -70.0991765564545943      789.7704573001087738
      -9.9632796475034535      -70.2071189283894910      789.7243691213218426
     -10.1554630862753843      -70.3080392950623150      789.6830270648292753
     -10.3254581677512327      -70.4023420024365407      789.6459431497754622
     -10.4757862310827647      -70.4904071299755515      789.6126786774715356
     -10.6086894381064489      -70.5725920018754351      789.5828396004861816
     -10.7261603452755097      -70.6492326640406532      789.5560722594274239
     -10.8442848059486519      -70.7307994929842039      789.5287183122989063
     -10.9605321025116638      -70.8163819356047384      789.5012874672737553
     -11.0733802414244806      -70.9056849003631697      789.4740650169469518
     -11.1813473824055905      -70.9984023192580764      789.4473318526951289
     -11.2830106745189003      -71.0942184283608327      789.4213610256822449
     -11.3770243470806971      -71.1928090673007716      789.3964143603095636
     -11.4621368265381598      -71.2938429898342605      789.3727391693086020
     -11.5372066636131070      -71.3969831774340236      789.3505651217499235
     -11.6012170709147995      -71.5018881477272146      789.3301013161328683
     -11.6532888896188283      -71.6082132496374442      789.3115336101520825
     -11.6926918243776399      -71.7156119372883154      789.2950222565384593
     -11.7188538080311311      -71.8237370151240242      789.2806998904104603
     -11.7313683815883252      -71.9322418473057184      789.2686699078807351
     -11.7300000000000004      -72.0407815252439292      789.2590052683796102
     -11.7147315654130999      -72.1484374680222516      789.2517928302515884
     -11.6857205126281301      -72.2543021000262087      789.2470877444461621
     -11.6432527142161746      -72.3580633630875951      789.2448678311709500
     -11.5877835019495645      -72.4594289062201824      789.2450791450481802
     -11.5199322078625794      -72.5581265922522221      789.2476370693658509
     -11.4404746569804416      -72.6539047939028251      789.2524278398170736
     -11.3503337034014411      -72.7465324843375640      789.2593104640708361
     -11.2505679250056279      -72.8357991291491089      789.2681189968150193
     -11.1423586144129487      -72.9215143885212171      789.2786651248100043
     -11.0269952247124792      -73.0035076400577339      789.2907410131296047
     -10.9058594476922863      -73.0816273344056526      789.3041223620325582
     -10.7804081195927530      -73.1557401973888375      789.3185716237308043
     -10.6521551645485211      -73.2257302939112122      789.3338413294040947
     -10.5226527986479788      -73.2914979703960512      789.3496774789297206
     -10.3945470215192373      -73.3524627036110815      789.3656873345396434
     -10.2502981356765410      -73.4169467635394710      789.3840604743918448
     -10.0878777769594059      -73.4850254240398897      789.4051189404769957
      -9.9050059334455938      -73.5567617726028971      789.4292247749855278
      -9.6991210363135387      -73.6322038835869677      789.4567845274303863
      -9.4673468940102712      -73.7113814519290997      789.4882542207108145
      -9.2064562510178600      -73.7943018003697802      789.5241448295337250
      -8.9128307743650641      -73.8809451574922491      789.5650283421797440
      -8.5824173086966873      -73.9712590839578326      789.6115445041812109
      -8.2106802994364116      -74.0651518990066506      789.6644083851551841
      -7.7925503700019236      -74.1624849269422555      789.7244189751006616
      -7.3223691614860718      -74.2630633417138739      789.7924691142363827
      -6.7938307120720491      -74.3666253338476650      789.8695572052632770
      -6.1999198814425522      -74.4728292538204073      789.9568013683112895
      -5.5328486280420028      -74.5812382941014960      790.0554570030510604
      -4.7839913427026062      -74.6913021512725663      790.1669391538119953
      -3.9438209524013859      -74.8023349502332024      790.2928516758415753
      -3.0018481572252687      -74.9134885017060839      790.4350260277697089
      -1.9465669786136153      -75.0237196850410299      790.5955736296226632
      -0.7654108048635688      -75.1317503779690696      790.7769571951089347
       0.5552756542648374      -75.2360178629186720      790.9820883349200358
       2.0302416301388861      -75.3346129840500964      791.2144610764269146
       3.6753041995816216      -75.4252024520449424      791.4783337444895324
       5.5072803348568371      -75.5049305111789124      791.7789747883894051
       7.5438645245898446      -75.5702935706354992      792.1229913399763518
       9.8034372750225742      -75.6169791664888322      792.5187619967409773
      12.3047878547231413      -75.6396574517423090      792.9769965954517374
      15.0667280819881029      -75.6316733608193630      793.5110723999333686
      18.1074708509359148      -75.5838709225346150      794.1293288894463558
      21.4439033451191641      -75.4835439870872733      794.8300199748998693
      25.0908101869211393      -75.3139423712183174      795.6038599643591169
      29.0598544476717926      -75.0530610663016944      796.4314532809737557
      33.3580321143547991      -74.6722055526112456      797.2801043786485025
      37.9853129609172697      -74.1349498271580245      798.1004795305818789
      42.9322607717419942      -73.3972488578167628      798.8238714686278854
      48.1783122107688726      -72.4093687244530599      799.3610086997385906
      53.6914677792419610      -71.1198530165621605      799.6033128760122963
      59.4299866826713838      -69.4830552682656872      799.4493357514949139
      65.3472688358076965      -67.4756431150958917      798.9346769999833668
      71.3953740827192291      -65.0939427398246409      798.1730645024107389
      77.5278044748390869      -62.3491087206593164      797.3026623410510183
      83.7008250894875374      -59.2647300949285381      796.4753917021859024
      89.8742459809338072      -55.8732420284788560      795.8463408458920867
      96.0113830516063445      -52.2113396167814017      795.5642067112089535
     102.0752725854659388      -48.3105269704769142      795.7190329613291624
     108.0244527740315448      -44.1902342447805694      796.2591141608947964
     113.5336437349758398      -40.0846554291383086      797.0577575891236393
     118.8627821756312812      -35.8052047784153231      798.0652323123954375
     123.9712726250589299      -31.3643946976234957      799.2143989037642768
     128.8194857845051047      -26.7795181638767765      800.4413818270114689
     133.3724353936462137      -22.0748951462664813      801.6884259273912221
     137.6030516028184820      -17.2828849357328949      802.9066067608533785
     141.4945177082042562      -12.4434318526507326      804.0577721708569925
     145.0417886229654414       -7.6022649465076606      805.1154903374941796
     148.2531805654813866       -2.8081717917246003      806.0652777181200008
     151.1457284177450049        1.8901326720640048      806.9020465956272119
     153.7421673628806786        6.4475459709440166      807.6277780080704360
     156.0686183780779004       10.8257431697343787      808.2493769462229238
     158.1520181302990693       14.9945160966848441      808.7765703266975379
     160.0183682404372405       18.9320101940673950      809.2203045464377738
     161.6917293253429762       22.6242893845390043      809.5916478979293061
     163.1937531633684841       26.0644881448710848      809.9011041798562474
     164.5435740210660924       29.2517486933953705      810.1582324299578204
     165.7579191687067350       32.1900884692069837      810.3714794511655555
     166.8513368070804574       34.8872988203044230      810.5481509514399932
     167.8364720622903974       37.3539392952666418      810.6944662785509763
     168.7243470954180111       39.6024628673038706      810.8156580772543975
     169.5246200811966730       41.6464855725120344      810.9160910462153424
     170.2458096519765434       43.5001951456899221      810.9993834377195299
     170.8954805401627937       45.1778726852351582      811.0685225927544479
     171.4804046946892981       46.6935420854105914      811.1259712561770812
     172.0066897602775668       48.0607336914857939      811.1737591439100470
     172.4798743144238244       49.2923272835543429      811.2135591772753287
     172.9049989061024348       50.4004552849217120      811.2467505268500645
     173.2866600997746218       51.3964511891156377      811.2744705619688830
     173.6290528395102797       52.2908312325047859      811.2976575769323517
     173.9360049407230520       53.0932999335659588      811.3170859067555512
     174.2110063514351168       53.8127722686616323      811.3333947910837196
     174.4572349511059883       54.4574069923375177      811.3471121135464728
     174.6775800202189544       55.0346469903808284      811.3586739427494194
     174.8746640680184896       55.5512636331818683      811.3684406314935131
     175.0508634046660461       56.0134029292874303      811.3767100904838117
     175.2083276502355602       56.4266319123393600      811.3837287382673367
     175.3489982561866896       56.7959841701019315      811.3897005364555071
     175.4746260514328071       57.1260037768771554      811.3947944449591887
     175.5867877357396196       57.4207871629489048      811.3991507666989946
     175.6869013754644584       57.6840226119581558      811.4028863637769291
     175.7762411132989087       57.9190271781073633      811.4060982113517184
     175.8559506388356795       58.1287810653053683      811.4088668742182335
     175.9270556169806810       58.3159594381447590      811.4112594456661327
     175.9904751348343552       58.4829617165615971      811.4133319425160380
     176.0470321993013840       58.6319384490435880      811.4151312585194091
     176.0974378002962055       58.7843340537128398      811.4152773133941992
     176.1344875911979386       58.9413016992467647      811.4120944745878887
     176.1573747011199771       59.1010392951748216      811.4055400324945140
     176.1655153721788452       59.2616867260337017      811.3956237154034170
     176.1585473153973851       59.4213539800720980      811.3824048662878567
     176.1363272755400260       59.5781486617493456      811.3659896252112276
     176.0989273072680135       59.7302027953952930      811.3465280185386064
     176.0466294199239030       59.8756987633801359      811.3242108920894680
     175.9799183707527277       60.0128941809546816      811.2992666519676277
     175.8994724847711382       60.1401454870755359      811.2719577962014910
     175.8061524598384722       60.2559300222974628      811.2425772341390484
     175.7009881818823374       60.3588663682232536      811.2114443999552122
     175.5851636303993075       60.4477327355509146      811.1789011725941236
     175.4599999999999795       60.5214832074344713      811.1453076177980392
