     178.7601962631412960       66.3761742906160634      781.8597019423921211
     178.6332452365931829       66.4214561555891692      781.8243677591511869
     178.5011650149011757       66.4505004115035831      781.7890615248358017
     178.3654969594967952       66.4629959663365639      781.7541859889980742
     178.2278238216141801       66.4588411903997098      781.7201388471391965
     178.0897482155515092       66.4381457241109956      781.6873075985022297
     177.9528707405189891       66.4012297071958812      781.6560644213168416
     177.8187679587402954       66.3486204789585230      781.6267610910535950
     177.6889704177838496       66.2810468360877252      781.5997239656134070
     177.5649408753875775       66.1994309728497115      781.5752490587840384
     177.4480528432413280       66.1048782695288537      781.5535972186000890
     177.3395695091449511       65.9986651402349906      781.5349894189249653
     177.2406230198313324       65.8822252030322630      781.5196021584479240
     177.1521940024556443       65.7571340970118854      781.5075629385803495
     177.0750910611155291       65.6250933468450626      781.4989457567564841
     177.0037149655480562       65.4898408178775497      781.4920123428596526
     176.9234817498675909       65.3377278143111937      781.4841652522112554
     176.8333102864332318       65.1666745359166271      781.4752785903513086
     176.7319923504817609       64.9743503369094526      781.4652077384153017
     176.6181790159022285       64.7581449411263605      781.4537862408302544
     176.4903659543082313       64.5151367407097496      781.4408221555327145
     176.3468773948156638       64.2420580509400736      781.4260945096651767
     176.1858491899158423       63.9352570652042900      781.4093486473498160
     176.0052111545357434       63.5906563748923901      781.3902901681685762
     175.8026685176512274       63.2037080775614228      781.3685782401062170
     175.5756828515399661       62.7693454958125656      781.3438177697537412
     175.3214528094108005       62.2819317150977412      781.3155502275684512
     175.0368950909476951       61.7352053804510774      781.2832429083168790
     174.7186261475762592       61.1222245243039168      781.2462763725601462
     174.3629452183396324       60.4353096675519836      781.2039297737323977
     173.9658193340573860       59.6659880906288009      781.1553637247601500
     173.5228709150175064       58.8049420689226991      781.0996002956176198
     173.0293684793782916       57.8419650786102224      781.0354996558100993
     172.4802207282579047       56.7659315884582441      780.9617327808297205
     171.8699738195676332       55.5647881535493298      780.8767495277052149
     171.1928109152356683       54.2255762138667166      780.7787412537976479
     170.4425520085195274       52.7345003586817995      780.6655970146060781
     169.6126505381396328       51.0770598969886862      780.5348522556674880
     168.6961813301649613       49.2382663554421924      780.3836288641725787
     167.6858119932868192       47.2029748584060798      780.2085655689168107
     166.5737455828591465       44.9563557688912852      780.0057380804285003
     165.3516211264417279       42.4844966156818060      779.7705719637958737
     164.0103857492900374       39.7751574516045636      779.4977596425812862
     162.5401364582601218       36.8187023176194046      779.1811919753878328
     160.9299289996382640       33.6091840410717708      778.8139209743850415
     159.1675674673206800       30.1455353529947701      778.3881801648782357
     157.2394013518522229       26.4327760517261332      777.8954985509086555
     155.1301707243567023       22.4830893795999529      777.3269525918565250
     152.8229517976569412       18.3165551373655120      776.6736046793660080
     150.2992586158424331       13.9612627606786237      775.9271715726612229
     147.5393465634552683        9.4524850322101024      775.0809471653537912
     144.5227397595313619        4.8306040965544916      774.1309688436115266
     141.2290280938795775        0.1376604070190707      773.0773891787716821
     137.6408267065913549       -4.5860972218632394      771.9269951394455802
     133.7480275379688521       -9.3041944358465258      770.6963742550040024
     129.5478621641784684      -13.9852737577128856      769.4124517695269105
     125.0461902470522375      -18.6034255845512604      768.1133761615546973
     120.2586977244683908      -23.1374393563950207      766.8487379764657135
     115.2113384778637908      -27.5691442758078793      765.6785867216049155
     109.9396379730397655      -31.8811108314433582      764.6710411889648640
     104.4866911872988311      -36.0540589081347207      763.8986429032297565
      98.4756497840777598      -40.3588933431316406      763.4134650150269863
      92.3672446134996363      -44.4426826362070386      763.3647481257216896
      86.2130425997093397      -48.2671170525551290      763.7225864415937622
      80.0599630627225878      -51.7929029798912524      764.3393283064192474
      73.9502238839329777      -54.9881342843082095      765.0559808105521142
      67.9215227768754204      -57.8307619996947722      765.7170251886287815
      62.0084257461232795      -60.3108945364997524      766.1784160062888986
      56.2436322330368768      -62.4318846572521835      766.3141811933212466
      50.6591865737554841      -64.2111799135084738      766.0330586781856255
      45.2864314968771353      -65.6865714193583159      765.3832674017967292
      40.1563143788218611      -66.9070146363875864      764.4828072348593651
      35.2980957231086805      -67.9213694101530621      763.4369655558981549
      30.7361616133596804      -68.7740771072107435      762.3338491308362563
      26.4873246991071198      -69.5024828219860922      761.2422071856124148
      22.5595024768060135      -70.1360029672265597      760.2111443399222708
      18.9519614827005896      -70.6967972391774993      759.2717816778647375
      15.6569647557014129      -71.2011679278018619      758.4403585925419975
      12.6618299459801840      -71.6609010458327589      757.7217595053148216
       9.9508290101679400      -72.0838228952465130      757.1069126848240103
       7.5064166722162433      -72.4747804395485815      756.5765815530984355
       5.3097090541348768      -72.8374489729106216      756.1151168428527853
       3.3412852111482771      -73.1747415207853322      755.7105649938612260
       1.5818189435044816      -73.4890184897706575      755.3537517731829212
       0.0125305944335885      -73.7822367659653082      755.0375633148780707
      -1.3845041080213822      -74.0560554717365846      754.7563996706561511
      -2.6261565468169188      -74.3119108089378528      754.5057697774154803
      -3.7281326663869385      -74.5510689491213441      754.2819972176425836
      -4.7049238186464670      -74.7746634118585405      754.0820098209165963
      -5.5698037228286390      -74.9837215419123311      753.9031909581424316
      -6.3348579316378917      -75.1791833688605777      753.7432751759594112
      -7.0110352704755972      -75.3619151738817692      753.6002750602916649
      -7.6082132331866461      -75.5327193988981946      753.4724297093021050
      -8.1352713401045538      -75.6923420402980867      753.3581679319922841
      -8.6001680631679793      -75.8414783192955895      753.2560813551633601
      -9.0100181688655141      -75.9807771740211990      753.1649041365625408
      -9.3711682875268671      -76.1108449455792595      753.0834970652076663
      -9.6892692439078960      -76.2322485102882723      753.0108345867846538
      -9.9693442274422548      -76.3455180276912273      752.9459938097260192
     -10.2158522809670398      -76.4511494175234674      752.8881448941352801
     -10.4327468767067941      -76.5496066406648055      752.8365424526248262
     -10.6235295538322365      -76.6413238334781397      752.7905177370240608
     -10.7912987335574435      -76.7267073278201650      752.7494714748683009
     -10.9387939215780463      -76.8061375775663038      752.7128672734824022
     -11.0684355661235259      -76.8799710047440499      752.6802255403642903
     -11.1823608725630130      -76.9485417729523959      752.6511178851852719
     -11.2824558896431153      -77.0121634917347677      752.6251619768441969
     -11.3818235650523718      -77.0790409917399586      752.5989792041299324
     -11.4796335321852290      -77.1492329420328957      752.5727249100769995
     -11.5746092014875934      -77.2225009165851475      752.5466729973375095
     -11.6655077155093210      -77.2985974158240197      752.5210932172653884
     -11.7511357161064556      -77.3772668546995277      752.4962478500032148
     -11.8303644821004035      -77.4582465631937396      752.4723884325644576
     -11.9021442473521475      -77.5412677941126560      752.4497525832964584
     -11.9655175203685804      -77.6260567331534190      752.4285609730216038
     -12.0196312399147960      -77.7123355064114492      752.4090144938436424
     -12.0637476164314368      -77.7998231806899412      752.3912916759106793
     -12.0972535260898297      -77.8882367522110144      752.3755464001397968
     -12.1196683428012228      -77.9772921196048685      752.3619059509612725
     -12.1306501131589339      -78.0667050373751152      752.3504694475880115
     -12.1299999998765600      -78.1561920464013440      752.3413066852320981
     -12.1176964161890091      -78.2450380605822460      752.3344962738217419
     -12.0938640059549769      -78.3325359269294523      752.3300862255773609
     -12.0587408015884350      -78.4184258684352358      752.3280546802737945
     -12.0127069163734230      -78.5024627836135949      752.3283492885336727
     -11.9562799908484685      -78.5844167152542639      752.3308882748972337
     -11.8901089234997155      -78.6640731642644937      752.3355619163644405
     -11.8149659612504436      -78.7412332516051237      752.3422344038606298
     -11.7317372450454158      -78.8157137327006012      752.3507460474334039
     -11.6414119246803125      -78.8873468700580673      752.3609157808472219
     -11.5450699747162293      -78.9559801711715323      752.3725439177502494
     -11.4438688596440219      -79.0214760001106384      752.3854151096719534
     -11.3390292112111588      -79.0837110725065315      752.3993014557070182
     -11.2318196937791122      -79.1425758449381362      752.4139657146386071
     -11.1235412445428103      -79.1979738109849620      752.4291645722206567
     -11.0150091464807982      -79.2500543405030413      752.4447245192445735
     -10.8920330701140315      -79.3055106633244122      752.4626856170413021
     -10.7526942667475147      -79.3644418742236581      752.4833927437549619
     -10.5948210937175276      -79.4269383174347752      752.5072358648503723
     -10.4159566777684915      -79.4930792537448525      752.5346553161847396
     -10.2133227802635602      -79.5629300225251939      752.5661476216356505
      -9.9837795203887367      -79.6365386120735934      752.6022718954802713
      -9.7237806156548974      -79.7139315375967783      752.6436568946514853
      -9.4293238170412792      -79.7951089084321836      752.6910088116549105
      -9.0958962551831064      -79.8800385437742619      752.7451199417801035
      -8.7184144821870468      -79.9686489680065762      752.8068784279205374
      -8.2911591015638582      -80.0608210811088270      752.8772793970374551
      -7.8077040401957447      -80.1563782542827710      752.9574379746911745
      -7.2608407489753555      -80.2550745429031451      753.0486049274293237
      -6.6424979454513613      -80.3565806340189965      753.1521860783232114
      -5.9436579610806657      -80.4604670482683844      753.2697672249987590
      -5.1542713630246064      -80.5661839884631377      753.4031471379852292
      -4.2631723290791221      -80.6730370585286352      753.5543824290533621
      -3.2579983155889316      -80.7801578519753605      753.7258497792524850
      -2.1251189307306340      -80.8864681074738598      753.9203333541105394
      -0.8495806728402849      -80.9906357200003697      754.1411483754641267
       0.5849236217950105      -81.0910203348302758      754.3923159278391495
       2.1960491036209806      -81.1856054715254061      754.6788092672402399
       4.0027423037722487      -81.2719130233794687      755.0068981615456778
       6.0251152312946799      -81.3468943935741606      755.3846248606257632
       8.2842277980169676      -81.4067902050641692      755.8224524553166930
      10.8017521229104929      -81.4469470382741036      756.3341321895327383
      13.5994886414005514      -81.4615743178462708      756.9378381942486840
      16.6988799992056265      -81.4429702131107263      757.6534637926536107
      20.1208833260009925      -81.3792036432822528      758.4869659817560432
      23.8848375152914869      -81.2535500844537637      759.4327876494952534
      28.0072351252039020      -81.0432843604722706      760.4727263999552633
      32.5003292681268476      -80.7177459856377197      761.5712012976227925
      37.3698639888570625      -80.2362832752407087      762.6700551513279152
      42.6121068551828444      -79.5471548891887323      763.6836972674527715
      48.2112559880294071      -78.5885786902555168      764.4961124618042732
      54.1381760568665698      -77.2928074566626293      764.9613984917197058
      60.3502795010444686      -75.5971427227536310      764.9490864990394812
      66.7905323839256369      -73.4684113508245247      764.5201101676902908
      73.3946030925933854      -70.8981185154636648      763.8309547276435296
      80.0981216934488032      -67.8974051164747863      763.0716244816180733
      86.8396918171757903      -64.4937888670696537      762.4490837782235531
      93.5626562696994597      -60.7262403076928052      762.1709246850537056
     100.2157437335960992      -56.6377449681035188      762.4132350960895792
     106.7512012816389841      -52.2581792195593664      763.1682279197319758
     113.1221923962660014      -47.6083748801228168      764.3310058949730319
     118.8589741811544798      -43.0568915871208446      765.6846384432800505
     124.3728021426227315      -38.2993700256912248      767.2137415879753917
     129.6209752940339968      -33.3505209187148139      768.8369517106640387
     134.5623372854395825      -28.2313208791392292      770.4794464013502875
     139.1617184530047666      -22.9717013488387565      772.0766091194407181
     143.3937877781756072      -17.6115758876456212      773.5771508074047915
     147.2479090403676310      -12.1999740272637602      774.9462709497078095
     150.7286124968526622       -6.7924322737113316      776.1654588817873446
     153.8501829783459698       -1.4473618664944974      777.2281616507036688
     156.6349953705612563        3.7778473826200538      778.1374552147678969
     159.1114567295024074        8.8312364601362887      778.9034793902526417
     161.3108504076251108       13.6696297098941990      779.5405929949616848
     163.2644323494354808       18.2598629782458062      780.0649361162772948
     165.0016050213798451       22.5788181090942608      780.4927468219461844
     166.5489534310425483       26.6127097336783791      780.8393182228350042
     167.9298841904012534       30.3559312647907618      781.1184331020920126
     169.1646516924237176       33.8096915107703992      781.3421287896528611
     170.2706070543024737       36.9806097460262322      781.5206751872262885
     171.2625533056640279       39.8793833567497629      781.6626794655612684
     172.1531298492428448       42.5195976637288382      781.7752569123381363
     172.9531796210453081       44.9167124297201923      781.8642277009297459
     173.6720741595364075       47.0872332272907101      781.9343144184795165
     174.3179849307890095       49.0480452849727726      781.9893263153833232
     174.8981099952560214       50.8158969370830391      782.0323256160373830
     175.4188592422194404       52.4070459593623283      782.0657705401122257
     175.8859907427529663       53.8370243685707734      782.0916325076872226
     176.3047094098661205       55.1204903460836135      782.1114911233405564
     176.6797390660549922       56.2711454964701261      782.1266109680130967
     177.0153734037239417       57.3017006197450485      782.1380116011030168
     177.3155181546976564       58.2238751149616434      782.1465157365933010
     177.5837304264732666       59.0484190886054705      782.1527729986116810
     177.8232462062106265       59.7851527429238274      782.1572947735101025
     178.0370044294275544       60.4430158770640631      782.1604831226487704
     178.2276692505867288       61.0301230801102363      782.1626535869731924
     178.3976510522290368       61.5538215342144355      782.1640532172631310
     178.5491264506056552       62.0207492554827979      782.1648748604827688
     178.6840573879579210       62.4368922768166996      782.1652684994819538
     178.8042093107446817       62.8076397734558327      782.1653502647427558
     178.9111683931915309       63.1378364920302033      782.1652096004195300
     179.0063577571906421       63.4318321024653500      782.1649149625840209
     179.0910526490044674       63.6935272763107818      782.1645183475196745
     179.1663945509947382       63.9264164254915883      782.1640588861082506
     179.2334042266726897       64.1336271271339911      782.1635656922471753
     179.2929937162151077       64.3179563237228109      782.1630601154895430
     179.3459773154204129       64.4819034310166046      782.1625575182092689
     179.3930815832375743       64.6277005142709555      782.1620686737937831
     179.4339173944084678       64.7754497203765709      782.1598473896372070
     179.4619121261302439       64.9266466972432568      782.1541632657376795
     179.4764122152074606       65.0795179545489049      782.1450062807207360
     179.4769746321796617       65.2322512064817488      782.1324204693269166
     179.4633641265383233       65.3830218810667105      782.1165008048831169
     179.4355497459803246       65.5300189888597799      782.0973900406665962
     179.3937001622794583       65.6714702328099236      782.0752754072109383
     179.3381774914621474       65.8056661888061285      782.0503851041563621
     179.2695294155789725       65.9309833548733764      782.0229845558827719
     179.1884795074014960       66.0459058516350410      781.9933724225272726
     179.0959157347369342       66.1490455540418054      781.9618763740567147
     178.9928771823393561       66.2391604417593101      781.9288486461389311
     178.8805390795917845       66.3151709708422601      781.8946614037295149
     178.7601962631412960       66.3761742906160634      781.8597019423921211
