     176.9900000000000091       70.2906494778297173      769.5263981800654847
     176.8658776646186936       70.3287941488821104      769.4890681704046074
     176.7373935548730515       70.3508540753525438      769.4519282165449567
     176.6060501354325538       70.3565974259470437      769.4154045804033331
     176.4733820197753573       70.3459987620689589      769.3799166629269166
     176.3409351887784169       70.3192397670739666      769.3458714253424660
     176.2102459812463167       70.2767074351993415      769.3136578252367599
     176.0828200490233826       70.2189897795552582      769.2836413156526305
     175.9601114487881262       70.1468691539567715      769.2561584539153046
     175.8435020131555007       70.0613133196267199      769.2315116621284687
     175.7342811031068663       69.9634644258640179      769.2099641722369370
     175.6336257887150225       69.8546261150955985      769.1917351739782589
     175.5425814305025938       69.7362490094450607      769.1769951622444523
     175.4620425320341610       69.6099148910401766      769.1658614489438150
     175.3927335946390826       69.4773199558743784      769.1583937600755689
     175.3290979887278809       69.3418635340555340      769.1527320018788032
     175.2574710574280914       69.1893228005064600      769.1463124520171277
     175.1768648346302655       69.0175647151919094      769.1390289943640255
     175.0861734648811137       68.8241956307199416      769.1307595572089895
     174.9841603085478141       68.6065309462912580      769.1213634878841958
     174.8694439667637539       68.3615616219411777      769.1106784591934229
     174.7404832338864082       68.0859173378443643      769.0985168216097918
     174.5955610209605311       67.7758261050544064      769.0846613002154299
     174.4327673403913650       67.4270701733203595      769.0688599180340361
     174.2499815009093709       67.0349381463429097      769.0508200072972613
     174.0448537332997034       66.5941733160235003      769.0302011465573742
     173.8147865499907994       66.0989183803124973      769.0066068333449039
     173.5569162314517655       65.5426569353098927      768.9795746675231385
     173.2680949215351802       64.9181524597729833      768.9485647772266930
     172.9448738890181971       64.2173859766635786      768.9129461638137855
     172.5834885532204339       63.4314942302835902      768.8719805701925907
     172.1798458484520893       62.5507111200989669      768.8248033826362189
     171.7295143752473905       61.5643163589550895      768.7704009533481440
     171.2277175033577521       60.4605969640278715      768.7075835727498543
     170.6693290857499505       59.2268293460691524      768.6349531205801213
     170.0488706341143939       57.8492925452577396      768.5508641805524803
     169.3605076049827574       56.3133266728404820      768.4533771197139913
     168.5980407641375791       54.6034549306299226      768.3402013330534146
     167.7548863734233464       52.7035927049205100      768.2086265903977846
     166.8240361799939819       50.5973730600913925      768.0554403047436836
     165.7979843424982107       48.2686209021140584      767.8768287565335413
     164.6686049194778434       45.7019752249362767      767.6682633253767563
     163.4269888856076705       42.8836692644071604      767.4243824627866388
     162.0632438128637887       39.8025054782868253      767.1388803773052132
     160.5662512664872281       36.4510075341057060      766.8044185024186845
     158.9233964783614397       32.8267055926085973      766.4125877767601196
     157.1203011993498819       28.9334666530735163      765.9539614210480067
     155.1406087034822008       24.7827208459753336      765.4182891038750540
     152.9658864779836165       20.3943615995399625      764.7948906809338041
     150.5757205853622054       15.7970225159629685      764.0733056358952808
     147.9480684272724034       11.0273775969268009      763.2442366807324561
     145.0599106706451948        6.1281090752533540      762.3007887620616430
     141.8882328100790176        1.1443353725085639      761.2399594356957095
     138.4125247824044322       -3.8802585408844465      760.0650668384539586
     134.6196004467386729       -8.9057199680278778      758.7898246553245372
     130.5042305895866548      -13.8973976072696264      757.4392078436592328
     126.0703316690953102      -18.8264279407511843      756.0504289494552950
     121.3322282840208857      -23.6690278703648538      754.6734267845555451
     116.3150946231519498      -28.4047810171373207      753.3700666656319527
     111.0541666304055468      -33.0142220873408974      752.2117947428607749
     105.5925449364263216      -37.4760999650851474      751.2758809962623445
      99.4960550737261258      -42.1197526196328766      750.6032906930482795
      93.2779007697182863      -46.5233393110708846      750.3790581757600648
      86.9919881928413758      -50.6467904303360115      750.6022620613663321
      80.6897202690390714      -54.4479244626673591      751.1230650508808822
      74.4180441466912725      -57.8917771966222787      751.7701424952643947
      68.2197914084928811      -60.9541161124969122      752.3732394437681705
      62.1351743932327167      -63.6239882841440334      752.7724635767424388
      56.2030388543377839      -65.9049705055189463      752.8264073296570587
      50.4619564404794687      -67.8162017622334048      752.4327963045609522
      44.9476394008765965      -69.4000548728011921      751.6479620126591499
      39.6936926659717528      -70.7110716411935982      750.6043768665130074
      34.7311387790675568      -71.8029027955735870      749.4196056164292941
      30.0848149853277214      -72.7235561247522639      748.1908160869091944
      25.7706469198302273      -73.5127144437126248      746.9922077836124572
      21.7946870255003233      -74.2011977988719309      745.8750495828002158
      18.1539001261912958      -74.8120181270709566      744.8701365577212528
      14.8383132356733114      -75.3620016830727337      743.9918219515562896
      11.8332257005088906      -75.8631806500333141      743.2416114799691513
       9.1214532535230255      -76.3230774175554245      742.6030224445134991
       6.6840313042297739      -76.7465796513554039      742.0538220081415375
       4.5006430898378120      -77.1375810350454287      741.5770027645585287
       2.5505235015620031      -77.4992748603806376      741.1597254863528406
       0.8131314149240332      -77.8343380797267628      740.7922374142756325
      -0.7313788294262924      -78.1450601217065071      740.4670397830750517
      -2.1018436753316805      -78.4334334512468274      740.1782664297398924
      -3.3158977604933026      -78.7012176399742600      739.9212311633256149
      -4.3898722894756270      -78.9499850983532809      739.6921045029996549
      -5.3387600189573812      -79.1811541133165520      739.4876863745855644
      -6.1762276248938281      -79.3960130942407005      739.3052480814712908
      -6.9146605537166632      -79.5957387214872085      739.1424231419432544
      -7.5652290246847942      -79.7814098533011986      738.9971319047681391
      -8.1379667184966582      -79.9540184662515543      738.8675290968546960
      -8.6418559512996431      -80.1144785033898046      738.7519666950385044
      -9.0849148913726658      -80.2636332282996676      738.6489669036951682
      -9.4742837209329558      -80.4022614940245859      738.5572017345970153
      -9.8163076603358039      -80.5310832067853113      738.4754768859585283
     -10.1166155267898041      -80.6507641767594805      738.4027184392145955
     -10.3801930528098438      -80.7619204889635114      738.3379614419668542
     -10.6114505880287524      -80.8651224873834735      738.2803398052149078
     -10.8142850890875746      -80.9608984386658790      738.2290771724218530
     -10.9921364954120939      -81.0497379235443418      738.1834785601365638
     -11.1480387164611017      -81.1320949917656833      738.1429226549419127
     -11.2846655359052619      -81.2083911075311562      738.1068547000467106
     -11.4043717834031000      -81.2790179060011724      738.0747799308079493
     -11.5092301451611796      -81.3443397762984119      738.0462575309663862
     -11.6010639877678194      -81.4046962820909101      738.0208950862669326
     -11.6922942495209536      -81.4681284623416673      737.9952823092422705
     -11.7820236566960386      -81.5345967532201144      737.9696065106213609
     -11.8690703307980687      -81.6038598352076008      737.9441367023284783
     -11.9522839140931136      -81.6756685934163329      737.9191377844456383
     -12.0305601909068098      -81.7497672870858736      737.8948672756035876
     -12.1028551222254048      -81.8258947184793186      737.8715720916529790
     -12.1681981177725422      -81.9037853935208204      737.8494854205645197
     -12.2257043801457677      -81.9831706669485669      737.8288237432193455
     -12.2745861680143484      -82.0637798652229975      737.8097840502939562
     -12.3141628395813800      -82.1453413809295085      737.7925413045911682
     -12.3438695532676945      -82.2275837329433443      737.7772461957908945
     -12.3632645196410191      -82.3102365871796735      737.7640232306252983
     -12.3720347167504396      -82.3930317333309290      737.7529691959534830
     -12.3700000000000010      -82.4757040135891515      737.7441520252550617
     -12.3571504074923872      -82.5576068688214377      737.7376460124289679
     -12.3336116521208954      -82.6381032754627398      737.7334953565990645
     -12.2996089241211415      -82.7169565496922417      737.7316778857968984
     -12.2554991519061502      -82.7939455500128645      737.7321415080502902
     -12.2017667722294920      -82.8688650484377121      737.7348052604121449
     -12.1390179099054087      -82.9415259346318834      737.7395607654551668
     -12.0679730366557543      -83.0117552566748174      737.7462740634282454
     -11.9894581970353524      -83.0793961036587234      737.7547877817398785
     -11.9043949068965400      -83.1443073368721457      737.7649235983878953
     -11.8137888463118852      -83.2063631778393358      737.7764849524567126
     -11.7187174840853423      -83.2654526629877836      737.7892599528422579
     -11.6203167847367634      -83.3214789761904342      737.8030244358591290
     -11.5197671609543768      -83.3743586718634191      737.8175451231727493
     -11.4182788447648313      -83.4240208026734678      737.8325828333213394
     -11.3167448648142930      -83.4705534935128242      737.8479464015457552
     -11.2014536829210627      -83.5201278644776579      737.8657165559684472
     -11.0705422587733260      -83.5728158992150725      737.8862462995321039
     -10.9218963401389875      -83.6286771990251907      737.9099358452563138
     -10.7531174157530280      -83.6877562228788179      737.9372382592712256
     -10.5614856309161880      -83.7500789618002841      737.9686656784481329
     -10.3439182687486593      -83.8156489522014994      738.0047961512498205
     -10.0969233937697496      -83.8844425193319267      738.0462811628781310
      -9.8165482621733045      -83.9564031253649432      738.0938539285012894
      -9.4983221312262671      -84.0314346760811901      738.1483385779479249
      -9.1371931572046687      -84.1093936147715908      738.2106604219956125
      -8.7274591686568357      -84.1900796007252552      738.2818575995389665
      -8.2626922546960149      -84.2732245309776147      738.3630945790953319
      -7.7356573363833121      -84.3584796157959715      738.4556782600529914
      -7.1382252189634148      -84.4454001578193214      738.5610778354686090
      -6.4612810870983308      -84.5334276078628619      738.6809502044148985
      -5.6946300466424393      -84.6218683715023019      738.8171736473094597
      -4.8269021877743992      -84.7098687115655338      738.9718938217160940
      -3.8454608099574572      -84.7963849207130949      739.1475880531017992
      -2.7363189855805023      -84.8801477076414983      739.3471565759408577
      -1.4840716325728405      -84.9596194230110058      739.5740530473731269
      -0.0718528077523661      -85.0329423047222974      739.8324715411848729
       1.5186688935199177      -85.0978752794399753      740.1276135314863041
       3.3072400824887294      -85.1517159097091962      740.4660661662484245
       5.3148961691869694      -85.1912026461441485      740.8563322050861188
       7.5637323868579642      -85.2123903397092732      741.3095616212049208
      10.0765404547880344      -85.2104885068297193      741.8405434176680728
      12.8762740397940192      -85.1796463190790121      742.4690206612187922
      15.9854325791442786      -85.1124253066527103      743.2193431231926297
      19.4262746330375968      -84.9972150591065940      744.1035297004657423
      23.2198571547815575      -84.8170963952549641      745.1186182859124756
      27.3845188529089327      -84.5489073794347235      746.2481012931700661
      31.9344652905405688      -84.1611678445519686      747.4565258842984576
      36.8776117293756656      -83.6116933225384429      748.6834600611600763
      42.2124398601062865      -82.8459716516964164      749.8376547777820633
      47.9250505139697580      -81.7977433397517331      750.7931866201952289
      53.9874800217036537      -80.3929775669017630      751.3896468457779747
      60.3566513181629745      -78.5617923350486365      751.4793775591812164
      66.9700996775447663      -76.2669866395605709      751.1254160136883229
      73.7550669414177236      -73.4989035773141239      750.5008713138062149
      80.6380762297053479      -70.2695194735088933      749.8155970561122103
      87.5490472929706982      -66.6087421330282154      749.2965156723137170
      94.4236119463829482      -62.5588719398200510      749.1685288760708090
     101.2045284989067397      -58.1653427928320639      749.6063917211577063
     107.8421361500619184      -53.4585690419401232      750.5706240378497114
     114.2889810870725569      -48.4615939805379625      751.9428626512922165
     120.0218702329770650      -43.6155487984587751      753.4671940158597181
     125.5118107708625672      -38.5539992198316170      755.1476057892004974
     130.7158352386835816      -33.2937532462625470      756.8985261821602535
     135.5927694653980211      -27.8585510943167591      758.6424190103194860
     140.1080559068423668      -22.2818137508885030      760.3136795901461937
     144.2379988564399582      -16.6075460935776036      761.8619071476680347
     147.9751463906256959      -10.8891800754471308      763.2556140206769442
     151.3266104726512822       -5.1865358178568517      764.4799610430879966
     154.3097279070729542        0.4381435404070465      765.5321788465879536
     156.9504002716352318        5.9243927528714613      766.4191163008517833
     159.2805805502688372       11.2182172338970858      767.1544006296074940
     161.3346712409132238       16.2753740566234200      767.7553781822815608
     163.1464640299472819       21.0624575469609390      768.2406190703616176
     164.7472840675070529       25.5567794032259599      768.6282552633224441
     166.1650644063800542       29.7454957379451059      768.9349951543670159
     167.4240608035694038       33.6243013858859641      769.1756298587063156
     168.5449689624546181       37.1959317197124690      769.3628718658112575
     169.5452652040448811       40.4686450570801810      769.5074025589506164
     170.4396451901148168       43.4548017585226631      769.6180388548333440
     171.2404792629497763       46.1696088847652959      769.7019569842411784
     171.9582364650557054       48.6300623157531646      769.7649328698050795
     172.6018528518545168       50.8540897210956118      769.8115743916469000
     173.1790357131785640       52.8598640439130207      769.8455332133108868
     173.6965168343721757       54.6652872579049287      769.8696922855907587
     174.1602509407759669       56.2876433457156793      769.8863225989380226
     174.5755588861635488       57.7433706556385999      769.8972094190736470
     174.9472301612210003       59.0479231745442377      769.9037531042461069
     175.2795969105613665       60.2156978722268406      769.9070492798186933
     175.5765884838327793       61.2600100182081349      769.9079524436109523
     175.8417730051806984       62.1931024276746314      769.9071263780806476
     176.0783904747501651       63.0261779340281052      769.9050841102997538
     176.2893804375642048       63.7694470643455418      769.9022196123776212
     176.4774061812418893       64.4321849980557886      769.8988329784800726
     176.6448766695727954       65.0227935137829292      769.8951504440713052
     176.7939669082331307       65.5488648648284453      769.8913403178496537
     176.9266371082861440       66.0172454497275822      769.8875256649733956
     177.0446508051942942       66.4340978298914422      769.8837944163045677
     177.1495918751793965       66.8049601693555530      769.8802077174542546
     177.2428807758154790       67.1348024283656457      769.8768060345436197
     177.3257898281014491       67.4280790125147291      769.8736137807942441
     177.3994572727003174       67.6887777836589635      769.8706433988973004
     177.4649002990073825       67.9204653602255490      769.8678985564201867
     177.5230270594803699       68.1263287703075662      769.8653766184606866
     177.5746476899252002       68.3092135837744650      769.8630705489613320
     177.6204843710796695       68.4716586898751132      769.8609703615622948
     177.6611804778303849       68.6159279120430057      769.8590642165079316
     177.6957279921740280       68.7618267038254913      769.8553261789419366
     177.7176994494337237       68.9105024535312367      769.8479307939873024
     177.7265319859291992       69.0601924280604749      769.8368876336830908
     177.7218673055066063       69.2091060685022654      769.8222625256938727
     177.7035481501777952       69.3554506913421562      769.8041740522826331
     177.6716140677242777       69.4974565362023213      769.7827900353751147
     177.6262960282298309       69.6334010237164591      769.7583239004096640
     177.5680095960217670       69.7616320426613044      769.7310308547171189
     177.4973464816443425       69.8805900599086129      769.7012038472042832
     177.4150643906226605       69.9888288359351805      769.6691692983208668
     177.3220751590025088       70.0850345293624741      769.6352826049087525
     177.2194312246586207       70.1680429838343116      769.5999234352103713
     177.1083105312133910       70.2368550074967004      769.5634908362590068
     176.9900000000000091       70.2906494778297173      769.5263981800654847
