     179.2537889266229740       77.3679779166668737      747.3476842375936258
     179.1320245025005704       77.3964717381952738      747.3094661283585083
     179.0068804485235887       77.4088947441469912      747.2718633024749124
     178.8798258066974256       77.4051251743114506      747.2353103111829569
     178.7523500975027275       77.3852457554064017      747.2002286745397441
     178.6259431884300852       77.3495429404001982      747.1670213375692811
     178.5020750751789649       77.2985036397297307      747.1360672567805068
     178.3821757656971272       77.2328095140960045      747.1077161517334844
     178.2676154356806251       77.1533289320861968      747.0822834528077010
     178.1596849932984412       77.0611067298258092      747.0600454710765916
     178.0595771486809440       76.9573519449083392      747.0412348080085394
     177.9683680268226169       76.8434237341070343      747.0260360099980517
     177.8869992859079616       76.7208157255330434      747.0145814531399537
     177.8162605989517715       76.5911391034075848      747.0069474141662340
     177.7567722135693771       76.4561047809766876      747.0031502397878285
     177.7026870764191528       76.3179749077750245      747.0012307255221913
     177.6416771925728426       76.1620846801118745      746.9990246029658465
     177.5728689953695039       75.9861717939231625      746.9964845552568704
     177.4952823261695585       75.7876915026042894      746.9935545376249593
     177.4078184821183299       75.5637828778460943      746.9901679254018063
     177.3092471984928693       75.3112314551392785      746.9862453062798977
     177.1981925820243760       75.0264279861637533      746.9816917928253588
     177.0731180298926972       74.7053230399395716      746.9763937468092081
     176.9323102124489822       74.3433772285147256      746.9702147880962002
     176.7738622550425589       73.9355068917430316      746.9629909341811071
     176.5956563247645761       73.4760251708239025      746.9545246837911918
     176.3953459103946670       72.9585785475320705      746.9445778172070050
     176.1703381743840282       72.3760791474667684      746.9328626341058452
     175.9177768458563378       71.7206334314143277      746.9190312824496232
     175.6345261985843820       70.9834683695688682      746.9026627432384657
     175.3171566943160542       70.1548568621675770      746.8832469178221345
     174.9619328355657331       69.2240451055395454      746.8601651068048568
     174.5648036155844238       68.1791858906328798      746.8326659602162181
     174.1213956134817522       67.0072835668524789      746.7998357037963615
     173.6270081781671593       65.6941587312088728      746.7605610918610637
     173.0766091761068992       64.2244437492648501      746.7134830915183556
     172.4648283299059699       62.5816241211131015      746.6569387619323379
     171.7859431289759016       60.7481455949853881      746.5888881694509109
     171.0338495528442593       58.7056128704456555      746.5068225223112677
     170.2020063803410892       56.4351126782352779      746.4076491244798035
     169.2833376612257439       53.9177011499656942      746.2875484464985902
     168.2700729709142706       51.1350778320353783      746.1418004524635990
     167.1535236658801011       48.0704388263233184      745.9645880373659566
     165.9238063423760536       44.7095589144489054      745.7487891992827826
     164.5695059834206972       41.0421029530682517      745.4857716512777870
     163.0772933535223217       37.0631273281710421      745.1652180535388652
     161.4315349466305349       32.7746857980606947      744.7750250501611617
     159.6139597030604591       28.1873835601492431      744.3013346669055181
     157.6034729847108622       23.3216345001696546      743.7287691828264542
     155.3762263343826930       18.2082782652125061      743.0409442080492681
     152.9060495525435215       12.8881281940294574      742.2213214571992239
     150.1653203306341027        7.4099894281851171      741.2544259245720468
     147.1263023880766809        1.8267938266890233      740.1273970081101652
     143.7631570243410692       -3.8091633639883220      738.8318684852126808
     140.0543733084786595       -9.4492574471752384      737.3663065344459255
     135.9877743906843932      -15.0506440633473737      735.7453338712273307
     131.5637888047865260      -20.5773788640198205      734.0056614901172907
     126.7949069529613553      -25.9999847012130978      732.2038095071105772
     121.7061177018892693      -31.2937775146833808      730.4163132372178779
     116.3339774950794947      -36.4363225865461331      728.7377168109412651
     110.7239853709717465      -41.4044400168034912      727.2760671433995867
     104.3358987032080449      -46.6378442203531591      726.0560973035148891
      97.7851583634482182      -51.5894378324003497      725.3922399201888993
      91.1299812296758205      -56.2246077868120793      725.4153843831711583
      84.4263553778419578      -60.5040162005497635      726.0353901728155961
      77.7272857192955797      -64.3849253831611321      726.9963396958869453
      71.0827934713645533      -67.8345420550338076      728.0314152003836625
      64.5418260388929070      -70.8340692357585340      728.8818704249501934
      58.1537007808565249      -73.3812387884520945      729.3120491234815290
      51.9698629623776327      -75.4912689718143639      729.1284905490000483
      46.0393930382646204      -77.2088295801029005      728.3331671594220325
      40.4045349326751619      -78.6046029923258800      727.1256200369937233
      35.1021223485534790      -79.7478949453974479      725.6924378036529788
      30.1595595156481231      -80.6991776398546108      724.1855399914122700
      25.5922546602180532      -81.5070729316814635      722.7180062706985382
      21.4035209989984381      -82.2083258576719658      721.3651596464738986
      17.5865801389336340      -82.8296460145413249      720.1698592405130057
      14.1274840689152974      -83.3899231293441687      719.1498748282605220
      11.0077273936108622      -83.9018189709785247      718.3020166455663684
       8.2069596792800539      -84.3718191109303604      717.5951464724038260
       5.7028628875677061      -84.8040825418703861      716.9973197268468539
       3.4717932772130755      -85.2021193029155057      716.4851351102196304
       1.4898531832731809      -85.5689693469817456      716.0414965254535673
      -0.2663487232262496      -85.9073132072630727      715.6538518788495367
      -1.8191844276151126      -86.2195438320962495      715.3128752804755095
      -3.1896833402437781      -86.5078150692625343      715.0115091157357483
      -4.3973509886029003      -86.7740760226926682      714.7442840670853457
      -5.4600910286372280      -87.0200967267598600      714.5068458993544027
      -6.3942002444363819      -87.2474883355783675      714.2956314712313315
      -7.2144132472889897      -87.4577197039558598      714.1076497311059939
      -7.9339793628929947      -87.6521314687307438      713.9403349356437047
      -8.5647588040276652      -87.8319482964145664      713.7914485565104314
      -9.1173288192862572      -87.9982897090625613      713.6590134014663818
      -9.6010932573605885      -88.1521797547383557      713.5412686834932856
     -10.0243910544693939      -88.2945557050420291      713.4366384997197201
     -10.3946006845145185      -88.4262759130519385      713.3437087839325841
     -10.7182387291783954      -88.5481269353834648      713.2612095712636346
     -11.0010515273926259      -88.6608300032892487      713.1880005979070347
     -11.2480994288549336      -88.7650469149870105      713.1230590315625477
     -11.4638335655924646      -88.8613854120296480      713.0654686207963096
     -11.6521653157370721      -88.9504040950227761      713.0144098569961670
     -11.8165288001340603      -89.0326169275004702      712.9691509259845361
     -11.9599368517203004      -89.1084973707982329      712.9290393319092800
     -12.0850309495249579      -89.1784821870214728      712.8934941332919379
     -12.1941256282192789      -89.2429749415278906      712.8619987594130407
     -12.2892478710032567      -89.3023492306500941      712.8340943869220609
     -12.3721719759651698      -89.3569516546858864      712.8093738593977378
     -12.4541745222957108      -89.4140575091547731      712.7845021352096637
     -12.5348013916764867      -89.4738535590359163      712.7595542473341084
     -12.6129868583442750      -89.5361167048566244      712.7347899864355441
     -12.6876937879583718      -89.6006172013276938      712.7104653818365705
     -12.7579268210767758      -89.6671197944809961      712.6868295304637968
     -12.8227450236524412      -89.7353848505498917      712.6641214648432197
     -12.8812738467832339      -89.8051694690490194      712.6425671078301320
     -12.9327162474444535      -89.8762285731777695      712.6223763637437969
     -12.9763628331786727      -89.9483159713467870      712.6037403963041470
     -13.0116009065110347      -90.0211853842933607      712.5868291430789441
     -13.0379222989968113      -90.0945914328911783      712.5717891138502864
     -13.0549299000796388      -90.1682905823624594      712.5587415163823835
     -13.0623428021354648      -90.2420420391615750      712.5477807475249392
     -13.0599999999978280      -90.3156085973073459      712.5389732805488165
     -13.0478943337025903      -90.3884359143473404      712.5323908059659743
     -13.0261410579549555      -90.4599787709672967      712.5280758570539774
     -12.9949448898554110      -90.5300272075992183      712.5260076672075229
     -12.9546294091127479      -90.5983854791006706      712.5261365481583198
     -12.9056332474879820      -90.6648723785155539      712.5283849255376936
     -12.8485048447640295      -90.7293214086265607      712.5326487735055707
     -12.7838958332576542      -90.7915808042315859      712.5387994160332710
     -12.7125531294282030      -90.8515134094539292      712.5466856558563222
     -12.6353098269442548      -90.9089964158105346      712.5561361870652490
     -12.5530750004556744      -90.9639209682066223      712.5669622438624629
     -12.4668225431196298      -91.0161916474907855      712.5789604361852980
     -12.3775791734511014      -91.0657258396791036      712.5919157225796425
     -12.2864117581213677      -91.1124530034087030      712.6056044717512350
     -12.1944141067382166      -91.1563138485873594      712.6197975663551460
     -12.1019970766742162      -91.1975607205975507      712.6343744000949982
     -11.9966221229431991      -91.2416529190777226      712.6513219116568507
     -11.8764718351174725      -91.2886587563706797      712.6710015266324945
     -11.7394741261540663      -91.3386332325185748      712.6938246462509596
     -11.5832671531433853      -91.3916151405015569      712.7202587438320052
     -11.4051596766871199      -91.4476235651683425      712.7508340764277364
     -11.2020863530117953      -91.5066536684415155      712.7861510568407084
     -10.9705574273661561      -91.5686716403253058      712.8268883427924720
     -10.7066022834451591      -91.6336086796423643      712.8738117238169707
     -10.4057063082506787      -91.7013538500612810      712.9277839313126606
     -10.0627405642622278      -91.7717456357516426      712.9897755769038667
      -9.6718838338842783      -91.8445619969950400      713.0608775601731395
      -9.2265367324040124      -91.9195086995677144      713.1423155110632024
      -8.7192277988820202      -91.9962056632596727      713.2354671926545961
      -8.1415118014498375      -92.0741710454219344      713.3418843564562621
      -7.4838609768739222      -92.1528027462567252      713.4633214151645006
      -6.7355506198717388      -92.2313569953591497      713.6017746183732697
      -5.8845414180255373      -92.3089236554958461      713.7595373795358000
      -4.9173622855498280      -92.3843978606744400      713.9392802682333468
      -3.8189992983322880      -92.4564475893606073      714.1441682873989976
      -2.5727988112751938      -92.5234767515486425      714.3780338153219418
      -1.1603961041683830      -92.5835833168443401      714.6456314808523302
       0.4383148806739767      -92.6345118768095119      714.9530117325940637
       2.2451498284267291      -92.6735997094908726      715.3080633079629251
       4.2835129852831493      -92.6977146859276360      715.7212911859655833
       6.5781517160881648      -92.7031818356186079      716.2069151111072642
       9.1547432152108232      -92.6856923695330863      716.7843921441663042
      12.0392613824310413      -92.6401832293665137      717.4804802370584866
      15.2571257224396835      -92.5605483750440641      718.3310570916344204
      18.8335119972016827      -92.4363998497797752      719.3614373950998697
      22.7930397777817646      -92.2501502484162330      720.5707405951592364
      27.1576147639336298      -91.9765677938261774      721.9376200259176812
      31.9447714077957592      -91.5801576238292370      723.4120875859649686
      37.1654888581668814      -91.0118897216397471      724.9055644069291020
      42.8207416502667897      -90.2062873629994613      726.2809983766011328
      48.8977582856754012      -89.0809320314366460      727.3458275533303095
      55.3674719557967094      -87.5404414421157639      727.8517429865404438
      62.1806202299150925      -85.4997989973832944      727.6223037110876248
      69.2626271916817018      -82.9239120215665366      726.8141890002976879
      76.5263564325940564      -79.8096890148964775      725.7121421250228650
      83.8831465417181050      -76.1802384582345269      724.6546907836323044
      91.2491067397838833      -72.0785322446546814      723.9994619203679349
      98.5483879829567542      -67.5583180189365038      724.0837137638238801
     105.7166097209472753      -62.6578740518789630      724.9991374830919995
     112.6993087052686491      -57.3977765022419959      726.5710514819645596
     119.4442409435131793      -51.7990412185307463      728.6102233578210416
     125.3232125179889351      -46.4340499762697405      730.7159469679902486
     130.9190379317719248      -40.8201581991963565      732.9310103428166485
     136.1858337774643530      -34.9766814490027187      735.1411286274344548
     141.0803882749646618      -28.9324068237296963      737.2495580013400058
     145.5686852163433116      -22.7284499213210793      739.1836981197593559
     149.6347929748046397      -16.4188070391153538      740.9071156704716259
     153.2771900316080007      -10.0675901426161793      742.4053657441861560
     156.5065144763449325       -3.7450862836941514      743.6771466488210081
     159.3451220073576451        2.4768229549044749      744.7322889361181524
     161.8250359165569421        8.5295682417161593      745.5889480858734260
     163.9845392733837457       14.3531901127883010      746.2704119994552912
     165.8637502819624387       19.8995657305457314      746.8018883353743149
     167.5012267796063270       25.1332903175957156      747.2081361578386804
     168.9320061416960925       30.0312800962936635      747.5120285962572098
     170.1867157812786786       34.5815828405998289      747.7338084120904114
     171.2914059960723989       38.7817517435759243      747.8908196192971900
     172.2678233178875189       42.6370485880031040      747.9975450935846766
     173.1339147730278398       46.1586664121840045      748.0658247990699010
     173.9044184735449790       49.3620964661579791      748.1051660016623828
     174.5914489234687323       52.2657098453171756      748.1230855311339383
     175.2050254619491909       54.8895820713701568      748.1254459617985049
     175.7535198309454927       57.2545522827340534      748.1167640009064144
     176.2440233058883621       59.3814798780763624      748.1004835737455778
     176.6826446229422345       61.2907153754014900      748.0792086578574072
     177.0747299262222896       63.0017512999040861      748.0548909108591715
     177.4250177269396431       64.5330008644037605      748.0289777887543323
     177.7377475366195654       65.9016718961465671      748.0025286661110613
     178.0167348063214945       67.1237106702246251      747.9763089994360143
     178.2654256858379540       68.2137950436350025      747.9508611861162990
     178.4869418063712487       69.1853609673338497      747.9265503860353874
     178.6841114589227004       70.0506525881443167      747.9036079217137285
     178.8594948486751264       70.8207866479228443      747.8821655781376876
     179.0154060601879848       71.5058249081296680      747.8622818899913227
     179.1539329477021454       72.1148502132341491      747.8439622710541244
     179.2769556256072292       72.6560431322340747      747.8271744026841361
     179.3861638937016210       73.1367570958667841      747.8118599634235579
     179.4830737311562814       73.5635906586801411      747.7979435276718050
     179.5690428864664057       73.9424560260366235      747.7853392694690911
     179.6452855441718839       74.2786433489584255      747.7739559627232211
     179.7128860383162703       74.5768805451450021      747.7637006596779656
     179.7728115907649737       74.8413885828643970      747.7544813459645638
     179.8259240687870886       75.0759322877975279      747.7462088063715555
     179.8729907742480520       75.2838668169013232      747.7387978855257415
     179.9146942928878445       75.4681799989460416      747.7321682884949041
     179.9516414449577724       75.6315307762849898      747.7262450353127861
     179.9843713876008451       75.7762840021554638      747.7209586587807735
     180.0108698726036494       75.9214929540644476      747.7138109925624576
     180.0249935309508942       76.0685512789707445      747.7029047193609586
     180.0262979698426875       76.2156891960669469      747.6882939487300064
     180.0145372181505650       76.3611244818953026      747.6700902678197735
     179.9896591044825414       76.5030873630256139      747.6484587464708511
     179.9517999702448208       76.6398447195942651      747.6236138870625609
     179.9012782921781763       76.7697234351348072      747.5958154144443597
     179.8385869432337358       76.8911326950795768      747.5653638483431678
     179.7643839369456771       77.0025850196035577      747.5325958345159734
     179.6794815899063451       77.1027158124396124      747.4978792351674883
     179.5848341071111918       77.1903012131690218      747.4616079962219146
     179.4815236507560599       77.2642740541642894      747.4241968206727051
     179.3707449977368640       77.3237377431319004      747.3860756847050197
     179.2537889266229740       77.3679779166668737      747.3476842375936258
