  -4.1699999998694226       -123.19193478017179        944.54588967565985     
  -4.0699999998694221       -123.03056796469676        944.57466846399973     
  -3.9699999998694224       -122.86920114922174        944.60344725233961     
  -3.8699999998694223       -122.70783433374670        944.63222604067948     
  -3.4584245964173905       -122.04368821191767        944.75067245489811     
  -3.4520841323986948       -122.03345680704436        944.75249716361782     
  -3.4444990632670462       -122.02121699347515        944.75468003529784     
  -3.4357647796649915       -122.00712268600273        944.75719361520441     
  -3.4259911244936339       -121.99135112066938        944.76000629107580     
  -3.4153010113002660       -121.97410062628521        944.76308269041385     
  -3.4038288783131039       -121.95558813068314        944.76638412507873     
  -3.3917189975795434       -121.93604643305139        944.76986907760283     
  -3.3791236604833026       -121.91572127662789        944.77349372312358     
  -3.3662012624667175       -121.89486825855539        944.77721248036801     
  -3.3531143110476198       -121.87374961574619        944.78097858476781     
  -3.3406345420563719       -121.85361071730718        944.78456995114107     
  -3.3258937714395360       -121.82982309250693        944.78881197117425     
  -3.3084829540680794       -121.80172660369365        944.79382235528647     
  -3.2879192750556334       -121.76854204780011        944.79974004183509     
  -3.2636329369630301       -121.72934982700276        944.80672899853619     
  -3.2349516163550351       -121.68306485624211        944.81498269377710     
  -3.2010821926785082       -121.62840706666796        944.82472935142050     
  -3.1610892903342656       -121.56386676416375        944.83623812007738     
  -3.1138701052114524       -121.48766399044399        944.84982630704030     
  -3.0581249098697056       -121.39770091115452        944.86586784790620     
  -2.9923225474928383       -121.29150612226414        944.88480320487201     
  -2.9146601349337873       -121.16616962568276        944.90715090888546     
  -2.8230161013200403       -121.01826708207545        944.93352097751972     
  -2.7148955929770997       -120.84377181029154        944.96463043790823     
  -2.5873671938576543       -120.63795289153890        945.00132123390028     
  -2.4369898313867400       -120.39525765352482        945.04458074580282     
  -2.2597286887157821       -120.10917680006777        945.09556511178528     
  -2.0508589356033124       -119.77209055199623        945.15562545748617     
  -1.8048561382415027       -119.37509443209274        945.22633697168339     
  -1.5152723381259761       -118.90780384339855        945.30953048421668     
  -1.1745970270125694       -118.35813746645894        945.40732574412812     
 -0.77410261559150340       -117.71208088445317        945.52216487222893     
 -0.30367452006583279       -116.95343392769641        945.65684334419245     
  0.24837331603875509       -116.06354825361252        945.81453416439649     
  0.89549579952889946       -115.02106593944249        945.99879836064088     
   1.6531243425501005       -113.80167569731495        946.21357121565268     
   2.5388811948466743       -112.37791106357550        946.46310828876926     
   3.5727959717989188       -110.71902482709601        946.75186767574360     
   4.7775191991647681       -108.79098606390374        947.08429437613199     
   6.1785270699823416       -106.55665991541917        947.46445823703027     
   7.8043103641916023       -103.97624409968881        947.89547780705470     
   9.6865365654385176       -101.00804656706816        948.37863773635831     
   11.860160312469210       -97.609689434423473        948.91208215088204     
   14.363111832606194       -93.739873725473927        949.48964944704562     
   17.235355266607908       -89.360694508154253        950.09985085678932     
   20.517290922750405       -84.440246528641154        950.72420122405174     
   24.246305473296736       -78.955251159990581        951.33634191313763     
   28.452672914802172       -72.893183303126165        951.89887446414104     
   33.154124928359778       -66.254474767402499        952.36130624331224     
   38.350739156588304       -59.055240390952491        952.65883606822376     
   44.021200110131566       -51.330521763510802        952.71243190409200     
   50.120478783608391       -43.137076325424800        952.43080906478338     
   56.580112586747191       -34.554509520366388        951.72159825884819     
   63.322707022908062       -25.685314228351743        950.55555547637255     
   70.274898511588745       -16.648952558552427        949.01445132229151     
   77.361153060250132       -7.5710149309051342        947.24870044502632     
   83.999513645794394       0.79833206751655528        945.56638661628256     
   90.619681666880439        9.0073021666378654        944.00417896316071     
   97.156070833567938        16.976704243858556        942.70013009362879     
   103.53575707270964        24.638878243897693        941.70960345469496     
   109.68018064643589        31.935683972598888        940.99313854545335     
   115.52063940584041        38.819215082209354        940.48741271200640     
   121.00487798923021        45.253325710576519        940.13510559893939     
   126.09754414014208        51.214214797213309        939.88824620183777     
   130.77919724370628        56.690299594287325        939.70941063089958     
   135.04432891803600        61.681406533451337        939.57133768042149     
   138.89890156072116        66.197367324911212        939.45556054352210     
   142.35782611260956        70.256239328818154        939.35074363714637     
   145.44295805163469        73.882444918805930        939.25190603618739     
   148.18068083640537        77.104844074984143        939.15825085470772     
   150.59946713291629        79.954887462443267        939.07044671924666     
   152.72813234926758        82.465066207919790        938.98899940023330     
   154.59498021551474        84.667763736496624        938.91418569517953     
   156.22719036635121        86.594393434114707        938.84607236592137     
   157.65039430092031        88.274787590681029        938.78454927800567     
   158.88840771907877        89.736799678560843        938.72936800408547     
   159.96308832443972        91.006079080673260        938.68018005713452     
   160.89429098612106        92.105978959906665        938.63657136276458     
   161.69989525557654        93.057562621414505        938.59809131474253     
   162.39588398331466        93.879679320835322        938.56427594139655     
   162.99645568540512        94.589086116406875        938.53466544456273     
   163.51415700389438        95.200597560800162        938.50881676910490     
   163.96002488328088        95.727249537130518        938.48631202491129     
   164.34373085928888        96.180467285954705        938.46676360031609     
   164.67372211641270        96.570230669152011        938.44981673963275     
   164.95735575347260        96.905232048968486        938.43515025157001     
   165.20102406157562        97.193023925241860        938.42247589743636     
   165.41026963439998        97.440154773491685        938.41153689446310     
   165.58988986343019        97.652292456574116        938.40210586852140     
   165.74403088112913        97.834335226228589        938.39398250527336     
   165.87627135495143        97.990510757610153        938.38699107961759     
   165.98969674746087        98.124463925998242        938.38097798886793     
   166.08696477692882        98.239334184560008        938.37580937340908     
   166.17036286553773        98.337823469436287        938.37136887738075     
   166.24185836920526        98.422255569307012        938.36755557917877     
   166.30314235949618        98.494627870132774        938.36428210536064     
   166.35566768542242        98.556656335945902        938.36147293035128     
   166.40068198931124        98.609814523372137        938.35906285691203     
   166.43925629210699        98.655367358019561        938.35699566765516     
   166.47230970339723        98.694400329756292        938.35522293518238     
   166.50063075264234        98.727844694371555        938.35370297725603     
   166.52489578279108        98.756499203084644        938.35239994258063     
   166.54897998282871        98.784940234012709        938.35110610967888     
   166.57276127049818        98.813023770191251        938.34982823342432     
   166.59594058357669        98.840396635506963        938.34858240224185     
   166.61822643162890        98.866714585129671        938.34738431221240     
   166.63933856153020        98.891646635350412        938.34624906824331     
   166.65901148158605        98.914879226908496        938.34519099221870     
   166.67699779994331        98.936120169400255        938.34422344063501     
   166.69307133532811        98.955102317104902        938.34335863412753     
   166.70702996101394        98.971586929932585        938.34260750114686     
   166.71869814627945        98.985366677157032        938.34197953788885     
   166.72792916342004        98.996268246085322        938.34148268636204     
   166.73460693258249        99.004154522791339        938.34112323225497     
   166.73864748124436        99.008926317426514        938.34090572399964     
   167.14000000000001        99.482914371051280        938.31930036952099     
   167.24000000000001        99.601012061105465        938.31391723288448     
   167.34000000000000        99.719109751159650        938.30853409624797     
   167.44000000000000        99.837207441213835        938.30315095961146     
