     170.6200000000000045       94.1066029874041874      897.1880512881182312
     170.5804947947646042       94.1398592378834564      897.1796493446770455
     170.5376023609959475       94.1685904684479027      897.1712955761200874
     170.4918355117597457       94.1924605834061879      897.1630885855778388
     170.4437425545386020       94.2111952334231404      897.1551250450978614
     170.3939000427507438       94.2245855867793978      897.1474984229525944
     170.3429051343609046       94.2324913127294082      897.1402977383020243
     170.2913676361816897       94.2348427563952242      897.1336063541416479
     170.2399018116355194       94.2316422992367677      897.1275008181982002
     170.1891180257831593       94.2229649158260258      897.1220497596100358
     170.1396142935032572       94.2089579570377964      897.1173128466044773
     170.0919677835838968       94.1898402128768311      897.1133398067008784
     170.0467263112791727       94.1659003366322338      897.1101695058100631
     170.0043998217023500       94.1374947484882227      897.1078290752818702
     169.9654518217954831       94.1050451852297698      897.1063330655147183
     169.9275119941927699       94.0699677533499710      897.1052349255280660
     169.8836109150302036       94.0293735266119057      897.1039589482394376
     169.8328157526280506       93.9823974341928761      897.1024755215252071
     169.7740489978324945       93.9280396341286092      897.1007498420153752
     169.7060664630218412       93.8651448158022816      897.0987409257240870
     169.6274320835558456       93.7923784258162812      897.0964004082527481
     169.5364891073765250       93.7081993950659182      897.0936710848620805
     169.4313272223807587       93.6108288993034137      897.0904851283096377
     169.3097451386385046       93.4982146397326517      897.0867619070173760
     169.1692081168311290       93.3679900864102450      897.0824053073345112
     169.0067999200173290       93.2174280887236364      897.0773004409306850
     168.8191686691833979       93.0433882286539102      897.0713095914233008
     168.6024661122226860       92.8422572804849011      897.0642672232082759
     168.3522798816918566       92.6098821541736754      897.0559738409473312
     168.0635584325801517       92.3414947510674722      897.0461884521934053
     167.7305285344297943       92.0316282665413326      897.0346193522323119
     167.3466054632439466       91.6740246561636098      897.0209129265506363
     166.9042964222133207       91.2615332683883764      897.0046401645620335
     166.3950982442059683       90.7860010734340506      896.9852806177541424
     165.8093911229860282       90.2381555297123583      896.9622036461533980
     165.1363310135426445       89.6074819801944500      896.9346470233853097
     164.3637444591605856       88.8820986248499736      896.9016933760508437
     163.4780309569594579       88.0486336419996576      896.8622456048068443
     162.4640795567468672       87.0921110024963525      896.8150034862237590
     161.3052081591501690       85.9958539978270551      896.7584452255521228
     159.9831358492269828       84.7414185198579446      896.6908199759495801
     158.4780004191124476       83.3085716615327101      896.6101604044868054
     156.7684347705937569       81.6753351289587215      896.5143283538081960
     154.8317168409396913       79.8181169816573828      896.4011114588787450
     152.6440076199644409       77.7119586546399574      896.2683938978306060
     150.1806906219939037       75.3309249805974446      896.1144296431426710
     147.4168255191367791       72.6486644185249020      895.9382502431783450
     144.3277241666704072       69.6391625624180506      895.7402385015157051
     140.8896761929534307       66.2777016432511488      895.5229107232296428
     137.0824820242850421       62.5421083187308042      895.2932006104809943
     132.8928514338883531       58.4141668247848713      895.0654943606992902
     128.3148478390001230       53.8809194019075406      894.8623837618688412
     123.3516616255639349       48.9360057942301836      894.7163234942764802
     118.0174751320587632       43.5808256594196308      894.6710251988424716
     112.3390443291038707       37.8253651214561728      894.7820206719007956
     106.3567355681477977       31.6886242515679548      895.1158979200812382
     100.1246536596832613       25.1986100686660563      895.7477661217967579
      93.7095313824842151       18.3918596562744980      896.7561731195274888
      87.1785890553804421       11.3117802637167735      898.1502256351926690
      80.5855252603217025        4.0099649341723094      899.7909033417711271
      73.9836388807077014       -3.4496642052816719      901.5015540456367944
      66.7602478369830408      -11.7677838428044552      903.2494920165255508
      59.6692676543342841      -20.0789476252734715      904.6332562476221710
      52.7847655899328387      -28.2696565489758882      905.4738615395503984
      46.1867683452355635      -36.2314148174431239      905.7301906327986671
      39.9637500244531552      -43.8733523708586688      905.5359251007495232
      34.1834704388926625      -51.1234376644664223      905.0294344413271119
      28.8892938452826442      -57.9287639165822625      904.3273049672596926
      24.1018905790092646      -64.2543349013074021      903.5215051431362099
      19.8217518034962836      -70.0802955947511350      902.6801508378862309
      16.0323103821225281      -75.3994073070984712      901.8504299412644514
      12.7040697250431212      -80.2154841330586379      901.0625335256547714
       9.7984788172745247      -84.5422982366779650      900.3327825473113535
       7.2727259569428524      -88.4022445427072654      899.6675859905567449
       5.0852168903447028      -91.8244952329729500      899.0685879770238671
       3.1970644845709275      -94.8425849139861299      898.5344244360375114
       1.5725409163228832      -97.4922159139195941      898.0618126077083616
       0.1791730836035343      -99.8094989233532601      897.6463415942669144
      -1.0123248553093576     -101.8296510364771734      897.2830340071518549
      -2.0281952328253041     -103.5861043117884037      896.9667344181926865
      -2.8918181341377336     -105.1099515846561729      896.6923685505572621
      -3.6239120402416880     -106.4296526848657720      896.4551076125369491
      -4.2427441543750835     -107.5709316547106340      896.2504644133698548
      -4.7643440039641280     -108.5568072469248762      896.0743415780694932
      -5.2027153002991398     -109.4077112644661867      895.9230470846241587
      -5.5700418911889500     -110.1416604383927904      895.7932883153608827
      -5.8768844333532204     -110.7744568598967021      895.6821526884721152
      -6.1323652371520732     -111.3198993944382948      895.5870805619905468
      -6.3443395589953617     -111.7899941864962585      895.5058343351300891
      -6.5195523747801110     -112.1951565903740544      895.4364663798614856
      -6.6637803152468775     -112.5443999268547657      895.3772875073080968
      -6.7819589598128456     -112.8455086310749920      895.3268370178819850
      -6.8782960682270788     -113.1051948455222487      895.2838549292464450
      -6.9563715915350581     -113.3292385014112682      895.2472566670567176
      -7.0192254643157188     -113.5226115600730736      895.2161102985654679
      -7.0694342599414970     -113.6895874582849473      895.1896162579874954
      -7.1091778090851054     -113.8338369955164353      895.1670894306882929
      -7.1402968591752725     -113.9585119751508842      895.1479434231299592
      -7.1643428026885214     -114.0663179068352662      895.1316768332267202
      -7.1826204207059163     -114.1595770163854837      895.1178612948792761
      -7.1962245222003940     -114.2402827286994409      895.1061311135283631
      -7.2060712747503874     -114.3101466862738675      895.0961743085747457
      -7.2129249420564445     -114.3706392582082998      895.0877248894242939
      -7.2174206686356612     -114.4230243878163549      895.0805562081213793
      -7.2200838821459801     -114.4683895248843584      895.0744752477266957
      -7.2213468190238750     -114.5076712940441155      895.0693177212092451
      -7.2215626188545468     -114.5416774654906789      895.0649438702835141
      -7.2208398074977964     -114.5764481807311483      895.0605696995093012
      -7.2190224622822985     -114.6115260745460205      895.0562701127787477
      -7.2159625091773538     -114.6465853677411815      895.0521024128136105
      -7.2115196770743406     -114.6813058032008570      895.0481224359216412
      -7.2055638244567621     -114.7153762933077985      895.0443838406932855
      -7.1979771615949240     -114.7484984363218530      895.0409374224091152
      -7.1886563384689506     -114.7803898587849716      895.0378304618172933
      -7.1775143702410471     -114.8107873432664547      895.0351061165431474
      -7.1644823740728381     -114.8394497035075545      895.0328028628907759
      -7.1495110933986528     -114.8661603722463269      895.0309539951950910
      -7.1325721883837545     -114.8907296706468344      895.0295871892028572
      -7.1136592741989890     -114.9129967322863877      895.0287241351568355
      -7.0927886918761462     -114.9328310590139495      895.0283802454235911
      -7.0699999998504213     -114.9501336906312332      895.0285644405624907
      -7.0454367832249334     -114.9647835825491029      895.0292774864841476
      -7.0192649424102278     -114.9766930430474332      895.0305134801506028
      -6.9915907041408545     -114.9858627553653179      895.0322614368196810
      -6.9625405930735207     -114.9923269043352150      895.0345038844158125
      -6.9322605372211497     -114.9961522761974351      895.0372170649129657
      -6.9009147227662018     -114.9974369530536791      895.0403712158365579
      -6.8686842105007315     -114.9963086198142292      895.0439309284702176
      -6.8357653291662963     -114.9929225063429641      895.0478555783463435
      -6.8023678638073770     -114.9874589920694063      895.0520998226555776
      -6.7687130598681389     -114.9801209045537007      895.0566141583301487
      -6.7350314661241439     -114.9711305473104233      895.0613455337542064
      -6.7015606416162417     -114.9607264955720893      895.0662380063578212
      -6.6685427535190831     -114.9491602015545197      895.0712334377421939
      -6.6362220943085326     -114.9366924531459091      895.0762722175012414
      -6.6049612529665547     -114.9236410554638752      895.0812747811011150
      -6.5692343198445471     -114.9076225932684849      895.0871354303462795
      -6.5284305010291419     -114.8880035513047346      895.0940012449368623
      -6.4818502207089121     -114.8640282080381922      895.1020446516213269
      -6.4286902263027210     -114.8347972394103635      895.1114678042081323
      -6.3680262130275729     -114.7992426693217993      895.1225077049400625
      -6.2987926165938095     -114.7560985409902514      895.1354421851503957
      -6.2197591672033790     -114.7038665963356863      895.1505968792819203
      -6.1295037353703110     -114.6407761565623531      895.1683533435198115
      -6.0263809319264086     -114.5647372966332682      895.1891584878159165
      -5.9084858529591173     -114.4732863011797690      895.2135355070005289
      -5.7736122879399057     -114.3635222833042207      895.2420965113699367
      -5.6192046393289665     -114.2320337471986420      895.2755570671856731
      -5.4423027390940373     -114.0748137907652904      895.3147528592693334
      -5.2394786981106076     -113.8871625909190612      895.3606586760045047
      -5.0067648967120029     -113.6635758144906561      895.4144098837879255
      -4.7395722296659271     -113.3976176837723528      895.4773264922889666
      -4.4325977702768498     -113.0817776428074808      895.5509397982268638
      -4.0797211324923719     -112.7073099806164862      895.6370214121693607
      -3.6738890049662705     -112.2640564548834021      895.7376141906013345
      -3.2069876250175575     -111.7402530361604676      895.8550641745921439
      -2.6697033676421049     -111.1223235039118009      895.9920520247202376
      -2.0513721500277562     -110.3946649551997723      896.1516215730000567
      -1.3398189825034783     -109.5394335561697972      896.3372019043117689
      -0.5211896917584879     -108.5363433261777857      896.5526177362174849
       0.4202224763877660     -107.3624966451655212      896.8020806824387137
       1.5021521155597224     -105.9922727036936010      897.0901511610385342
       2.7445352294875947     -104.3973092687113819      897.4216571679385197
       4.1696776096630028     -102.5466234922884468      897.8015518604196359
       5.8024147265541917     -100.4069277992289386      898.2346869571863408
       7.6702594433826041      -97.9432044185834627      898.7254735612739296
       9.8035307676894003      -95.1196015633020409      899.2773964924581378
      12.2354463973908381      -91.9006959169277735      899.8923430721274599
      15.0020794787581764      -88.2531070257645069      900.5696468664555141
      18.1406593379882679      -84.1471996425060098      901.3033505949279061
      21.6873285400177167      -79.5587083911416357      902.0790548054990268
      25.6750878830418969      -74.4702032561721126      902.8716055478713542
      30.1294394385262549      -68.8725125510010940      903.6413130360365358
      35.0631026931271705      -62.7667505403428194      904.3298221265047232
      40.4712008065163218      -56.1672368217665436      904.8565023104422380
      46.3279665745179514      -49.1047731769349198      905.1164263544692403
      52.5850890900572594      -41.6290033357716354      904.9810496903085095
      59.1732940335122137      -33.8097304945018706      904.3166739401031009
      66.0261748475904540      -25.7397899588841916      903.1329928571859682
      73.0799554720080238      -17.5253854080419487      901.5723512551865042
      80.2646999798137415       -9.2749374644035871      899.8334475068106713
      86.8317575213224586       -1.8468870799041128      898.2967342573273299
      93.3847135702534104        5.4603730224867117      896.9825051740781419
      99.8609540699049205       12.5908421807653266      896.0398160737521494
     106.1836454673423873       19.4951015510874051      895.4715397193551780
     112.2748819657679888       26.1277610149850545      895.1995213281736596
     118.0700941685448413       32.4486044760358823      895.1462858310740103
     123.5201121419824943       38.4239456606928158      895.2420489173232454
     128.5915604486241648       44.0277520652656591      895.4284240789600062
     133.2659776660242983       49.2423668577455800      895.6598744940350798
     137.5379999369465338       54.0587176908204654      895.9033698094892770
     141.4130394308349707       58.4759473417486291      896.1368697001807959
     144.9051904773752995       62.5005914074075903      896.3474978102851765
     148.0363943150926787       66.1455151093148004      896.5304834687590301
     150.8320019026911609       69.4284879827108057      896.6852893046064992
     153.3183903023555388       72.3708054808742816      896.8134141652508333
     155.5221195943863677       74.9960672582989076      896.9175054785541761
     157.4692746955927873       77.3291076446999313      897.0007233971863343
     159.1849708018086176       79.3951065865446850      897.0663153221806851
     160.6930018813554568       81.2188860962661607      897.1173547364260230
     162.0156107806113255       82.8243820822876700      897.1566000427487779
     163.1733585043811559       84.2342726573734524      897.1864354397007446
     164.1850713881754018       85.4697380344926927      897.2088641536225850
     165.0678480696169004       86.5503266748344799      897.2255323496403889
     165.8371104972848116       87.4939040522072276      897.2377686842223738
     166.5066856593762736       88.3166631683836556      897.2466296622003483
     167.0889071734855236       89.0331792040598771      897.2529447933305846
     167.5947281722804973       89.6564939687158216      897.2573582171312410
     168.0338389472988183       90.1982188512083951      897.2603652341874749
     168.4147845328176345       90.6686476349571819      897.2623432874918308
     168.7450788217987565       91.0768727792566040      897.2635775792405184
     169.0313129283527189       91.4309005884602186      897.2642818417575654
     169.2792563805970758       91.7377621308163071      897.2646149190738925
     169.4939503833431615       92.0036178797242314      897.2646938368608289
     169.6797928704585843       92.2338548868002306      897.2646039955372999
     169.8406154074747576       92.4331759105119630      897.2644070479719858
     169.9797522369154308       92.6056803627836587      897.2641469397052560
     170.1001019077952208       92.7549372385822153      897.2638545076040373
     170.2041820178925491       92.8840503928524015      897.2635509583310522
     170.2941776395300622       92.9957166516813061      897.2632504833961775
     170.3719840098125360       93.0922773110474395      897.2629622133905514
     170.4392440546010334       93.1757636030790906      897.2626916696181070
     170.4973812895086667       93.2479367086845627      897.2624418356290334
     170.5476286064447891       93.3103228759398462      897.2622139428295895
     170.5910534147696751       93.3642441725151286      897.2620080421070270
     170.6285795647907548       93.4108453626336654      897.2618234161512873
     170.6610064393106256       93.4511173584014188      897.2616588769747068
     170.6907540683971263       93.4922277283691017      897.2610700779005128
     170.7162591510936807       93.5364583960222262      897.2596256306861733
     170.7371321749474760       93.5833175782070583      897.2573288279302233
     170.7530516670422003       93.6322712307745775      897.2541958125739257
     170.7637660808891269       93.6827518028032813      897.2502548708175709
     170.7690953311276303       93.7341669159924606      897.2455456942063847
     170.7689318074686184       93.7859079999035004      897.2401185875257852
     170.7632407506370953       93.8373588722400740      897.2340336096330020
     170.7520599114336051       93.8879042255879028      897.2273596417728641
     170.7354984438175620       93.9369379637778366      897.2201733832470154
     170.7137350068804835       93.9838713195591282      897.2125582781955018
     170.6870150704746436       94.0281406787776319      897.2046033801096883
     170.6556474361914866       94.0692150335703161      897.1964021628061801
     170.6200000000000045       94.1066029874041874      897.1880512881182312
