# IGG GEOMETRY VERSION 5
#  Number of Points   :
0
#  Number of Curves   :
1
#Curve 293080624
Curve SISL curve_6
3 0 20 8 1 0
4 89 1 3
SISLCurve
89 4 1 3 0
0.000000000000000e+000
0.000000000000000e+000
0.000000000000000e+000
0.000000000000000e+000
1.464410000000000e-002
3.598150000000000e-002
6.643380000000000e-002
1.068180000000000e-001
1.575440000000000e-001
2.189780000000000e-001
2.913730000000000e-001
5.267310000000000e-001
7.775670000000000e-001
1.026110000000000e+000
1.272370000000000e+000
1.516320000000000e+000
1.758010000000000e+000
1.997490000000000e+000
2.282030000000000e+000
2.563550000000000e+000
2.842130000000000e+000
3.117880000000000e+000
3.390890000000000e+000
3.661070000000000e+000
3.928470000000000e+000
4.193420000000000e+000
4.456170000000000e+000
4.717040000000000e+000
4.976220000000000e+000
5.233500000000000e+000
5.488840000000000e+000
5.742430000000000e+000
5.994410000000000e+000
6.244780000000000e+000
6.493600000000000e+000
6.740990000000000e+000
6.987050000000000e+000
7.231780000000000e+000
7.475240000000000e+000
7.717470000000000e+000
7.958560000000000e+000
8.198600000000001e+000
8.437609999999999e+000
8.635750000000000e+000
8.795059999999999e+000
8.822570000000001e+000
8.855140000000001e+000
8.887230000000001e+000
8.915210000000000e+000
9.074130000000000e+000
9.271000000000001e+000
9.507650000000000e+000
9.745080000000000e+000
9.983210000000000e+000
1.022200000000000e+001
1.046140000000000e+001
1.070170000000000e+001
1.094290000000000e+001
1.118500000000000e+001
1.142820000000000e+001
1.167250000000000e+001
1.191820000000000e+001
1.216530000000000e+001
1.241400000000000e+001
1.266440000000000e+001
1.291680000000000e+001
1.317140000000000e+001
1.342800000000000e+001
1.368670000000000e+001
1.394760000000000e+001
1.421100000000000e+001
1.447750000000000e+001
1.474730000000000e+001
1.502040000000000e+001
1.529690000000000e+001
1.557690000000000e+001
1.581300000000000e+001
1.605170000000000e+001
1.629290000000000e+001
1.653690000000000e+001
1.678350000000000e+001
1.703270000000000e+001
1.728460000000000e+001
1.748330000000000e+001
1.750030000000000e+001
1.751430000000000e+001
1.752570000000000e+001
1.753460000000000e+001
1.754140000000000e+001
1.754680000000000e+001
1.754680000000000e+001
1.754680000000000e+001
1.754680000000000e+001
1.637440000000000e+002 2.532350000000000e+000 2.380150000000000e+001 
1.637400000000000e+002 2.529240000000000e+000 2.380150000000000e+001 
1.637370000000000e+002 2.515680000000000e+000 2.380150000000000e+001 
1.637430000000000e+002 2.494480000000000e+000 2.380150000000000e+001 
1.637560000000000e+002 2.466310000000000e+000 2.380150000000000e+001 
1.637780000000000e+002 2.432550000000000e+000 2.380150000000000e+001 
1.638100000000000e+002 2.393090000000000e+000 2.380150000000000e+001 
1.638530000000000e+002 2.348400000000000e+000 2.380150000000000e+001 
1.639410000000000e+002 2.262580000000000e+000 2.380150000000000e+001 
1.640750000000000e+002 2.133560000000000e+000 2.380150000000000e+001 
1.642530000000000e+002 1.965700000000000e+000 2.380150000000000e+001 
1.644360000000000e+002 1.797570000000000e+000 2.380150000000000e+001 
1.646200000000000e+002 1.633290000000000e+000 2.380150000000000e+001 
1.648040000000000e+002 1.472990000000000e+000 2.380150000000000e+001 
1.649880000000000e+002 1.316700000000000e+000 2.380150000000000e+001 
1.651850000000000e+002 1.154420000000000e+000 2.380150000000000e+001 
1.653950000000000e+002 9.870540000000000e-001 2.380150000000000e+001 
1.656190000000000e+002 8.156100000000000e-001 2.380150000000000e+001 
1.658430000000000e+002 6.501230000000000e-001 2.380150000000000e+001 
1.660680000000000e+002 4.906140000000000e-001 2.380150000000000e+001 
1.662940000000000e+002 3.372960000000000e-001 2.380150000000000e+001 
1.665200000000000e+002 1.903030000000000e-001 2.380150000000000e+001 
1.667480000000000e+002 4.937850000000000e-002 2.380150000000000e+001 
1.669760000000000e+002 -8.584390000000000e-002 2.380150000000000e+001 
1.672040000000000e+002 -2.156360000000000e-001 2.380150000000000e+001 
1.674340000000000e+002 -3.402370000000000e-001 2.380150000000000e+001 
1.676640000000000e+002 -4.593450000000000e-001 2.380150000000000e+001 
1.678950000000000e+002 -5.726530000000000e-001 2.380150000000000e+001 
1.681270000000000e+002 -6.798150000000000e-001 2.380150000000000e+001 
1.683590000000000e+002 -7.805970000000000e-001 2.380150000000000e+001 
1.685930000000000e+002 -8.752460000000000e-001 2.380150000000000e+001 
1.688270000000000e+002 -9.640200000000000e-001 2.380150000000000e+001 
1.690620000000000e+002 -1.047120000000000e+000 2.380150000000000e+001 
1.692970000000000e+002 -1.124810000000000e+000 2.380150000000000e+001 
1.695320000000000e+002 -1.197310000000000e+000 2.380150000000000e+001 
1.697670000000000e+002 -1.264770000000000e+000 2.380150000000000e+001 
1.700020000000000e+002 -1.327480000000000e+000 2.380150000000000e+001 
1.702380000000000e+002 -1.385610000000000e+000 2.380150000000000e+001 
1.704720000000000e+002 -1.439720000000000e+000 2.380150000000000e+001 
1.707070000000000e+002 -1.488970000000000e+000 2.380150000000000e+001 
1.709280000000000e+002 -1.534760000000000e+000 2.380150000000000e+001 
1.711260000000000e+002 -1.562460000000000e+000 2.380150000000000e+001 
1.712480000000000e+002 -1.599770000000000e+000 2.380150000000000e+001 
1.713250000000000e+002 -1.595610000000000e+000 2.380150000000000e+001 
1.713460000000000e+002 -1.567620000000000e+000 2.380150000000000e+001 
1.713410000000000e+002 -1.532850000000000e+000 2.380150000000000e+001 
1.712760000000000e+002 -1.492150000000000e+000 2.380150000000000e+001 
1.711520000000000e+002 -1.465920000000000e+000 2.380150000000000e+001 
1.709670000000000e+002 -1.392530000000000e+000 2.380150000000000e+001 
1.707570000000000e+002 -1.317480000000000e+000 2.380150000000000e+001 
1.705350000000000e+002 -1.231930000000000e+000 2.380150000000000e+001 
1.703140000000000e+002 -1.145010000000000e+000 2.380150000000000e+001 
1.700920000000000e+002 -1.055630000000000e+000 2.380150000000000e+001 
1.698710000000000e+002 -9.642370000000000e-001 2.380150000000000e+001 
1.696490000000000e+002 -8.707450000000000e-001 2.380150000000000e+001 
1.694280000000000e+002 -7.752620000000000e-001 2.380150000000000e+001 
1.692060000000000e+002 -6.778760000000000e-001 2.380150000000000e+001 
1.689840000000000e+002 -5.786920000000000e-001 2.380150000000000e+001 
1.687620000000000e+002 -4.776670000000000e-001 2.380150000000000e+001 
1.685390000000000e+002 -3.747230000000000e-001 2.380150000000000e+001 
1.683150000000000e+002 -2.700060000000000e-001 2.380150000000000e+001 
1.680900000000000e+002 -1.636790000000000e-001 2.380150000000000e+001 
1.678640000000000e+002 -5.503660000000000e-002 2.380150000000000e+001 
1.676380000000000e+002 5.656520000000000e-002 2.380150000000000e+001 
1.674100000000000e+002 1.711540000000000e-001 2.380150000000000e+001 
1.671820000000000e+002 2.886980000000000e-001 2.380150000000000e+001 
1.669530000000000e+002 4.095350000000000e-001 2.380150000000000e+001 
1.667240000000000e+002 5.339460000000000e-001 2.380150000000000e+001 
1.664940000000000e+002 6.626050000000000e-001 2.380150000000000e+001 
1.662630000000000e+002 7.960680000000000e-001 2.380150000000000e+001 
1.660320000000000e+002 9.344960000000000e-001 2.380150000000000e+001 
1.657990000000000e+002 1.077900000000000e+000 2.380150000000000e+001 
1.655660000000000e+002 1.226420000000000e+000 2.380150000000000e+001 
1.653450000000000e+002 1.371520000000000e+000 2.380150000000000e+001 
1.651360000000000e+002 1.512420000000000e+000 2.380150000000000e+001 
1.649400000000000e+002 1.648430000000000e+000 2.380150000000000e+001 
1.647440000000000e+002 1.788320000000000e+000 2.380150000000000e+001 
1.645470000000000e+002 1.932170000000000e+000 2.380150000000000e+001 
1.643490000000000e+002 2.079970000000000e+000 2.380150000000000e+001 
1.641520000000000e+002 2.231660000000000e+000 2.380150000000000e+001 
1.639680000000000e+002 2.375760000000000e+000 2.380150000000000e+001 
1.638460000000000e+002 2.473100000000000e+000 2.380150000000000e+001 
1.637870000000000e+002 2.521310000000000e+000 2.380150000000000e+001 
1.637750000000000e+002 2.529210000000000e+000 2.380150000000000e+001 
1.637650000000000e+002 2.534120000000000e+000 2.380150000000000e+001 
1.637560000000000e+002 2.536100000000000e+000 2.380150000000000e+001 
1.637490000000000e+002 2.535920000000000e+000 2.380150000000000e+001 
1.637450000000000e+002 2.533500000000000e+000 2.380150000000000e+001 
1.637440000000000e+002 2.532350000000000e+000 2.380150000000000e+001 
#  Number of Surfaces :
0
#  Number of Groups :
0
