# IGG GEOMETRY VERSION 5
#  Number of Points   :
0
#  Number of Curves   :
1
#Curve 297129008
Curve SISL curve_19
3 0 20 8 1 0
4 91 1 3
SISLCurve
91 4 1 3 0
0.000000000000000e+000
0.000000000000000e+000
0.000000000000000e+000
0.000000000000000e+000
1.308840000000000e-002
3.253220000000000e-002
6.056470000000000e-002
9.786730000000000e-002
1.448360000000000e-001
2.017940000000000e-001
2.689690000000000e-001
3.103590000000000e-001
6.050400000000000e-001
9.000820000000001e-001
1.195460000000000e+000
1.491110000000000e+000
1.787010000000000e+000
2.083270000000000e+000
2.380070000000000e+000
2.736790000000000e+000
3.093840000000000e+000
3.451000000000000e+000
3.808160000000000e+000
4.165170000000000e+000
4.521910000000000e+000
4.877880000000000e+000
5.232420000000000e+000
5.585010000000000e+000
5.935240000000000e+000
6.282800000000000e+000
6.627440000000000e+000
6.969010000000000e+000
7.307520000000000e+000
7.642860000000000e+000
7.975760000000000e+000
8.306229999999999e+000
8.634150000000000e+000
8.959500000000000e+000
9.282299999999999e+000
9.602169999999999e+000
9.918480000000001e+000
1.023110000000000e+001
1.054030000000000e+001
1.084530000000000e+001
1.109600000000000e+001
1.131080000000000e+001
1.133500000000000e+001
1.136320000000000e+001
1.139110000000000e+001
1.141560000000000e+001
1.163020000000000e+001
1.188000000000000e+001
1.218370000000000e+001
1.249160000000000e+001
1.280290000000000e+001
1.311770000000000e+001
1.343600000000000e+001
1.375750000000000e+001
1.408150000000000e+001
1.440810000000000e+001
1.473720000000000e+001
1.506880000000000e+001
1.540280000000000e+001
1.573950000000000e+001
1.607940000000000e+001
1.642250000000000e+001
1.676860000000000e+001
1.711760000000000e+001
1.746910000000000e+001
1.782280000000000e+001
1.817820000000000e+001
1.853470000000000e+001
1.889170000000000e+001
1.924880000000000e+001
1.960600000000000e+001
1.996310000000000e+001
2.031990000000000e+001
2.061690000000000e+001
2.091330000000000e+001
2.120930000000000e+001
2.150500000000000e+001
2.180050000000000e+001
2.209560000000000e+001
2.239040000000000e+001
2.263420000000000e+001
2.264770000000000e+001
2.265910000000000e+001
2.266860000000000e+001
2.267650000000000e+001
2.268270000000000e+001
2.268770000000000e+001
2.269180000000000e+001
2.269180000000000e+001
2.269180000000000e+001
2.269180000000000e+001
1.644900000000000e+002 5.085530000000000e+000 4.097840000000000e+001 
1.644860000000000e+002 5.083750000000000e+000 4.097840000000000e+001 
1.644800000000000e+002 5.072690000000000e+000 4.097840000000000e+001 
1.644800000000000e+002 5.052800000000000e+000 4.097840000000000e+001 
1.644840000000000e+002 5.024560000000000e+000 4.097840000000000e+001 
1.644950000000000e+002 4.988860000000000e+000 4.097840000000000e+001 
1.645140000000000e+002 4.945490000000000e+000 4.097840000000000e+001 
1.645400000000000e+002 4.894800000000000e+000 4.097840000000000e+001 
1.645670000000000e+002 4.846830000000000e+000 4.097840000000000e+001 
1.646340000000000e+002 4.729950000000000e+000 4.097840000000000e+001 
1.647380000000000e+002 4.547030000000000e+000 4.097840000000000e+001 
1.648830000000000e+002 4.290400000000000e+000 4.097840000000000e+001 
1.650290000000000e+002 4.033440000000000e+000 4.097840000000000e+001 
1.651750000000000e+002 3.776240000000000e+000 4.097840000000000e+001 
1.653210000000000e+002 3.518800000000000e+000 4.097840000000000e+001 
1.654670000000000e+002 3.261000000000000e+000 4.097840000000000e+001 
1.656230000000000e+002 2.985510000000000e+000 4.097840000000000e+001 
1.657890000000000e+002 2.692400000000000e+000 4.097840000000000e+001 
1.659650000000000e+002 2.381900000000000e+000 4.097840000000000e+001 
1.661410000000000e+002 2.071480000000000e+000 4.097840000000000e+001 
1.663180000000000e+002 1.761330000000000e+000 4.097840000000000e+001 
1.664960000000000e+002 1.451610000000000e+000 4.097840000000000e+001 
1.666740000000000e+002 1.142590000000000e+000 4.097840000000000e+001 
1.668520000000000e+002 8.348380000000000e-001 4.097840000000000e+001 
1.670310000000000e+002 5.290750000000000e-001 4.097840000000000e+001 
1.672110000000000e+002 2.259080000000000e-001 4.097840000000000e+001 
1.673920000000000e+002 -7.413170000000000e-002 4.097840000000000e+001 
1.675730000000000e+002 -3.707050000000000e-001 4.097840000000000e+001 
1.677540000000000e+002 -6.635250000000000e-001 4.097840000000000e+001 
1.679370000000000e+002 -9.524060000000000e-001 4.097840000000000e+001 
1.681200000000000e+002 -1.236770000000000e+000 4.097840000000000e+001 
1.683040000000000e+002 -1.517410000000000e+000 4.097840000000000e+001 
1.684900000000000e+002 -1.793860000000000e+000 4.097840000000000e+001 
1.686760000000000e+002 -2.066630000000000e+000 4.097840000000000e+001 
1.688640000000000e+002 -2.335540000000000e+000 4.097840000000000e+001 
1.690520000000000e+002 -2.600670000000000e+000 4.097840000000000e+001 
1.692420000000000e+002 -2.861900000000000e+000 4.097840000000000e+001 
1.694320000000000e+002 -3.118850000000000e+000 4.097840000000000e+001 
1.696230000000000e+002 -3.370850000000000e+000 4.097840000000000e+001 
1.698150000000000e+002 -3.618100000000000e+000 4.097840000000000e+001 
1.700070000000000e+002 -3.859740000000000e+000 4.097840000000000e+001 
1.701860000000000e+002 -4.085660000000000e+000 4.097840000000000e+001 
1.703590000000000e+002 -4.277080000000000e+000 4.097840000000000e+001 
1.704450000000000e+002 -4.414980000000000e+000 4.097840000000000e+001 
1.705200000000000e+002 -4.471070000000000e+000 4.097840000000000e+001 
1.705500000000000e+002 -4.463320000000000e+000 4.097840000000000e+001 
1.705650000000000e+002 -4.436490000000000e+000 4.097840000000000e+001 
1.705290000000000e+002 -4.350170000000000e+000 4.097840000000000e+001 
1.704180000000000e+002 -4.232150000000000e+000 4.097840000000000e+001 
1.702780000000000e+002 -4.015800000000000e+000 4.097840000000000e+001 
1.701130000000000e+002 -3.781320000000000e+000 4.097840000000000e+001 
1.699420000000000e+002 -3.525650000000000e+000 4.097840000000000e+001 
1.697690000000000e+002 -3.266850000000000e+000 4.097840000000000e+001 
1.695960000000000e+002 -3.003980000000000e+000 4.097840000000000e+001 
1.694220000000000e+002 -2.737430000000000e+000 4.097840000000000e+001 
1.692470000000000e+002 -2.467740000000000e+000 4.097840000000000e+001 
1.690720000000000e+002 -2.195470000000000e+000 4.097840000000000e+001 
1.688950000000000e+002 -1.920790000000000e+000 4.097840000000000e+001 
1.687170000000000e+002 -1.643790000000000e+000 4.097840000000000e+001 
1.685390000000000e+002 -1.364610000000000e+000 4.097840000000000e+001 
1.683580000000000e+002 -1.083250000000000e+000 4.097840000000000e+001 
1.681770000000000e+002 -7.992290000000000e-001 4.097840000000000e+001 
1.679950000000000e+002 -5.121000000000000e-001 4.097840000000000e+001 
1.678130000000000e+002 -2.217020000000000e-001 4.097840000000000e+001 
1.676300000000000e+002 7.194929999999999e-002 4.097840000000000e+001 
1.674460000000000e+002 3.685520000000000e-001 4.097840000000000e+001 
1.672620000000000e+002 6.677330000000000e-001 4.097840000000000e+001 
1.670770000000000e+002 9.690760000000001e-001 4.097840000000000e+001 
1.668910000000000e+002 1.272020000000000e+000 4.097840000000000e+001 
1.667050000000000e+002 1.575850000000000e+000 4.097840000000000e+001 
1.665180000000000e+002 1.879940000000000e+000 4.097840000000000e+001 
1.663310000000000e+002 2.184000000000000e+000 4.097840000000000e+001 
1.661430000000000e+002 2.487860000000000e+000 4.097840000000000e+001 
1.659550000000000e+002 2.791360000000000e+000 4.097840000000000e+001 
1.657770000000000e+002 3.077520000000000e+000 4.097840000000000e+001 
1.656100000000000e+002 3.346190000000000e+000 4.097840000000000e+001 
1.654520000000000e+002 3.597330000000000e+000 4.097840000000000e+001 
1.652940000000000e+002 3.847860000000000e+000 4.097840000000000e+001 
1.651370000000000e+002 4.097960000000000e+000 4.097840000000000e+001 
1.649790000000000e+002 4.347650000000000e+000 4.097840000000000e+001 
1.648210000000000e+002 4.596890000000000e+000 4.097840000000000e+001 
1.646720000000000e+002 4.831460000000000e+000 4.097840000000000e+001 
1.645730000000000e+002 4.986680000000000e+000 4.097840000000000e+001 
1.645250000000000e+002 5.062280000000000e+000 4.097840000000000e+001 
1.645180000000000e+002 5.071530000000000e+000 4.097840000000000e+001 
1.645110000000000e+002 5.078540000000000e+000 4.097840000000000e+001 
1.645050000000000e+002 5.083370000000000e+000 4.097840000000000e+001 
1.644990000000000e+002 5.086090000000000e+000 4.097840000000000e+001 
1.644940000000000e+002 5.087110000000000e+000 4.097840000000000e+001 
1.644910000000000e+002 5.086080000000000e+000 4.097840000000000e+001 
1.644900000000000e+002 5.085530000000000e+000 4.097840000000000e+001 
#  Number of Surfaces :
0
#  Number of Groups :
0
