# IGG GEOMETRY VERSION 5
#  Number of Points   :
0
#  Number of Curves   :
1
#Curve 293082288
Curve SISL curve_4
3 0 20 8 1 0
4 91 1 3
SISLCurve
91 4 1 3 0
0.000000000000000e+000
0.000000000000000e+000
0.000000000000000e+000
0.000000000000000e+000
7.962980000000000e-003
1.592600000000000e-002
3.869420000000000e-002
5.480780000000000e-002
7.091220000000000e-002
1.134410000000000e-001
1.667830000000000e-001
2.313260000000000e-001
5.169070000000000e-001
7.605260000000000e-001
9.999860000000000e-001
1.239260000000000e+000
1.474650000000000e+000
1.707530000000000e+000
1.938050000000000e+000
2.211700000000000e+000
2.482140000000000e+000
2.749460000000000e+000
3.013800000000000e+000
3.275290000000000e+000
3.534370000000000e+000
3.791280000000000e+000
4.046020000000000e+000
4.298610000000000e+000
4.549140000000000e+000
4.797720000000000e+000
5.044620000000000e+000
5.290070000000000e+000
5.534320000000000e+000
5.777530000000000e+000
6.019510000000000e+000
6.260140000000000e+000
6.499400000000000e+000
6.737310000000000e+000
6.973880000000000e+000
7.209200000000000e+000
7.443440000000000e+000
7.676780000000000e+000
7.909240000000000e+000
8.140890000000001e+000
8.333440000000000e+000
8.482160000000000e+000
8.513000000000000e+000
8.550340000000000e+000
8.586240000000000e+000
8.618300000000000e+000
8.765390000000000e+000
8.955550000000001e+000
9.183909999999999e+000
9.412440000000000e+000
9.641200000000000e+000
9.870320000000000e+000
1.009980000000000e+001
1.032960000000000e+001
1.055990000000000e+001
1.079100000000000e+001
1.102290000000000e+001
1.125600000000000e+001
1.149050000000000e+001
1.172650000000000e+001
1.196390000000000e+001
1.220260000000000e+001
1.244260000000000e+001
1.268420000000000e+001
1.292770000000000e+001
1.317320000000000e+001
1.342120000000000e+001
1.367200000000000e+001
1.392540000000000e+001
1.418160000000000e+001
1.444120000000000e+001
1.470440000000000e+001
1.497150000000000e+001
1.519720000000000e+001
1.542580000000000e+001
1.565730000000000e+001
1.589190000000000e+001
1.612970000000000e+001
1.637080000000000e+001
1.680020000000000e+001
1.681950000000000e+001
1.683550000000000e+001
1.684850000000000e+001
1.685360000000000e+001
1.685880000000000e+001
1.686680000000000e+001
1.687000000000000e+001
1.687320000000000e+001
1.687320000000000e+001
1.687320000000000e+001
1.687320000000000e+001
1.637520000000000e+002 2.146610000000000e+000 2.134760000000000e+001 
1.637500000000000e+002 2.144840000000000e+000 2.134760000000000e+001 
1.637500000000000e+002 2.138730000000000e+000 2.134760000000000e+001 
1.637440000000000e+002 2.127310000000000e+000 2.134760000000000e+001 
1.637500000000000e+002 2.110620000000000e+000 2.134760000000000e+001 
1.637580000000000e+002 2.094630000000000e+000 2.134760000000000e+001 
1.637670000000000e+002 2.071470000000000e+000 2.134760000000000e+001 
1.637900000000000e+002 2.041210000000000e+000 2.134760000000000e+001 
1.638240000000000e+002 2.000060000000000e+000 2.134760000000000e+001 
1.639190000000000e+002 1.904850000000000e+000 2.134760000000000e+001 
1.640670000000000e+002 1.773580000000000e+000 2.134760000000000e+001 
1.642580000000000e+002 1.602720000000000e+000 2.134760000000000e+001 
1.644430000000000e+002 1.449240000000000e+000 2.134760000000000e+001 
1.646250000000000e+002 1.295250000000000e+000 2.134760000000000e+001 
1.648100000000000e+002 1.149180000000000e+000 2.134760000000000e+001 
1.649950000000000e+002 1.007270000000000e+000 2.134760000000000e+001 
1.651930000000000e+002 8.612830000000000e-001 2.134760000000000e+001 
1.654030000000000e+002 7.120150000000000e-001 2.134760000000000e+001 
1.656280000000000e+002 5.608660000000000e-001 2.134760000000000e+001 
1.658530000000000e+002 4.167290000000000e-001 2.134760000000000e+001 
1.660790000000000e+002 2.795590000000000e-001 2.134760000000000e+001 
1.663060000000000e+002 1.491380000000000e-001 2.134760000000000e+001 
1.665330000000000e+002 2.512450000000000e-002 2.134760000000000e+001 
1.667620000000000e+002 -9.229569999999999e-002 2.134760000000000e+001 
1.669910000000000e+002 -2.029400000000000e-001 2.134760000000000e+001 
1.672220000000000e+002 -3.067930000000000e-001 2.134760000000000e+001 
1.674530000000000e+002 -4.037780000000000e-001 2.134760000000000e+001 
1.676850000000000e+002 -4.938030000000000e-001 2.134760000000000e+001 
1.679170000000000e+002 -5.767090000000000e-001 2.134760000000000e+001 
1.681510000000000e+002 -6.528140000000000e-001 2.134760000000000e+001 
1.683850000000000e+002 -7.223480000000000e-001 2.134760000000000e+001 
1.686200000000000e+002 -7.852040000000000e-001 2.134760000000000e+001 
1.688550000000000e+002 -8.411960000000001e-001 2.134760000000000e+001 
1.690910000000000e+002 -8.904000000000000e-001 2.134760000000000e+001 
1.693260000000000e+002 -9.328810000000000e-001 2.134760000000000e+001 
1.695620000000000e+002 -9.689900000000000e-001 2.134760000000000e+001 
1.697960000000000e+002 -9.990230000000000e-001 2.134760000000000e+001 
1.700300000000000e+002 -1.023450000000000e+000 2.134760000000000e+001 
1.702640000000000e+002 -1.042670000000000e+000 2.134760000000000e+001 
1.704970000000000e+002 -1.057130000000000e+000 2.134760000000000e+001 
1.707290000000000e+002 -1.065870000000000e+000 2.134760000000000e+001 
1.709480000000000e+002 -1.072640000000000e+000 2.134760000000000e+001 
1.711390000000000e+002 -1.065870000000000e+000 2.134760000000000e+001 
1.712620000000000e+002 -1.078670000000000e+000 2.134760000000000e+001 
1.713360000000000e+002 -1.059990000000000e+000 2.134760000000000e+001 
1.713530000000000e+002 -1.024290000000000e+000 2.134760000000000e+001 
1.713400000000000e+002 -9.867150000000000e-001 2.134760000000000e+001 
1.712700000000000e+002 -9.598230000000000e-001 2.134760000000000e+001 
1.711470000000000e+002 -9.582330000000000e-001 2.134760000000000e+001 
1.709610000000000e+002 -9.216000000000000e-001 2.134760000000000e+001 
1.707490000000000e+002 -8.864780000000000e-001 2.134760000000000e+001 
1.705240000000000e+002 -8.415310000000000e-001 2.134760000000000e+001 
1.703010000000000e+002 -7.931890000000000e-001 2.134760000000000e+001 
1.700780000000000e+002 -7.406100000000000e-001 2.134760000000000e+001 
1.698550000000000e+002 -6.843100000000000e-001 2.134760000000000e+001 
1.696330000000000e+002 -6.242430000000000e-001 2.134760000000000e+001 
1.694120000000000e+002 -5.604230000000000e-001 2.134760000000000e+001 
1.691910000000000e+002 -4.930350000000000e-001 2.134760000000000e+001 
1.689700000000000e+002 -4.222110000000000e-001 2.134760000000000e+001 
1.687490000000000e+002 -3.482300000000000e-001 2.134760000000000e+001 
1.685270000000000e+002 -2.713100000000000e-001 2.134760000000000e+001 
1.683050000000000e+002 -1.920400000000000e-001 2.134760000000000e+001 
1.680820000000000e+002 -1.109320000000000e-001 2.134760000000000e+001 
1.678580000000000e+002 -2.813760000000000e-002 2.134760000000000e+001 
1.676330000000000e+002 5.621410000000000e-002 2.134760000000000e+001 
1.674080000000000e+002 1.429420000000000e-001 2.134760000000000e+001 
1.671810000000000e+002 2.328630000000000e-001 2.134760000000000e+001 
1.669540000000000e+002 3.264880000000000e-001 2.134760000000000e+001 
1.667260000000000e+002 4.243120000000000e-001 2.134760000000000e+001 
1.664970000000000e+002 5.265560000000000e-001 2.134760000000000e+001 
1.662670000000000e+002 6.333730000000000e-001 2.134760000000000e+001 
1.660370000000000e+002 7.453670000000000e-001 2.134760000000000e+001 
1.658050000000000e+002 8.631380000000000e-001 2.134760000000000e+001 
1.655730000000000e+002 9.871160000000000e-001 2.134760000000000e+001 
1.653530000000000e+002 1.110190000000000e+000 2.134760000000000e+001 
1.651450000000000e+002 1.231380000000000e+000 2.134760000000000e+001 
1.649500000000000e+002 1.349710000000000e+000 2.134760000000000e+001 
1.647540000000000e+002 1.472770000000000e+000 2.134760000000000e+001 
1.645570000000000e+002 1.600610000000000e+000 2.134760000000000e+001 
1.643600000000000e+002 1.733520000000000e+000 2.134760000000000e+001 
1.641110000000000e+002 1.907060000000000e+000 2.134760000000000e+001 
1.639260000000000e+002 2.042400000000000e+000 2.134760000000000e+001 
1.638020000000000e+002 2.136320000000000e+000 2.134760000000000e+001 
1.637880000000000e+002 2.144620000000000e+000 2.134760000000000e+001 
1.637780000000000e+002 2.149590000000000e+000 2.134760000000000e+001 
1.637700000000000e+002 2.150440000000000e+000 2.134760000000000e+001 
1.637640000000000e+002 2.151730000000000e+000 2.134760000000000e+001 
1.637580000000000e+002 2.151410000000000e+000 2.134760000000000e+001 
1.637550000000000e+002 2.148300000000000e+000 2.134760000000000e+001 
1.637530000000000e+002 2.147330000000000e+000 2.134760000000000e+001 
1.637520000000000e+002 2.146610000000000e+000 2.134760000000000e+001 
#  Number of Surfaces :
0
#  Number of Groups :
0
