# IGG GEOMETRY VERSION 5
#  Number of Points   :
0
#  Number of Curves   :
1
#Curve 293080832
Curve SISL curve_7
3 0 20 8 1 0
4 89 1 3
SISLCurve
89 4 1 3 0
0.000000000000000e+000
0.000000000000000e+000
0.000000000000000e+000
0.000000000000000e+000
1.418680000000000e-002
3.493970000000000e-002
6.461770000000000e-002
1.040010000000000e-001
1.534970000000000e-001
2.134540000000000e-001
2.841100000000000e-001
5.326730000000000e-001
7.876280000000000e-001
1.040810000000000e+000
1.292100000000000e+000
1.541440000000000e+000
1.788750000000000e+000
2.033950000000000e+000
2.325350000000000e+000
2.613700000000000e+000
2.899020000000000e+000
3.181330000000000e+000
3.460610000000000e+000
3.736710000000000e+000
4.009740000000000e+000
4.280100000000000e+000
4.548130000000000e+000
4.814150000000000e+000
5.078380000000000e+000
5.340620000000000e+000
5.600820000000000e+000
5.859080000000000e+000
6.115490000000000e+000
6.370160000000000e+000
6.623200000000000e+000
6.874830000000000e+000
7.125210000000000e+000
7.374430000000000e+000
7.622580000000000e+000
7.869680000000000e+000
8.115760000000000e+000
8.360870000000000e+000
8.605010000000000e+000
8.807620000000000e+000
8.972920000000000e+000
8.999340000000000e+000
9.030620000000001e+000
9.061430000000000e+000
9.088290000000001e+000
9.253080000000001e+000
9.454680000000000e+000
9.697170000000000e+000
9.940379999999999e+000
1.018430000000000e+001
1.042880000000000e+001
1.067410000000000e+001
1.092010000000000e+001
1.116690000000000e+001
1.141450000000000e+001
1.166300000000000e+001
1.191260000000000e+001
1.216340000000000e+001
1.241570000000000e+001
1.266970000000000e+001
1.292570000000000e+001
1.318380000000000e+001
1.344420000000000e+001
1.370670000000000e+001
1.397130000000000e+001
1.423830000000000e+001
1.450790000000000e+001
1.478090000000000e+001
1.505760000000000e+001
1.533780000000000e+001
1.562170000000000e+001
1.590910000000000e+001
1.615140000000000e+001
1.639620000000000e+001
1.664340000000000e+001
1.689290000000000e+001
1.714470000000000e+001
1.739850000000000e+001
1.765430000000000e+001
1.785860000000000e+001
1.787490000000000e+001
1.788840000000000e+001
1.789930000000000e+001
1.790780000000000e+001
1.791430000000000e+001
1.791950000000000e+001
1.791950000000000e+001
1.791950000000000e+001
1.791950000000000e+001
1.637400000000000e+002 2.728400000000000e+000 2.502840000000000e+001 
1.637360000000000e+002 2.725460000000000e+000 2.502840000000000e+001 
1.637330000000000e+002 2.712280000000000e+000 2.502840000000000e+001 
1.637380000000000e+002 2.691640000000000e+000 2.502840000000000e+001 
1.637510000000000e+002 2.664010000000000e+000 2.502840000000000e+001 
1.637720000000000e+002 2.630820000000000e+000 2.502840000000000e+001 
1.638030000000000e+002 2.591880000000000e+000 2.502840000000000e+001 
1.638440000000000e+002 2.547680000000000e+000 2.502840000000000e+001 
1.639330000000000e+002 2.458150000000000e+000 2.502840000000000e+001 
1.640690000000000e+002 2.323150000000000e+000 2.502840000000000e+001 
1.642490000000000e+002 2.146640000000000e+000 2.502840000000000e+001 
1.644310000000000e+002 1.971120000000000e+000 2.502840000000000e+001 
1.646140000000000e+002 1.798700000000000e+000 2.502840000000000e+001 
1.647970000000000e+002 1.629600000000000e+000 2.502840000000000e+001 
1.649810000000000e+002 1.464020000000000e+000 2.502840000000000e+001 
1.651770000000000e+002 1.291530000000000e+000 2.502840000000000e+001 
1.653860000000000e+002 1.113040000000000e+000 2.502840000000000e+001 
1.656090000000000e+002 9.295770000000000e-001 2.502840000000000e+001 
1.658320000000000e+002 7.519860000000000e-001 2.502840000000000e+001 
1.660570000000000e+002 5.804650000000000e-001 2.502840000000000e+001 
1.662820000000000e+002 4.152720000000000e-001 2.502840000000000e+001 
1.665080000000000e+002 2.566660000000000e-001 2.502840000000000e+001 
1.667340000000000e+002 1.042100000000000e-001 2.502840000000000e+001 
1.669620000000000e+002 -4.256730000000000e-002 2.502840000000000e+001 
1.671890000000000e+002 -1.840480000000000e-001 2.502840000000000e+001 
1.674180000000000e+002 -3.205400000000000e-001 2.502840000000000e+001 
1.676470000000000e+002 -4.519060000000000e-001 2.502840000000000e+001 
1.678770000000000e+002 -5.779380000000000e-001 2.502840000000000e+001 
1.681080000000000e+002 -6.981800000000000e-001 2.502840000000000e+001 
1.683400000000000e+002 -8.122560000000000e-001 2.502840000000000e+001 
1.685720000000000e+002 -9.204280000000000e-001 2.502840000000000e+001 
1.688050000000000e+002 -1.022970000000000e+000 2.502840000000000e+001 
1.690390000000000e+002 -1.120240000000000e+000 2.502840000000000e+001 
1.692730000000000e+002 -1.212670000000000e+000 2.502840000000000e+001 
1.695080000000000e+002 -1.300560000000000e+000 2.502840000000000e+001 
1.697420000000000e+002 -1.384210000000000e+000 2.502840000000000e+001 
1.699770000000000e+002 -1.463860000000000e+000 2.502840000000000e+001 
1.702130000000000e+002 -1.539590000000000e+000 2.502840000000000e+001 
1.704480000000000e+002 -1.611960000000000e+000 2.502840000000000e+001 
1.706830000000000e+002 -1.680020000000000e+000 2.502840000000000e+001 
1.709050000000000e+002 -1.744280000000000e+000 2.502840000000000e+001 
1.711040000000000e+002 -1.789260000000000e+000 2.502840000000000e+001 
1.712260000000000e+002 -1.837780000000000e+000 2.502840000000000e+001 
1.713040000000000e+002 -1.839860000000000e+000 2.502840000000000e+001 
1.713260000000000e+002 -1.814680000000000e+000 2.502840000000000e+001 
1.713240000000000e+002 -1.781030000000000e+000 2.502840000000000e+001 
1.712620000000000e+002 -1.734690000000000e+000 2.502840000000000e+001 
1.711370000000000e+002 -1.697830000000000e+000 2.502840000000000e+001 
1.709540000000000e+002 -1.607270000000000e+000 2.502840000000000e+001 
1.707450000000000e+002 -1.514290000000000e+000 2.502840000000000e+001 
1.705250000000000e+002 -1.410680000000000e+000 2.502840000000000e+001 
1.703040000000000e+002 -1.306430000000000e+000 2.502840000000000e+001 
1.700840000000000e+002 -1.200540000000000e+000 2.502840000000000e+001 
1.698630000000000e+002 -1.093420000000000e+000 2.502840000000000e+001 
1.696420000000000e+002 -9.851340000000000e-001 2.502840000000000e+001 
1.694210000000000e+002 -8.757220000000000e-001 2.502840000000000e+001 
1.692000000000000e+002 -7.652300000000000e-001 2.502840000000000e+001 
1.689770000000000e+002 -6.536290000000000e-001 2.502840000000000e+001 
1.687550000000000e+002 -5.406950000000000e-001 2.502840000000000e+001 
1.685320000000000e+002 -4.261940000000000e-001 2.502840000000000e+001 
1.683070000000000e+002 -3.099630000000000e-001 2.502840000000000e+001 
1.680830000000000e+002 -1.918410000000000e-001 2.502840000000000e+001 
1.678570000000000e+002 -7.114870000000000e-002 2.502840000000000e+001 
1.676300000000000e+002 5.286830000000000e-002 2.502840000000000e+001 
1.674030000000000e+002 1.800160000000000e-001 2.502840000000000e+001 
1.671750000000000e+002 3.101000000000000e-001 2.502840000000000e+001 
1.669460000000000e+002 4.434350000000000e-001 2.502840000000000e+001 
1.667170000000000e+002 5.804550000000001e-001 2.502840000000000e+001 
1.664870000000000e+002 7.218120000000000e-001 2.502840000000000e+001 
1.662570000000000e+002 8.682650000000000e-001 2.502840000000000e+001 
1.660250000000000e+002 1.019910000000000e+000 2.502840000000000e+001 
1.657930000000000e+002 1.176730000000000e+000 2.502840000000000e+001 
1.655600000000000e+002 1.338670000000000e+000 2.502840000000000e+001 
1.653390000000000e+002 1.496250000000000e+000 2.502840000000000e+001 
1.651310000000000e+002 1.648710000000000e+000 2.502840000000000e+001 
1.649350000000000e+002 1.795340000000000e+000 2.502840000000000e+001 
1.647390000000000e+002 1.945380000000000e+000 2.502840000000000e+001 
1.645420000000000e+002 2.098710000000000e+000 2.502840000000000e+001 
1.643440000000000e+002 2.255150000000000e+000 2.502840000000000e+001 
1.641470000000000e+002 2.414570000000000e+000 2.502840000000000e+001 
1.639630000000000e+002 2.565490000000000e+000 2.502840000000000e+001 
1.638410000000000e+002 2.666960000000000e+000 2.502840000000000e+001 
1.637810000000000e+002 2.717070000000000e+000 2.502840000000000e+001 
1.637700000000000e+002 2.724830000000000e+000 2.502840000000000e+001 
1.637600000000000e+002 2.729700000000000e+000 2.502840000000000e+001 
1.637520000000000e+002 2.731770000000000e+000 2.502840000000000e+001 
1.637450000000000e+002 2.731710000000000e+000 2.502840000000000e+001 
1.637410000000000e+002 2.729470000000000e+000 2.502840000000000e+001 
1.637400000000000e+002 2.728400000000000e+000 2.502840000000000e+001 
#  Number of Surfaces :
0
#  Number of Groups :
0
