# IGG GEOMETRY VERSION 5
#  Number of Points   :
0
#  Number of Curves   :
1
#Curve 293083744
Curve SISL curve_9
3 0 20 8 1 0
4 91 1 3
SISLCurve
91 4 1 3 0
0.000000000000000e+000
0.000000000000000e+000
0.000000000000000e+000
0.000000000000000e+000
1.379620000000000e-002
3.398820000000000e-002
6.290260000000000e-002
1.012730000000000e-001
1.495080000000000e-001
2.079410000000000e-001
2.767990000000000e-001
2.836920000000000e-001
5.490390000000001e-001
8.133060000000000e-001
1.076540000000000e+000
1.338800000000000e+000
1.600160000000000e+000
1.860620000000000e+000
2.120150000000000e+000
2.429990000000000e+000
2.737590000000000e+000
3.042240000000000e+000
3.343250000000000e+000
3.640060000000000e+000
3.932030000000000e+000
4.219170000000000e+000
4.501920000000000e+000
4.780790000000000e+000
5.056560000000000e+000
5.329630000000000e+000
5.599870000000000e+000
5.867410000000000e+000
6.132700000000000e+000
6.396100000000000e+000
6.657760000000000e+000
6.917870000000000e+000
7.176640000000000e+000
7.434260000000000e+000
7.690990000000000e+000
7.946950000000000e+000
8.202030000000001e+000
8.456300000000001e+000
8.709870000000000e+000
8.962899999999999e+000
9.173439999999999e+000
9.348250000000000e+000
9.373830000000000e+000
9.403860000000000e+000
9.433620000000000e+000
9.459420000000000e+000
9.633880000000000e+000
9.844030000000000e+000
1.009650000000000e+001
1.034930000000000e+001
1.060250000000000e+001
1.085600000000000e+001
1.111020000000000e+001
1.136500000000000e+001
1.162040000000000e+001
1.187650000000000e+001
1.213330000000000e+001
1.239110000000000e+001
1.265010000000000e+001
1.291050000000000e+001
1.317260000000000e+001
1.343660000000000e+001
1.370310000000000e+001
1.397250000000000e+001
1.424470000000000e+001
1.452010000000000e+001
1.479940000000000e+001
1.508330000000000e+001
1.537270000000000e+001
1.566770000000000e+001
1.596780000000000e+001
1.627210000000000e+001
1.657980000000000e+001
1.683810000000000e+001
1.709760000000000e+001
1.735820000000000e+001
1.761980000000000e+001
1.788250000000000e+001
1.814620000000000e+001
1.841110000000000e+001
1.862520000000000e+001
1.863900000000000e+001
1.865070000000000e+001
1.866060000000000e+001
1.866860000000000e+001
1.867510000000000e+001
1.868020000000000e+001
1.868450000000000e+001
1.868450000000000e+001
1.868450000000000e+001
1.868450000000000e+001
1.637810000000000e+002 3.129070000000000e+000 2.748220000000000e+001 
1.637780000000000e+002 3.126290000000000e+000 2.748220000000000e+001 
1.637740000000000e+002 3.113680000000000e+000 2.748220000000000e+001 
1.637780000000000e+002 3.093370000000000e+000 2.748220000000000e+001 
1.637890000000000e+002 3.066040000000000e+000 2.748220000000000e+001 
1.638090000000000e+002 3.032890000000000e+000 2.748220000000000e+001 
1.638380000000000e+002 2.993800000000000e+000 2.748220000000000e+001 
1.638750000000000e+002 2.949170000000000e+000 2.748220000000000e+001 
1.639060000000000e+002 2.916200000000000e+000 2.748220000000000e+001 
1.639830000000000e+002 2.832580000000000e+000 2.748220000000000e+001 
1.641040000000000e+002 2.701100000000000e+000 2.748220000000000e+001 
1.642840000000000e+002 2.507800000000000e+000 2.748220000000000e+001 
1.644650000000000e+002 2.316050000000000e+000 2.748220000000000e+001 
1.646450000000000e+002 2.125830000000000e+000 2.748220000000000e+001 
1.648260000000000e+002 1.937120000000000e+000 2.748220000000000e+001 
1.650070000000000e+002 1.749970000000000e+000 2.748220000000000e+001 
1.652010000000000e+002 1.552270000000000e+000 2.748220000000000e+001 
1.654070000000000e+002 1.345030000000000e+000 2.748220000000000e+001 
1.656260000000000e+002 1.129620000000000e+000 2.748220000000000e+001 
1.658460000000000e+002 9.196060000000000e-001 2.748220000000000e+001 
1.660680000000000e+002 7.161970000000000e-001 2.748220000000000e+001 
1.662910000000000e+002 5.205080000000000e-001 2.748220000000000e+001 
1.665150000000000e+002 3.335360000000000e-001 2.748220000000000e+001 
1.667400000000000e+002 1.550390000000000e-001 2.748220000000000e+001 
1.669660000000000e+002 -1.551510000000000e-002 2.748220000000000e+001 
1.671930000000000e+002 -1.789420000000000e-001 2.748220000000000e+001 
1.674190000000000e+002 -3.361300000000000e-001 2.748220000000000e+001 
1.676470000000000e+002 -4.872330000000000e-001 2.748220000000000e+001 
1.678750000000000e+002 -6.323600000000000e-001 2.748220000000000e+001 
1.681030000000000e+002 -7.715690000000000e-001 2.748220000000000e+001 
1.683330000000000e+002 -9.050460000000000e-001 2.748220000000000e+001 
1.685630000000000e+002 -1.033180000000000e+000 2.748220000000000e+001 
1.687940000000000e+002 -1.156340000000000e+000 2.748220000000000e+001 
1.690260000000000e+002 -1.274890000000000e+000 2.748220000000000e+001 
1.692580000000000e+002 -1.389300000000000e+000 2.748220000000000e+001 
1.694910000000000e+002 -1.500000000000000e+000 2.748220000000000e+001 
1.697240000000000e+002 -1.607500000000000e+000 2.748220000000000e+001 
1.699570000000000e+002 -1.711900000000000e+000 2.748220000000000e+001 
1.701910000000000e+002 -1.813230000000000e+000 2.748220000000000e+001 
1.704260000000000e+002 -1.912170000000000e+000 2.748220000000000e+001 
1.706610000000000e+002 -2.008100000000000e+000 2.748220000000000e+001 
1.708810000000000e+002 -2.100170000000000e+000 2.748220000000000e+001 
1.710820000000000e+002 -2.171760000000000e+000 2.748220000000000e+001 
1.712020000000000e+002 -2.237960000000000e+000 2.748220000000000e+001 
1.712810000000000e+002 -2.250010000000000e+000 2.748220000000000e+001 
1.713050000000000e+002 -2.228440000000000e+000 2.748220000000000e+001 
1.713070000000000e+002 -2.196000000000000e+000 2.748220000000000e+001 
1.712490000000000e+002 -2.141170000000000e+000 2.748220000000000e+001 
1.711230000000000e+002 -2.088480000000000e+000 2.748220000000000e+001 
1.709430000000000e+002 -1.973170000000000e+000 2.748220000000000e+001 
1.707370000000000e+002 -1.854400000000000e+000 2.748220000000000e+001 
1.705200000000000e+002 -1.724890000000000e+000 2.748220000000000e+001 
1.703020000000000e+002 -1.595870000000000e+000 2.748220000000000e+001 
1.700840000000000e+002 -1.466150000000000e+000 2.748220000000000e+001 
1.698660000000000e+002 -1.335910000000000e+000 2.748220000000000e+001 
1.696470000000000e+002 -1.205260000000000e+000 2.748220000000000e+001 
1.694280000000000e+002 -1.074410000000000e+000 2.748220000000000e+001 
1.692080000000000e+002 -9.431850000000001e-001 2.748220000000000e+001 
1.689870000000000e+002 -8.114390000000000e-001 2.748220000000000e+001 
1.687660000000000e+002 -6.788550000000000e-001 2.748220000000000e+001 
1.685440000000000e+002 -5.451430000000000e-001 2.748220000000000e+001 
1.683210000000000e+002 -4.100140000000000e-001 2.748220000000000e+001 
1.680980000000000e+002 -2.731620000000000e-001 2.748220000000000e+001 
1.678740000000000e+002 -1.334920000000000e-001 2.748220000000000e+001 
1.676490000000000e+002 1.019420000000000e-002 2.748220000000000e+001 
1.674240000000000e+002 1.579580000000000e-001 2.748220000000000e+001 
1.671980000000000e+002 3.098280000000000e-001 2.748220000000000e+001 
1.669710000000000e+002 4.666400000000000e-001 2.748220000000000e+001 
1.667440000000000e+002 6.294070000000001e-001 2.748220000000000e+001 
1.665160000000000e+002 7.991130000000000e-001 2.748220000000000e+001 
1.662870000000000e+002 9.765680000000000e-001 2.748220000000000e+001 
1.660570000000000e+002 1.161270000000000e+000 2.748220000000000e+001 
1.658260000000000e+002 1.352440000000000e+000 2.748220000000000e+001 
1.655940000000000e+002 1.548840000000000e+000 2.748220000000000e+001 
1.653740000000000e+002 1.737970000000000e+000 2.748220000000000e+001 
1.651660000000000e+002 1.918410000000000e+000 2.748220000000000e+001 
1.649710000000000e+002 2.089140000000000e+000 2.748220000000000e+001 
1.647750000000000e+002 2.261140000000000e+000 2.748220000000000e+001 
1.645790000000000e+002 2.434340000000000e+000 2.748220000000000e+001 
1.643830000000000e+002 2.608830000000000e+000 2.748220000000000e+001 
1.641860000000000e+002 2.784760000000000e+000 2.748220000000000e+001 
1.640030000000000e+002 2.950710000000000e+000 2.748220000000000e+001 
1.638810000000000e+002 3.061200000000000e+000 2.748220000000000e+001 
1.638220000000000e+002 3.115110000000000e+000 2.748220000000000e+001 
1.638130000000000e+002 3.122460000000000e+000 2.748220000000000e+001 
1.638040000000000e+002 3.127680000000000e+000 2.748220000000000e+001 
1.637970000000000e+002 3.130840000000000e+000 2.748220000000000e+001 
1.637900000000000e+002 3.132060000000000e+000 2.748220000000000e+001 
1.637850000000000e+002 3.131730000000000e+000 2.748220000000000e+001 
1.637820000000000e+002 3.129930000000000e+000 2.748220000000000e+001 
1.637810000000000e+002 3.129070000000000e+000 2.748220000000000e+001 
#  Number of Surfaces :
0
#  Number of Groups :
0
