# IGG GEOMETRY VERSION 5
#  Number of Points   :
0
#  Number of Curves   :
1
#Curve 297126096
Curve SISL curve_18
3 0 20 8 1 0
4 91 1 3
SISLCurve
91 4 1 3 0
0.000000000000000e+000
0.000000000000000e+000
0.000000000000000e+000
0.000000000000000e+000
1.329700000000000e-002
3.304690000000000e-002
6.147810000000000e-002
9.933119999999999e-002
1.469770000000000e-001
2.047510000000000e-001
2.728860000000000e-001
3.075460000000000e-001
5.993790000000000e-001
8.917930000000000e-001
1.184580000000000e+000
1.477740000000000e+000
1.771330000000000e+000
2.065320000000000e+000
2.359600000000000e+000
2.713110000000000e+000
3.066980000000000e+000
3.421030000000000e+000
3.774940000000000e+000
4.128530000000000e+000
4.481600000000000e+000
4.833600000000000e+000
5.183800000000000e+000
5.531650000000000e+000
5.876790000000000e+000
6.219170000000000e+000
6.558940000000000e+000
6.896080000000000e+000
7.230450000000000e+000
7.562080000000000e+000
7.891150000000000e+000
8.217680000000000e+000
8.541610000000000e+000
8.862750000000000e+000
9.180899999999999e+000
9.495670000000001e+000
9.806600000000000e+000
1.011350000000000e+001
1.041620000000000e+001
1.071440000000000e+001
1.095930000000000e+001
1.116690000000000e+001
1.119120000000000e+001
1.122000000000000e+001
1.124810000000000e+001
1.127300000000000e+001
1.147990000000000e+001
1.172370000000000e+001
1.202030000000000e+001
1.232140000000000e+001
1.262640000000000e+001
1.293630000000000e+001
1.324830000000000e+001
1.356470000000000e+001
1.388410000000000e+001
1.420640000000000e+001
1.453140000000000e+001
1.485890000000000e+001
1.518890000000000e+001
1.552160000000000e+001
1.585710000000000e+001
1.619540000000000e+001
1.653620000000000e+001
1.687990000000000e+001
1.722630000000000e+001
1.757540000000000e+001
1.792660000000000e+001
1.827930000000000e+001
1.863260000000000e+001
1.898640000000000e+001
1.934050000000000e+001
1.969440000000000e+001
2.004810000000000e+001
2.034250000000000e+001
2.063660000000000e+001
2.093030000000000e+001
2.122360000000000e+001
2.151650000000000e+001
2.180900000000000e+001
2.210100000000000e+001
2.234100000000000e+001
2.235470000000000e+001
2.236630000000000e+001
2.237590000000000e+001
2.238390000000000e+001
2.239020000000000e+001
2.239530000000000e+001
2.239940000000000e+001
2.239940000000000e+001
2.239940000000000e+001
2.239940000000000e+001
1.643880000000000e+002 4.933020000000000e+000 3.975150000000000e+001 
1.643840000000000e+002 4.931120000000000e+000 3.975150000000000e+001 
1.643780000000000e+002 4.919730000000000e+000 3.975150000000000e+001 
1.643780000000000e+002 4.899530000000000e+000 3.975150000000000e+001 
1.643830000000000e+002 4.871000000000000e+000 3.975150000000000e+001 
1.643960000000000e+002 4.835060000000000e+000 3.975150000000000e+001 
1.644150000000000e+002 4.791520000000000e+000 3.975150000000000e+001 
1.644430000000000e+002 4.740740000000000e+000 3.975150000000000e+001 
1.644710000000000e+002 4.694840000000000e+000 3.975150000000000e+001 
1.645380000000000e+002 4.581960000000000e+000 3.975150000000000e+001 
1.646440000000000e+002 4.404950000000000e+000 3.975150000000000e+001 
1.647940000000000e+002 4.153910000000000e+000 3.975150000000000e+001 
1.649440000000000e+002 3.902460000000000e+000 3.975150000000000e+001 
1.650940000000000e+002 3.650630000000000e+000 3.975150000000000e+001 
1.652440000000000e+002 3.398410000000000e+000 3.975150000000000e+001 
1.653950000000000e+002 3.145850000000000e+000 3.975150000000000e+001 
1.655550000000000e+002 2.876170000000000e+000 3.975150000000000e+001 
1.657260000000000e+002 2.589410000000000e+000 3.975150000000000e+001 
1.659080000000000e+002 2.285640000000000e+000 3.975150000000000e+001 
1.660900000000000e+002 1.981950000000000e+000 3.975150000000000e+001 
1.662720000000000e+002 1.678690000000000e+000 3.975150000000000e+001 
1.664550000000000e+002 1.376110000000000e+000 3.975150000000000e+001 
1.666380000000000e+002 1.074540000000000e+000 3.975150000000000e+001 
1.668220000000000e+002 7.746480000000000e-001 3.975150000000000e+001 
1.670070000000000e+002 4.772730000000000e-001 3.975150000000000e+001 
1.671920000000000e+002 1.829890000000000e-001 3.975150000000000e+001 
1.673780000000000e+002 -1.076980000000000e-001 3.975150000000000e+001 
1.675640000000000e+002 -3.947830000000000e-001 3.975150000000000e+001 
1.677520000000000e+002 -6.783810000000000e-001 3.975150000000000e+001 
1.679390000000000e+002 -9.583070000000000e-001 3.975150000000000e+001 
1.681280000000000e+002 -1.234300000000000e+000 3.975150000000000e+001 
1.683180000000000e+002 -1.506270000000000e+000 3.975150000000000e+001 
1.685090000000000e+002 -1.774190000000000e+000 3.975150000000000e+001 
1.687010000000000e+002 -2.038070000000000e+000 3.975150000000000e+001 
1.688950000000000e+002 -2.297890000000000e+000 3.975150000000000e+001 
1.690890000000000e+002 -2.553460000000000e+000 3.975150000000000e+001 
1.692840000000000e+002 -2.804470000000000e+000 3.975150000000000e+001 
1.694810000000000e+002 -3.050520000000000e+000 3.975150000000000e+001 
1.696770000000000e+002 -3.291040000000000e+000 3.975150000000000e+001 
1.698750000000000e+002 -3.526100000000000e+000 3.975150000000000e+001 
1.700730000000000e+002 -3.754570000000000e+000 3.975150000000000e+001 
1.702580000000000e+002 -3.967470000000000e+000 3.975150000000000e+001 
1.704340000000000e+002 -4.146080000000000e+000 3.975150000000000e+001 
1.705260000000000e+002 -4.275800000000000e+000 3.975150000000000e+001 
1.706010000000000e+002 -4.326550000000000e+000 3.975150000000000e+001 
1.706310000000000e+002 -4.317230000000000e+000 3.975150000000000e+001 
1.706450000000000e+002 -4.289330000000000e+000 3.975150000000000e+001 
1.706060000000000e+002 -4.206910000000000e+000 3.975150000000000e+001 
1.704930000000000e+002 -4.096880000000000e+000 3.975150000000000e+001 
1.703500000000000e+002 -3.891740000000000e+000 3.975150000000000e+001 
1.701800000000000e+002 -3.669100000000000e+000 3.975150000000000e+001 
1.700030000000000e+002 -3.425230000000000e+000 3.975150000000000e+001 
1.698250000000000e+002 -3.177510000000000e+000 3.975150000000000e+001 
1.696470000000000e+002 -2.924400000000000e+000 3.975150000000000e+001 
1.694670000000000e+002 -2.668620000000000e+000 3.975150000000000e+001 
1.692880000000000e+002 -2.408490000000000e+000 3.975150000000000e+001 
1.691070000000000e+002 -2.145250000000000e+000 3.975150000000000e+001 
1.689250000000000e+002 -1.879180000000000e+000 3.975150000000000e+001 
1.687430000000000e+002 -1.610650000000000e+000 3.975150000000000e+001 
1.685580000000000e+002 -1.339830000000000e+000 3.975150000000000e+001 
1.683730000000000e+002 -1.066810000000000e+000 3.975150000000000e+001 
1.681860000000000e+002 -7.912850000000000e-001 3.975150000000000e+001 
1.679990000000000e+002 -5.130340000000000e-001 3.975150000000000e+001 
1.678110000000000e+002 -2.319680000000000e-001 3.975150000000000e+001 
1.676220000000000e+002 5.194190000000000e-002 3.975150000000000e+001 
1.674330000000000e+002 3.387740000000000e-001 3.975150000000000e+001 
1.672430000000000e+002 6.284990000000000e-001 3.975150000000000e+001 
1.670530000000000e+002 9.208450000000000e-001 3.975150000000000e+001 
1.668610000000000e+002 1.215280000000000e+000 3.975150000000000e+001 
1.666700000000000e+002 1.511030000000000e+000 3.975150000000000e+001 
1.664770000000000e+002 1.807350000000000e+000 3.975150000000000e+001 
1.662850000000000e+002 2.103870000000000e+000 3.975150000000000e+001 
1.660910000000000e+002 2.400340000000000e+000 3.975150000000000e+001 
1.658970000000000e+002 2.696460000000000e+000 3.975150000000000e+001 
1.657140000000000e+002 2.975590000000000e+000 3.975150000000000e+001 
1.655410000000000e+002 3.237740000000000e+000 3.975150000000000e+001 
1.653790000000000e+002 3.482980000000000e+000 3.975150000000000e+001 
1.652160000000000e+002 3.727660000000000e+000 3.975150000000000e+001 
1.650540000000000e+002 3.971730000000000e+000 3.975150000000000e+001 
1.648910000000000e+002 4.215230000000000e+000 3.975150000000000e+001 
1.647280000000000e+002 4.458180000000000e+000 3.975150000000000e+001 
1.645750000000000e+002 4.686260000000000e+000 3.975150000000000e+001 
1.644730000000000e+002 4.837050000000000e+000 3.975150000000000e+001 
1.644240000000000e+002 4.910370000000000e+000 3.975150000000000e+001 
1.644160000000000e+002 4.919570000000000e+000 3.975150000000000e+001 
1.644100000000000e+002 4.926480000000000e+000 3.975150000000000e+001 
1.644030000000000e+002 4.931230000000000e+000 3.975150000000000e+001 
1.643970000000000e+002 4.933830000000000e+000 3.975150000000000e+001 
1.643920000000000e+002 4.934740000000000e+000 3.975150000000000e+001 
1.643890000000000e+002 4.933610000000000e+000 3.975150000000000e+001 
1.643880000000000e+002 4.933020000000000e+000 3.975150000000000e+001 
#  Number of Surfaces :
0
#  Number of Groups :
0
