# IGG GEOMETRY VERSION 5
#  Number of Points   :
0
#  Number of Curves   :
1
#Curve 297130464
Curve SISL curve_20
3 0 20 8 1 0
4 91 1 3
SISLCurve
91 4 1 3 0
0.000000000000000e+000
0.000000000000000e+000
0.000000000000000e+000
0.000000000000000e+000
1.300460000000000e-002
3.232840000000000e-002
6.017140000000000e-002
9.723980000000000e-002
1.439000000000000e-001
2.004960000000000e-001
2.672330000000000e-001
3.115840000000000e-001
6.075110000000000e-001
9.036280000000000e-001
1.200070000000000e+000
1.496760000000000e+000
1.793570000000000e+000
2.090720000000000e+000
2.388490000000000e+000
2.746470000000000e+000
3.104740000000000e+000
3.463110000000000e+000
3.821540000000000e+000
4.179940000000000e+000
4.538190000000000e+000
4.895840000000000e+000
5.252250000000000e+000
5.606910000000000e+000
5.959390000000000e+000
6.309230000000000e+000
6.656030000000000e+000
6.999570000000000e+000
7.339780000000000e+000
7.676930000000000e+000
8.011550000000000e+000
8.343790000000000e+000
8.673520000000000e+000
9.000750000000000e+000
9.325670000000001e+000
9.647869999999999e+000
9.966670000000001e+000
1.028200000000000e+001
1.059400000000000e+001
1.090230000000000e+001
1.115590000000000e+001
1.137400000000000e+001
1.139810000000000e+001
1.142610000000000e+001
1.145380000000000e+001
1.147810000000000e+001
1.169610000000000e+001
1.194890000000000e+001
1.225600000000000e+001
1.256700000000000e+001
1.288110000000000e+001
1.319850000000000e+001
1.351930000000000e+001
1.384310000000000e+001
1.416920000000000e+001
1.449760000000000e+001
1.482860000000000e+001
1.516200000000000e+001
1.549780000000000e+001
1.583630000000000e+001
1.617820000000000e+001
1.652340000000000e+001
1.687190000000000e+001
1.722320000000000e+001
1.757690000000000e+001
1.793260000000000e+001
1.828980000000000e+001
1.864790000000000e+001
1.900630000000000e+001
1.936470000000000e+001
1.972310000000000e+001
2.008140000000000e+001
2.043950000000000e+001
2.073750000000000e+001
2.103490000000000e+001
2.133170000000000e+001
2.162850000000000e+001
2.192500000000000e+001
2.222110000000000e+001
2.251710000000000e+001
2.276270000000000e+001
2.277600000000000e+001
2.278740000000000e+001
2.279680000000000e+001
2.280460000000000e+001
2.281080000000000e+001
2.281570000000000e+001
2.281980000000000e+001
2.281980000000000e+001
2.281980000000000e+001
2.281980000000000e+001
1.645330000000000e+002 5.149450000000000e+000 4.150000000000000e+001 
1.645300000000000e+002 5.147720000000000e+000 4.150000000000000e+001 
1.645240000000000e+002 5.136780000000000e+000 4.150000000000000e+001 
1.645230000000000e+002 5.117030000000000e+000 4.150000000000000e+001 
1.645270000000000e+002 5.088930000000000e+000 4.150000000000000e+001 
1.645380000000000e+002 5.053350000000000e+000 4.150000000000000e+001 
1.645560000000000e+002 5.010080000000000e+000 4.150000000000000e+001 
1.645810000000000e+002 4.959480000000000e+000 4.150000000000000e+001 
1.646090000000000e+002 4.910610000000000e+000 4.150000000000000e+001 
1.646740000000000e+002 4.792020000000000e+000 4.150000000000000e+001 
1.647770000000000e+002 4.606570000000000e+000 4.150000000000000e+001 
1.649210000000000e+002 4.347650000000000e+000 4.150000000000000e+001 
1.650650000000000e+002 4.088450000000000e+000 4.150000000000000e+001 
1.652090000000000e+002 3.829050000000000e+000 4.150000000000000e+001 
1.653530000000000e+002 3.569510000000000e+000 4.150000000000000e+001 
1.654970000000000e+002 3.309650000000000e+000 4.150000000000000e+001 
1.656510000000000e+002 3.031850000000000e+000 4.150000000000000e+001 
1.658150000000000e+002 2.736220000000000e+000 4.150000000000000e+001 
1.659890000000000e+002 2.423080000000000e+000 4.150000000000000e+001 
1.661640000000000e+002 2.110000000000000e+000 4.150000000000000e+001 
1.663380000000000e+002 1.797110000000000e+000 4.150000000000000e+001 
1.665140000000000e+002 1.484500000000000e+000 4.150000000000000e+001 
1.666890000000000e+002 1.172430000000000e+000 4.150000000000000e+001 
1.668650000000000e+002 8.614340000000000e-001 4.150000000000000e+001 
1.670420000000000e+002 5.521630000000000e-001 4.150000000000000e+001 
1.672200000000000e+002 2.452500000000000e-001 4.150000000000000e+001 
1.673980000000000e+002 -5.875720000000000e-002 4.150000000000000e+001 
1.675760000000000e+002 -3.593620000000000e-001 4.150000000000000e+001 
1.677560000000000e+002 -6.561320000000001e-001 4.150000000000000e+001 
1.679360000000000e+002 -9.487090000000000e-001 4.150000000000000e+001 
1.681170000000000e+002 -1.236920000000000e+000 4.150000000000000e+001 
1.682990000000000e+002 -1.520980000000000e+000 4.150000000000000e+001 
1.684820000000000e+002 -1.801190000000000e+000 4.150000000000000e+001 
1.686660000000000e+002 -2.077710000000000e+000 4.150000000000000e+001 
1.688510000000000e+002 -2.350520000000000e+000 4.150000000000000e+001 
1.690370000000000e+002 -2.619720000000000e+000 4.150000000000000e+001 
1.692240000000000e+002 -2.885350000000000e+000 4.150000000000000e+001 
1.694120000000000e+002 -3.146980000000000e+000 4.150000000000000e+001 
1.696000000000000e+002 -3.403960000000000e+000 4.150000000000000e+001 
1.697890000000000e+002 -3.656470000000000e+000 4.150000000000000e+001 
1.699790000000000e+002 -3.903770000000000e+000 4.150000000000000e+001 
1.701560000000000e+002 -4.135380000000000e+000 4.150000000000000e+001 
1.703270000000000e+002 -4.332630000000000e+000 4.150000000000000e+001 
1.704110000000000e+002 -4.474050000000000e+000 4.150000000000000e+001 
1.704860000000000e+002 -4.532340000000000e+000 4.150000000000000e+001 
1.705150000000000e+002 -4.525200000000000e+000 4.150000000000000e+001 
1.705310000000000e+002 -4.498810000000000e+000 4.150000000000000e+001 
1.704960000000000e+002 -4.410910000000000e+000 4.150000000000000e+001 
1.703850000000000e+002 -4.289470000000000e+000 4.150000000000000e+001 
1.702480000000000e+002 -4.068000000000000e+000 4.150000000000000e+001 
1.700850000000000e+002 -3.828310000000000e+000 4.150000000000000e+001 
1.699160000000000e+002 -3.567490000000000e+000 4.150000000000000e+001 
1.697450000000000e+002 -3.303870000000000e+000 4.150000000000000e+001 
1.695740000000000e+002 -3.036430000000000e+000 4.150000000000000e+001 
1.694030000000000e+002 -2.765540000000000e+000 4.150000000000000e+001 
1.692300000000000e+002 -2.491760000000000e+000 4.150000000000000e+001 
1.690570000000000e+002 -2.215640000000000e+000 4.150000000000000e+001 
1.688820000000000e+002 -1.937300000000000e+000 4.150000000000000e+001 
1.687070000000000e+002 -1.656680000000000e+000 4.150000000000000e+001 
1.685300000000000e+002 -1.373940000000000e+000 4.150000000000000e+001 
1.683520000000000e+002 -1.089030000000000e+000 4.150000000000000e+001 
1.681730000000000e+002 -8.013890000000000e-001 4.150000000000000e+001 
1.679940000000000e+002 -5.104790000000000e-001 4.150000000000000e+001 
1.678130000000000e+002 -2.160960000000000e-001 4.150000000000000e+001 
1.676330000000000e+002 8.168830000000001e-002 4.150000000000000e+001 
1.674510000000000e+002 3.824300000000000e-001 4.150000000000000e+001 
1.672690000000000e+002 6.855760000000000e-001 4.150000000000000e+001 
1.670870000000000e+002 9.907030000000000e-001 4.150000000000000e+001 
1.669040000000000e+002 1.297170000000000e+000 4.150000000000000e+001 
1.667200000000000e+002 1.604310000000000e+000 4.150000000000000e+001 
1.665360000000000e+002 1.911550000000000e+000 4.150000000000000e+001 
1.663510000000000e+002 2.218610000000000e+000 4.150000000000000e+001 
1.661660000000000e+002 2.525380000000000e+000 4.150000000000000e+001 
1.659800000000000e+002 2.831830000000000e+000 4.150000000000000e+001 
1.658040000000000e+002 3.120790000000000e+000 4.150000000000000e+001 
1.656390000000000e+002 3.392050000000000e+000 4.150000000000000e+001 
1.654830000000000e+002 3.645530000000000e+000 4.150000000000000e+001 
1.653280000000000e+002 3.898430000000000e+000 4.150000000000000e+001 
1.651720000000000e+002 4.150980000000000e+000 4.150000000000000e+001 
1.650160000000000e+002 4.403190000000000e+000 4.150000000000000e+001 
1.648600000000000e+002 4.655020000000000e+000 4.150000000000000e+001 
1.647130000000000e+002 4.892290000000000e+000 4.150000000000000e+001 
1.646150000000000e+002 5.049430000000000e+000 4.150000000000000e+001 
1.645680000000000e+002 5.125980000000000e+000 4.150000000000000e+001 
1.645610000000000e+002 5.135250000000000e+000 4.150000000000000e+001 
1.645550000000000e+002 5.142270000000000e+000 4.150000000000000e+001 
1.645480000000000e+002 5.147140000000000e+000 4.150000000000000e+001 
1.645430000000000e+002 5.149900000000000e+000 4.150000000000000e+001 
1.645380000000000e+002 5.150980000000000e+000 4.150000000000000e+001 
1.645350000000000e+002 5.149990000000000e+000 4.150000000000000e+001 
1.645330000000000e+002 5.149450000000000e+000 4.150000000000000e+001 
#  Number of Surfaces :
0
#  Number of Groups :
0
