# IGG GEOMETRY VERSION 5
#  Number of Points   :
0
#  Number of Curves   :
1
#Curve 297125056
Curve SISL curve_12
3 0 20 8 1 0
4 91 1 3
SISLCurve
91 4 1 3 0
0.000000000000000e+000
0.000000000000000e+000
0.000000000000000e+000
0.000000000000000e+000
1.371550000000000e-002
3.387690000000000e-002
6.278019999999999e-002
1.011790000000000e-001
1.494670000000000e-001
2.079730000000000e-001
2.769390000000000e-001
2.932350000000000e-001
5.692600000000000e-001
8.450880000000000e-001
1.120620000000000e+000
1.395850000000000e+000
1.670760000000000e+000
1.945370000000000e+000
2.219710000000000e+000
2.548810000000000e+000
2.878170000000000e+000
3.207300000000000e+000
3.535320000000000e+000
3.861030000000000e+000
4.183060000000000e+000
4.500510000000000e+000
4.812690000000000e+000
5.119250000000000e+000
5.419990000000000e+000
5.715100000000000e+000
6.004930000000000e+000
6.289970000000000e+000
6.570880000000000e+000
6.848200000000000e+000
7.122400000000000e+000
7.393960000000000e+000
7.663360000000000e+000
7.930990000000000e+000
8.197240000000001e+000
8.462400000000001e+000
8.726670000000000e+000
8.990180000000001e+000
9.253010000000000e+000
9.515210000000000e+000
9.733280000000001e+000
9.915800000000001e+000
9.941310000000000e+000
9.971120000000001e+000
1.000080000000000e+001
1.002640000000000e+001
1.020880000000000e+001
1.042650000000000e+001
1.068820000000000e+001
1.095030000000000e+001
1.121300000000000e+001
1.147610000000000e+001
1.173980000000000e+001
1.200420000000000e+001
1.226930000000000e+001
1.253550000000000e+001
1.280300000000000e+001
1.307220000000000e+001
1.334370000000000e+001
1.361790000000000e+001
1.389550000000000e+001
1.417710000000000e+001
1.446360000000000e+001
1.475560000000000e+001
1.505390000000000e+001
1.535860000000000e+001
1.566970000000000e+001
1.598660000000000e+001
1.630870000000000e+001
1.663460000000000e+001
1.696280000000000e+001
1.729210000000000e+001
1.762130000000000e+001
1.789560000000000e+001
1.817000000000000e+001
1.844480000000000e+001
1.871980000000000e+001
1.899520000000000e+001
1.927090000000000e+001
1.954690000000000e+001
1.977100000000000e+001
1.978480000000000e+001
1.979660000000000e+001
1.980640000000000e+001
1.981440000000000e+001
1.982090000000000e+001
1.982600000000000e+001
1.983030000000000e+001
1.983030000000000e+001
1.983030000000000e+001
1.983030000000000e+001
1.638540000000000e+002 3.707280000000000e+000 3.116300000000000e+001 
1.638500000000000e+002 3.704690000000000e+000 3.116300000000000e+001 
1.638460000000000e+002 3.692280000000000e+000 3.116300000000000e+001 
1.638490000000000e+002 3.671850000000000e+000 3.116300000000000e+001 
1.638590000000000e+002 3.644040000000000e+000 3.116300000000000e+001 
1.638770000000000e+002 3.609970000000000e+000 3.116300000000000e+001 
1.639040000000000e+002 3.569510000000000e+000 3.116300000000000e+001 
1.639400000000000e+002 3.523030000000000e+000 3.116300000000000e+001 
1.639700000000000e+002 3.486200000000000e+000 3.116300000000000e+001 
1.640470000000000e+002 3.393600000000000e+000 3.116300000000000e+001 
1.641690000000000e+002 3.248080000000000e+000 3.116300000000000e+001 
1.643450000000000e+002 3.036290000000000e+000 3.116300000000000e+001 
1.645220000000000e+002 2.824990000000000e+000 3.116300000000000e+001 
1.646990000000000e+002 2.614220000000000e+000 3.116300000000000e+001 
1.648760000000000e+002 2.404010000000000e+000 3.116300000000000e+001 
1.650540000000000e+002 2.194390000000000e+000 3.116300000000000e+001 
1.652430000000000e+002 1.971360000000000e+000 3.116300000000000e+001 
1.654450000000000e+002 1.734720000000000e+000 3.116300000000000e+001 
1.656590000000000e+002 1.484370000000000e+000 3.116300000000000e+001 
1.658730000000000e+002 1.235110000000000e+000 3.116300000000000e+001 
1.660880000000000e+002 9.882170000000000e-001 3.116300000000000e+001 
1.663050000000000e+002 7.454940000000000e-001 3.116300000000000e+001 
1.665230000000000e+002 5.087590000000000e-001 3.116300000000000e+001 
1.667420000000000e+002 2.793510000000000e-001 3.116300000000000e+001 
1.669620000000000e+002 5.842370000000000e-002 3.116300000000000e+001 
1.671840000000000e+002 -1.533620000000000e-001 3.116300000000000e+001 
1.674070000000000e+002 -3.555480000000000e-001 3.116300000000000e+001 
1.676300000000000e+002 -5.484340000000000e-001 3.116300000000000e+001 
1.678540000000000e+002 -7.324980000000000e-001 3.116300000000000e+001 
1.680790000000000e+002 -9.081190000000000e-001 3.116300000000000e+001 
1.683050000000000e+002 -1.075780000000000e+000 3.116300000000000e+001 
1.685310000000000e+002 -1.236100000000000e+000 3.116300000000000e+001 
1.687590000000000e+002 -1.389740000000000e+000 3.116300000000000e+001 
1.689870000000000e+002 -1.537510000000000e+000 3.116300000000000e+001 
1.692150000000000e+002 -1.680210000000000e+000 3.116300000000000e+001 
1.694450000000000e+002 -1.818550000000000e+000 3.116300000000000e+001 
1.696750000000000e+002 -1.953190000000000e+000 3.116300000000000e+001 
1.699050000000000e+002 -2.084670000000000e+000 3.116300000000000e+001 
1.701360000000000e+002 -2.213380000000000e+000 3.116300000000000e+001 
1.703670000000000e+002 -2.339920000000000e+000 3.116300000000000e+001 
1.705990000000000e+002 -2.463550000000000e+000 3.116300000000000e+001 
1.708160000000000e+002 -2.581750000000000e+000 3.116300000000000e+001 
1.710170000000000e+002 -2.676860000000000e+000 3.116300000000000e+001 
1.711330000000000e+002 -2.758170000000000e+000 3.116300000000000e+001 
1.712130000000000e+002 -2.779060000000000e+000 3.116300000000000e+001 
1.712390000000000e+002 -2.760140000000000e+000 3.116300000000000e+001 
1.712440000000000e+002 -2.728180000000000e+000 3.116300000000000e+001 
1.711890000000000e+002 -2.666030000000000e+000 3.116300000000000e+001 
1.710650000000000e+002 -2.599320000000000e+000 3.116300000000000e+001 
1.708900000000000e+002 -2.462690000000000e+000 3.116300000000000e+001 
1.706890000000000e+002 -2.320080000000000e+000 3.116300000000000e+001 
1.704770000000000e+002 -2.165320000000000e+000 3.116300000000000e+001 
1.702640000000000e+002 -2.011140000000000e+000 3.116300000000000e+001 
1.700520000000000e+002 -1.856410000000000e+000 3.116300000000000e+001 
1.698380000000000e+002 -1.701520000000000e+000 3.116300000000000e+001 
1.696240000000000e+002 -1.546250000000000e+000 3.116300000000000e+001 
1.694090000000000e+002 -1.390470000000000e+000 3.116300000000000e+001 
1.691940000000000e+002 -1.233770000000000e+000 3.116300000000000e+001 
1.689780000000000e+002 -1.075690000000000e+000 3.116300000000000e+001 
1.687610000000000e+002 -9.156450000000000e-001 3.116300000000000e+001 
1.685440000000000e+002 -7.530180000000000e-001 3.116300000000000e+001 
1.683250000000000e+002 -5.868860000000000e-001 3.116300000000000e+001 
1.681060000000000e+002 -4.163730000000000e-001 3.116300000000000e+001 
1.678860000000000e+002 -2.401150000000000e-001 3.116300000000000e+001 
1.676660000000000e+002 -5.677220000000000e-002 3.116300000000000e+001 
1.674450000000000e+002 1.343090000000000e-001 3.116300000000000e+001 
1.672230000000000e+002 3.336740000000000e-001 3.116300000000000e+001 
1.670000000000000e+002 5.412900000000001e-001 3.116300000000000e+001 
1.667760000000000e+002 7.569050000000001e-001 3.116300000000000e+001 
1.665500000000000e+002 9.796230000000000e-001 3.116300000000000e+001 
1.663240000000000e+002 1.208290000000000e+000 3.116300000000000e+001 
1.660970000000000e+002 1.441120000000000e+000 3.116300000000000e+001 
1.658680000000000e+002 1.676190000000000e+000 3.116300000000000e+001 
1.656390000000000e+002 1.911980000000000e+000 3.116300000000000e+001 
1.654220000000000e+002 2.134210000000000e+000 3.116300000000000e+001 
1.652170000000000e+002 2.343040000000000e+000 3.116300000000000e+001 
1.650240000000000e+002 2.538840000000000e+000 3.116300000000000e+001 
1.648320000000000e+002 2.734790000000000e+000 3.116300000000000e+001 
1.646390000000000e+002 2.931020000000000e+000 3.116300000000000e+001 
1.644460000000000e+002 3.127560000000000e+000 3.116300000000000e+001 
1.642530000000000e+002 3.324420000000000e+000 3.116300000000000e+001 
1.640720000000000e+002 3.509200000000000e+000 3.116300000000000e+001 
1.639520000000000e+002 3.631570000000000e+000 3.116300000000000e+001 
1.638940000000000e+002 3.691100000000000e+000 3.116300000000000e+001 
1.638850000000000e+002 3.698970000000000e+000 3.116300000000000e+001 
1.638770000000000e+002 3.704630000000000e+000 3.116300000000000e+001 
1.638700000000000e+002 3.708210000000000e+000 3.116300000000000e+001 
1.638630000000000e+002 3.709770000000000e+000 3.116300000000000e+001 
1.638580000000000e+002 3.709730000000000e+000 3.116300000000000e+001 
1.638550000000000e+002 3.708080000000000e+000 3.116300000000000e+001 
1.638540000000000e+002 3.707280000000000e+000 3.116300000000000e+001 
#  Number of Surfaces :
0
#  Number of Groups :
0
