# IGG GEOMETRY VERSION 5
#  Number of Points   :
0
#  Number of Curves   :
1
#Curve 293078336
Curve SISL curve_3
3 0 20 8 1 0
4 91 1 3
SISLCurve
91 4 1 3 0
0.000000000000000e+000
0.000000000000000e+000
0.000000000000000e+000
0.000000000000000e+000
8.260020000000000e-003
1.652950000000000e-002
2.820390000000000e-002
3.986970000000000e-002
5.629120000000000e-002
7.271270000000001e-002
1.159680000000000e-001
1.701510000000000e-001
2.356720000000000e-001
3.128560000000000e-001
5.128450000000000e-001
7.535920000000000e-001
9.912840000000001e-001
1.226060000000000e+000
1.458000000000000e+000
1.687230000000000e+000
1.913890000000000e+000
2.182670000000000e+000
2.448120000000000e+000
2.710450000000000e+000
2.969840000000000e+000
3.226450000000000e+000
3.480720000000000e+000
3.733020000000000e+000
4.231440000000000e+000
4.477850000000000e+000
4.722770000000000e+000
5.208600000000000e+000
5.449710000000000e+000
5.689600000000000e+000
5.928200000000000e+000
6.165470000000000e+000
6.401510000000000e+000
6.636390000000000e+000
6.870350000000000e+000
7.103620000000000e+000
7.336180000000000e+000
7.568090000000000e+000
7.799920000000000e+000
8.032200000000000e+000
8.225260000000001e+000
8.371510000000001e+000
8.404150000000000e+000
8.443750000000000e+000
8.481970000000001e+000
8.515980000000001e+000
8.661390000000001e+000
8.850660000000000e+000
9.076140000000001e+000
9.301620000000000e+000
9.527060000000001e+000
9.752179999999999e+000
9.977259999999999e+000
1.020260000000000e+001
1.042810000000000e+001
1.065400000000000e+001
1.088030000000000e+001
1.110740000000000e+001
1.133550000000000e+001
1.156500000000000e+001
1.202860000000000e+001
1.226300000000000e+001
1.249910000000000e+001
1.297680000000000e+001
1.321900000000000e+001
1.346380000000000e+001
1.371110000000000e+001
1.396120000000000e+001
1.421450000000000e+001
1.447150000000000e+001
1.473250000000000e+001
1.495330000000000e+001
1.517730000000000e+001
1.540450000000000e+001
1.563510000000000e+001
1.586930000000000e+001
1.610710000000000e+001
1.634870000000000e+001
1.652650000000000e+001
1.654720000000000e+001
1.656430000000000e+001
1.657820000000000e+001
1.658370000000000e+001
1.658930000000000e+001
1.659360000000000e+001
1.659800000000000e+001
1.660050000000000e+001
1.660530000000000e+001
1.660530000000000e+001
1.660530000000000e+001
1.660530000000000e+001
1.637470000000000e+002 1.962150000000000e+000 2.012070000000000e+001 
1.637450000000000e+002 1.960450000000000e+000 2.012070000000000e+001 
1.637450000000000e+002 1.953890000000000e+000 2.012070000000000e+001 
1.637400000000000e+002 1.945670000000000e+000 2.012070000000000e+001 
1.637440000000000e+002 1.934980000000000e+000 2.012070000000000e+001 
1.637440000000000e+002 1.921710000000000e+000 2.012070000000000e+001 
1.637530000000000e+002 1.908730000000000e+000 2.012070000000000e+001 
1.637620000000000e+002 1.885170000000000e+000 2.012070000000000e+001 
1.637850000000000e+002 1.854500000000000e+000 2.012070000000000e+001 
1.638200000000000e+002 1.812960000000000e+000 2.012070000000000e+001 
1.638670000000000e+002 1.766780000000000e+000 2.012070000000000e+001 
1.639510000000000e+002 1.690000000000000e+000 2.012070000000000e+001 
1.640800000000000e+002 1.575380000000000e+000 2.012070000000000e+001 
1.642520000000000e+002 1.428090000000000e+000 2.012070000000000e+001 
1.644350000000000e+002 1.276610000000000e+000 2.012070000000000e+001 
1.646190000000000e+002 1.130480000000000e+000 2.012070000000000e+001 
1.648030000000000e+002 9.897540000000000e-001 2.012070000000000e+001 
1.649890000000000e+002 8.543570000000000e-001 2.012070000000000e+001 
1.651860000000000e+002 7.157270000000000e-001 2.012070000000000e+001 
1.653970000000000e+002 5.749020000000000e-001 2.012070000000000e+001 
1.656220000000000e+002 4.331530000000000e-001 2.012070000000000e+001 
1.658470000000000e+002 2.988090000000000e-001 2.012070000000000e+001 
1.660740000000000e+002 1.717850000000000e-001 2.012070000000000e+001 
1.663010000000000e+002 5.179310000000000e-002 2.012070000000000e+001 
1.665280000000000e+002 -6.152780000000000e-002 2.012070000000000e+001 
1.668320000000000e+002 -2.027900000000000e-001 2.012070000000000e+001 
1.671390000000000e+002 -3.302910000000000e-001 2.012070000000000e+001 
1.674500000000000e+002 -4.425350000000000e-001 2.012070000000000e+001 
1.677590000000000e+002 -5.435790000000000e-001 2.012070000000000e+001 
1.680720000000000e+002 -6.288480000000000e-001 2.012070000000000e+001 
1.683870000000000e+002 -6.984600000000000e-001 2.012070000000000e+001 
1.686230000000000e+002 -7.427210000000000e-001 2.012070000000000e+001 
1.688580000000000e+002 -7.791270000000000e-001 2.012070000000000e+001 
1.690940000000000e+002 -8.079320000000000e-001 2.012070000000000e+001 
1.693290000000000e+002 -8.294280000000001e-001 2.012070000000000e+001 
1.695640000000000e+002 -8.439550000000000e-001 2.012070000000000e+001 
1.697980000000000e+002 -8.518980000000000e-001 2.012070000000000e+001 
1.700310000000000e+002 -8.532090000000000e-001 2.012070000000000e+001 
1.702640000000000e+002 -8.477040000000000e-001 2.012070000000000e+001 
1.704950000000000e+002 -8.357600000000000e-001 2.012070000000000e+001 
1.707270000000000e+002 -8.165050000000000e-001 2.012070000000000e+001 
1.709440000000000e+002 -7.931760000000000e-001 2.012070000000000e+001 
1.711320000000000e+002 -7.554290000000000e-001 2.012070000000000e+001 
1.712550000000000e+002 -7.479050000000000e-001 2.012070000000000e+001 
1.713250000000000e+002 -7.179630000000000e-001 2.012070000000000e+001 
1.713380000000000e+002 -6.779030000000000e-001 2.012070000000000e+001 
1.713190000000000e+002 -6.403870000000000e-001 2.012070000000000e+001 
1.712450000000000e+002 -6.227740000000001e-001 2.012070000000000e+001 
1.711230000000000e+002 -6.375640000000000e-001 2.012070000000000e+001 
1.709360000000000e+002 -6.280790000000001e-001 2.012070000000000e+001 
1.707230000000000e+002 -6.200410000000000e-001 2.012070000000000e+001 
1.704980000000000e+002 -6.016440000000000e-001 2.012070000000000e+001 
1.702740000000000e+002 -5.789220000000001e-001 2.012070000000000e+001 
1.700500000000000e+002 -5.506950000000001e-001 2.012070000000000e+001 
1.698270000000000e+002 -5.172920000000000e-001 2.012070000000000e+001 
1.696050000000000e+002 -4.789830000000000e-001 2.012070000000000e+001 
1.693840000000000e+002 -4.360240000000000e-001 2.012070000000000e+001 
1.691630000000000e+002 -3.885260000000000e-001 2.012070000000000e+001 
1.689430000000000e+002 -3.366370000000000e-001 2.012070000000000e+001 
1.687220000000000e+002 -2.805160000000000e-001 2.012070000000000e+001 
1.685020000000000e+002 -2.203170000000000e-001 2.012070000000000e+001 
1.682070000000000e+002 -1.349060000000000e-001 2.012070000000000e+001 
1.679120000000000e+002 -4.311260000000000e-002 2.012070000000000e+001 
1.676160000000000e+002 5.258410000000000e-002 2.012070000000000e+001 
1.673160000000000e+002 1.520650000000000e-001 2.012070000000000e+001 
1.670150000000000e+002 2.561730000000000e-001 2.012070000000000e+001 
1.667130000000000e+002 3.679350000000000e-001 2.012070000000000e+001 
1.664850000000000e+002 4.566050000000000e-001 2.012070000000000e+001 
1.662560000000000e+002 5.500440000000000e-001 2.012070000000000e+001 
1.660260000000000e+002 6.489550000000000e-001 2.012070000000000e+001 
1.657950000000000e+002 7.541080000000000e-001 2.012070000000000e+001 
1.655640000000000e+002 8.659850000000000e-001 2.012070000000000e+001 
1.653450000000000e+002 9.783430000000000e-001 2.012070000000000e+001 
1.651380000000000e+002 1.090180000000000e+000 2.012070000000000e+001 
1.649430000000000e+002 1.200570000000000e+000 2.012070000000000e+001 
1.647470000000000e+002 1.316440000000000e+000 2.012070000000000e+001 
1.645510000000000e+002 1.437940000000000e+000 2.012070000000000e+001 
1.643540000000000e+002 1.565170000000000e+000 2.012070000000000e+001 
1.641570000000000e+002 1.698110000000000e+000 2.012070000000000e+001 
1.639780000000000e+002 1.824140000000000e+000 2.012070000000000e+001 
1.638590000000000e+002 1.909740000000000e+000 2.012070000000000e+001 
1.638010000000000e+002 1.952610000000000e+000 2.012070000000000e+001 
1.637860000000000e+002 1.961180000000000e+000 2.012070000000000e+001 
1.637750000000000e+002 1.966370000000000e+000 2.012070000000000e+001 
1.637670000000000e+002 1.966830000000000e+000 2.012070000000000e+001 
1.637610000000000e+002 1.968330000000000e+000 2.012070000000000e+001 
1.637570000000000e+002 1.966620000000000e+000 2.012070000000000e+001 
1.637520000000000e+002 1.967290000000000e+000 2.012070000000000e+001 
1.637510000000000e+002 1.963050000000000e+000 2.012070000000000e+001 
1.637480000000000e+002 1.963140000000000e+000 2.012070000000000e+001 
1.637470000000000e+002 1.962150000000000e+000 2.012070000000000e+001 
#  Number of Surfaces :
0
#  Number of Groups :
0
