# IGG GEOMETRY VERSION 5
#  Number of Points   :
0
#  Number of Curves   :
1
#Curve 293082080
Curve SISL curve_2
3 0 20 8 1 0
4 91 1 3
SISLCurve
91 4 1 3 0
0.000000000000000e+000
0.000000000000000e+000
0.000000000000000e+000
0.000000000000000e+000
8.427600000000000e-003
1.264300000000000e-002
1.686470000000000e-002
2.868510000000000e-002
4.050550000000000e-002
7.360620000000000e-002
1.171020000000000e-001
1.715490000000000e-001
2.373760000000000e-001
3.149290000000000e-001
5.076330000000000e-001
7.451920000000000e-001
9.794580000000001e-001
1.210520000000000e+000
1.438580000000000e+000
1.886390000000000e+000
2.150230000000000e+000
2.410760000000000e+000
2.668210000000000e+000
2.922880000000000e+000
3.175020000000000e+000
3.672590000000000e+000
3.918430000000000e+000
4.162460000000000e+000
4.405080000000000e+000
4.646820000000000e+000
4.887560000000000e+000
5.127200000000000e+000
5.365650000000000e+000
5.602820000000000e+000
5.838900000000000e+000
6.074080000000000e+000
6.308530000000000e+000
6.542440000000000e+000
6.776180000000000e+000
7.010170000000000e+000
7.244230000000000e+000
7.478140000000000e+000
7.713250000000000e+000
7.951190000000000e+000
8.149600000000000e+000
8.297760000000000e+000
8.332390000000000e+000
8.373760000000001e+000
8.419409999999999e+000
8.460649999999999e+000
8.598870000000000e+000
8.792090000000000e+000
9.018810000000000e+000
9.244380000000000e+000
9.468940000000000e+000
9.691720000000000e+000
9.913449999999999e+000
1.013490000000000e+001
1.035600000000000e+001
1.057680000000000e+001
1.079760000000000e+001
1.101860000000000e+001
1.124010000000000e+001
1.146210000000000e+001
1.168540000000000e+001
1.191040000000000e+001
1.213730000000000e+001
1.236660000000000e+001
1.259790000000000e+001
1.283110000000000e+001
1.330440000000000e+001
1.354500000000000e+001
1.378860000000000e+001
1.403550000000000e+001
1.428610000000000e+001
1.454080000000000e+001
1.497560000000000e+001
1.519820000000000e+001
1.542440000000000e+001
1.565460000000000e+001
1.588880000000000e+001
1.612700000000000e+001
1.629760000000000e+001
1.631950000000000e+001
1.633760000000000e+001
1.635240000000000e+001
1.636430000000000e+001
1.636900000000000e+001
1.637380000000000e+001
1.637570000000000e+001
1.637770000000000e+001
1.638170000000000e+001
1.638170000000000e+001
1.638170000000000e+001
1.638170000000000e+001
1.637500000000000e+002 1.774640000000000e+000 1.889380000000000e+001 
1.637480000000000e+002 1.772670000000000e+000 1.889380000000000e+001 
1.637480000000000e+002 1.767840000000000e+000 1.889380000000000e+001 
1.637460000000000e+002 1.762690000000000e+000 1.889380000000000e+001 
1.637430000000000e+002 1.756290000000000e+000 1.889380000000000e+001 
1.637470000000000e+002 1.747010000000000e+000 1.889380000000000e+001 
1.637480000000000e+002 1.728220000000000e+000 1.889380000000000e+001 
1.637640000000000e+002 1.701910000000000e+000 1.889380000000000e+001 
1.637880000000000e+002 1.665830000000000e+000 1.889380000000000e+001 
1.638240000000000e+002 1.624780000000000e+000 1.889380000000000e+001 
1.638720000000000e+002 1.578820000000000e+000 1.889380000000000e+001 
1.639560000000000e+002 1.504740000000000e+000 1.889380000000000e+001 
1.640840000000000e+002 1.393960000000000e+000 1.889380000000000e+001 
1.642540000000000e+002 1.251860000000000e+000 1.889380000000000e+001 
1.644370000000000e+002 1.105350000000000e+000 1.889380000000000e+001 
1.646200000000000e+002 9.646320000000000e-001 1.889380000000000e+001 
1.648640000000000e+002 7.856120000000000e-001 1.889380000000000e+001 
1.651220000000000e+002 6.082050000000000e-001 1.889380000000000e+001 
1.653950000000000e+002 4.344180000000000e-001 1.889380000000000e+001 
1.656190000000000e+002 3.006910000000000e-001 1.889380000000000e+001 
1.658440000000000e+002 1.746940000000000e-001 1.889380000000000e+001 
1.660690000000000e+002 5.631460000000000e-002 1.889380000000000e+001 
1.663700000000000e+002 -9.070540000000001e-002 1.889380000000000e+001 
1.666750000000000e+002 -2.234190000000000e-001 1.889380000000000e+001 
1.669820000000000e+002 -3.400600000000000e-001 1.889380000000000e+001 
1.672140000000000e+002 -4.186070000000000e-001 1.889380000000000e+001 
1.674460000000000e+002 -4.881520000000000e-001 1.889380000000000e+001 
1.676800000000000e+002 -5.485760000000000e-001 1.889380000000000e+001 
1.679160000000000e+002 -5.997600000000000e-001 1.889380000000000e+001 
1.681520000000000e+002 -6.416020000000000e-001 1.889380000000000e+001 
1.683880000000000e+002 -6.741160000000001e-001 1.889380000000000e+001 
1.686240000000000e+002 -6.974550000000001e-001 1.889380000000000e+001 
1.688600000000000e+002 -7.119190000000000e-001 1.889380000000000e+001 
1.690950000000000e+002 -7.178710000000000e-001 1.889380000000000e+001 
1.693300000000000e+002 -7.157590000000000e-001 1.889380000000000e+001 
1.695640000000000e+002 -7.054700000000000e-001 1.889380000000000e+001 
1.697970000000000e+002 -6.869290000000000e-001 1.889380000000000e+001 
1.700290000000000e+002 -6.596970000000000e-001 1.889380000000000e+001 
1.702600000000000e+002 -6.231580000000000e-001 1.889380000000000e+001 
1.704900000000000e+002 -5.777280000000000e-001 1.889380000000000e+001 
1.707190000000000e+002 -5.228050000000000e-001 1.889380000000000e+001 
1.709350000000000e+002 -4.619360000000000e-001 1.889380000000000e+001 
1.711160000000000e+002 -3.872260000000000e-001 1.889380000000000e+001 
1.712380000000000e+002 -3.556710000000000e-001 1.889380000000000e+001 
1.713040000000000e+002 -3.127140000000000e-001 1.889380000000000e+001 
1.713110000000000e+002 -2.675430000000000e-001 1.889380000000000e+001 
1.712800000000000e+002 -2.277990000000000e-001 1.889380000000000e+001 
1.712010000000000e+002 -2.337690000000000e-001 1.889380000000000e+001 
1.710810000000000e+002 -2.524290000000000e-001 1.889380000000000e+001 
1.708950000000000e+002 -2.751930000000000e-001 1.889380000000000e+001 
1.706810000000000e+002 -2.926830000000000e-001 1.889380000000000e+001 
1.704550000000000e+002 -3.024810000000000e-001 1.889380000000000e+001 
1.702310000000000e+002 -3.071270000000000e-001 1.889380000000000e+001 
1.700080000000000e+002 -3.055780000000000e-001 1.889380000000000e+001 
1.697860000000000e+002 -2.976220000000000e-001 1.889380000000000e+001 
1.695650000000000e+002 -2.839510000000000e-001 1.889380000000000e+001 
1.693450000000000e+002 -2.651800000000000e-001 1.889380000000000e+001 
1.691250000000000e+002 -2.411320000000000e-001 1.889380000000000e+001 
1.689060000000000e+002 -2.118030000000000e-001 1.889380000000000e+001 
1.686880000000000e+002 -1.775100000000000e-001 1.889380000000000e+001 
1.684700000000000e+002 -1.385090000000000e-001 1.889380000000000e+001 
1.682520000000000e+002 -9.480429999999999e-002 1.889380000000000e+001 
1.680340000000000e+002 -4.642730000000000e-002 1.889380000000000e+001 
1.678150000000000e+002 6.161570000000000e-003 1.889380000000000e+001 
1.675950000000000e+002 6.254930000000000e-002 1.889380000000000e+001 
1.673740000000000e+002 1.218430000000000e-001 1.889380000000000e+001 
1.671510000000000e+002 1.833460000000000e-001 1.889380000000000e+001 
1.668500000000000e+002 2.698890000000000e-001 1.889380000000000e+001 
1.665490000000000e+002 3.639480000000000e-001 1.889380000000000e+001 
1.662470000000000e+002 4.680170000000000e-001 1.889380000000000e+001 
1.660180000000000e+002 5.525470000000000e-001 1.889380000000000e+001 
1.657890000000000e+002 6.438440000000000e-001 1.889380000000000e+001 
1.655580000000000e+002 7.426030000000000e-001 1.889380000000000e+001 
1.652740000000000e+002 8.740370000000000e-001 1.889380000000000e+001 
1.650030000000000e+002 1.012100000000000e+000 1.889380000000000e+001 
1.647450000000000e+002 1.155290000000000e+000 1.889380000000000e+001 
1.645500000000000e+002 1.270130000000000e+000 1.889380000000000e+001 
1.643550000000000e+002 1.391650000000000e+000 1.889380000000000e+001 
1.641590000000000e+002 1.519880000000000e+000 1.889380000000000e+001 
1.639820000000000e+002 1.641100000000000e+000 1.889380000000000e+001 
1.638650000000000e+002 1.724570000000000e+000 1.889380000000000e+001 
1.638080000000000e+002 1.765720000000000e+000 1.889380000000000e+001 
1.637930000000000e+002 1.775120000000000e+000 1.889380000000000e+001 
1.637780000000000e+002 1.779960000000000e+000 1.889380000000000e+001 
1.637680000000000e+002 1.782150000000000e+000 1.889380000000000e+001 
1.637610000000000e+002 1.779990000000000e+000 1.889380000000000e+001 
1.637570000000000e+002 1.780020000000000e+000 1.889380000000000e+001 
1.637550000000000e+002 1.778090000000000e+000 1.889380000000000e+001 
1.637530000000000e+002 1.776560000000000e+000 1.889380000000000e+001 
1.637510000000000e+002 1.775560000000000e+000 1.889380000000000e+001 
1.637500000000000e+002 1.774640000000000e+000 1.889380000000000e+001 
#  Number of Surfaces :
0
#  Number of Groups :
0
