# IGG GEOMETRY VERSION 5
#  Number of Points   :
0
#  Number of Curves   :
1
#Curve 293076672
Curve SISL curve_10
3 0 20 8 1 0
4 91 1 3
SISLCurve
91 4 1 3 0
0.000000000000000e+000
0.000000000000000e+000
0.000000000000000e+000
0.000000000000000e+000
1.378880000000000e-002
3.399800000000000e-002
6.290690000000000e-002
1.013000000000000e-001
1.495510000000000e-001
2.080040000000000e-001
2.768980000000000e-001
2.882270000000000e-001
5.586690000000000e-001
8.284300000000000e-001
1.097740000000000e+000
1.366580000000000e+000
1.634870000000000e+000
1.902540000000000e+000
2.169590000000000e+000
2.489250000000000e+000
2.808170000000000e+000
3.125550000000000e+000
3.440250000000000e+000
3.751130000000000e+000
4.056900000000000e+000
4.357050000000000e+000
4.651340000000000e+000
4.939960000000000e+000
5.223410000000000e+000
5.502170000000000e+000
5.776680000000000e+000
6.047420000000000e+000
6.314910000000000e+000
6.579690000000000e+000
6.842450000000000e+000
7.103650000000000e+000
7.363680000000000e+000
7.622810000000000e+000
7.881350000000000e+000
8.139410000000000e+000
8.396870000000000e+000
8.653710000000000e+000
8.910040000000000e+000
9.165839999999999e+000
9.378550000000001e+000
9.555770000000001e+000
9.581220000000000e+000
9.611030000000000e+000
9.640620000000000e+000
9.666250000000000e+000
9.843280000000000e+000
1.005560000000000e+001
1.031080000000000e+001
1.056640000000000e+001
1.082240000000000e+001
1.107880000000000e+001
1.133560000000000e+001
1.159300000000000e+001
1.185070000000000e+001
1.210870000000000e+001
1.236730000000000e+001
1.262660000000000e+001
1.288680000000000e+001
1.314840000000000e+001
1.341190000000000e+001
1.367820000000000e+001
1.394800000000000e+001
1.422190000000000e+001
1.450080000000000e+001
1.478530000000000e+001
1.507620000000000e+001
1.537380000000000e+001
1.567800000000000e+001
1.598820000000000e+001
1.630270000000000e+001
1.662020000000000e+001
1.693920000000000e+001
1.720570000000000e+001
1.747290000000000e+001
1.774070000000000e+001
1.800920000000000e+001
1.827820000000000e+001
1.854780000000000e+001
1.881790000000000e+001
1.903690000000000e+001
1.905070000000000e+001
1.906240000000000e+001
1.907220000000000e+001
1.908030000000000e+001
1.908670000000000e+001
1.909190000000000e+001
1.909610000000000e+001
1.909610000000000e+001
1.909610000000000e+001
1.909610000000000e+001
1.638200000000000e+002 3.343850000000000e+000 2.870920000000000e+001 
1.638160000000000e+002 3.341130000000000e+000 2.870920000000000e+001 
1.638130000000000e+002 3.328590000000000e+000 2.870920000000000e+001 
1.638160000000000e+002 3.308200000000000e+000 2.870920000000000e+001 
1.638270000000000e+002 3.280660000000000e+000 2.870920000000000e+001 
1.638460000000000e+002 3.247120000000000e+000 2.870920000000000e+001 
1.638740000000000e+002 3.207450000000000e+000 2.870920000000000e+001 
1.639110000000000e+002 3.162030000000000e+000 2.870920000000000e+001 
1.639410000000000e+002 3.127340000000000e+000 2.870920000000000e+001 
1.640180000000000e+002 3.039640000000000e+000 2.870920000000000e+001 
1.641400000000000e+002 2.901820000000000e+000 2.870920000000000e+001 
1.643190000000000e+002 2.700090000000000e+000 2.870920000000000e+001 
1.644980000000000e+002 2.499080000000000e+000 2.870920000000000e+001 
1.646780000000000e+002 2.298940000000000e+000 2.870920000000000e+001 
1.648580000000000e+002 2.099740000000000e+000 2.870920000000000e+001 
1.650380000000000e+002 1.901630000000000e+000 2.870920000000000e+001 
1.652300000000000e+002 1.691540000000000e+000 2.870920000000000e+001 
1.654350000000000e+002 1.469680000000000e+000 2.870920000000000e+001 
1.656520000000000e+002 1.236530000000000e+000 2.870920000000000e+001 
1.658700000000000e+002 1.006580000000000e+000 2.870920000000000e+001 
1.660900000000000e+002 7.815640000000000e-001 2.870920000000000e+001 
1.663100000000000e+002 5.634320000000000e-001 2.870920000000000e+001 
1.665330000000000e+002 3.540450000000000e-001 2.870920000000000e+001 
1.667570000000000e+002 1.542710000000000e-001 2.870920000000000e+001 
1.669820000000000e+002 -3.527980000000000e-002 2.870920000000000e+001 
1.672080000000000e+002 -2.149110000000000e-001 2.870920000000000e+001 
1.674350000000000e+002 -3.850570000000000e-001 2.870920000000000e+001 
1.676630000000000e+002 -5.464450000000000e-001 2.870920000000000e+001 
1.678910000000000e+002 -6.998340000000000e-001 2.870920000000000e+001 
1.681190000000000e+002 -8.456140000000000e-001 2.870920000000000e+001 
1.683480000000000e+002 -9.843130000000000e-001 2.870920000000000e+001 
1.685780000000000e+002 -1.116900000000000e+000 2.870920000000000e+001 
1.688080000000000e+002 -1.244420000000000e+000 2.870920000000000e+001 
1.690380000000000e+002 -1.367640000000000e+000 2.870920000000000e+001 
1.692690000000000e+002 -1.487210000000000e+000 2.870920000000000e+001 
1.695010000000000e+002 -1.603740000000000e+000 2.870920000000000e+001 
1.697330000000000e+002 -1.717720000000000e+000 2.870920000000000e+001 
1.699650000000000e+002 -1.829250000000000e+000 2.870920000000000e+001 
1.701990000000000e+002 -1.938280000000000e+000 2.870920000000000e+001 
1.704320000000000e+002 -2.045420000000000e+000 2.870920000000000e+001 
1.706660000000000e+002 -2.149850000000000e+000 2.870920000000000e+001 
1.708860000000000e+002 -2.249970000000000e+000 2.870920000000000e+001 
1.710870000000000e+002 -2.328610000000000e+000 2.870920000000000e+001 
1.712060000000000e+002 -2.399450000000000e+000 2.870920000000000e+001 
1.712850000000000e+002 -2.414280000000000e+000 2.870920000000000e+001 
1.713100000000000e+002 -2.393560000000000e+000 2.870920000000000e+001 
1.713130000000000e+002 -2.361400000000000e+000 2.870920000000000e+001 
1.712550000000000e+002 -2.304370000000000e+000 2.870920000000000e+001 
1.711300000000000e+002 -2.247500000000000e+000 2.870920000000000e+001 
1.709510000000000e+002 -2.126040000000000e+000 2.870920000000000e+001 
1.707460000000000e+002 -2.000130000000000e+000 2.870920000000000e+001 
1.705300000000000e+002 -1.862990000000000e+000 2.870920000000000e+001 
1.703140000000000e+002 -1.726480000000000e+000 2.870920000000000e+001 
1.700970000000000e+002 -1.589480000000000e+000 2.870920000000000e+001 
1.698800000000000e+002 -1.452460000000000e+000 2.870920000000000e+001 
1.696620000000000e+002 -1.315440000000000e+000 2.870920000000000e+001 
1.694440000000000e+002 -1.178760000000000e+000 2.870920000000000e+001 
1.692250000000000e+002 -1.042360000000000e+000 2.870920000000000e+001 
1.690050000000000e+002 -9.059960000000000e-001 2.870920000000000e+001 
1.687850000000000e+002 -7.690820000000000e-001 2.870920000000000e+001 
1.685640000000000e+002 -6.313530000000001e-001 2.870920000000000e+001 
1.683420000000000e+002 -4.917130000000000e-001 2.870920000000000e+001 
1.681200000000000e+002 -3.493970000000000e-001 2.870920000000000e+001 
1.678980000000000e+002 -2.025650000000000e-001 2.870920000000000e+001 
1.676750000000000e+002 -5.020650000000000e-002 2.870920000000000e+001 
1.674510000000000e+002 1.088580000000000e-001 2.870920000000000e+001 
1.672270000000000e+002 2.752160000000000e-001 2.870920000000000e+001 
1.670020000000000e+002 4.497170000000000e-001 2.870920000000000e+001 
1.667760000000000e+002 6.331680000000000e-001 2.870920000000000e+001 
1.665490000000000e+002 8.255330000000000e-001 2.870920000000000e+001 
1.663210000000000e+002 1.026480000000000e+000 2.870920000000000e+001 
1.660920000000000e+002 1.234410000000000e+000 2.870920000000000e+001 
1.658610000000000e+002 1.447440000000000e+000 2.870920000000000e+001 
1.656290000000000e+002 1.663600000000000e+000 2.870920000000000e+001 
1.654090000000000e+002 1.868990000000000e+000 2.870920000000000e+001 
1.652010000000000e+002 2.063110000000000e+000 2.870920000000000e+001 
1.650060000000000e+002 2.245790000000000e+000 2.870920000000000e+001 
1.648110000000000e+002 2.429140000000000e+000 2.870920000000000e+001 
1.646160000000000e+002 2.613170000000000e+000 2.870920000000000e+001 
1.644200000000000e+002 2.797820000000000e+000 2.870920000000000e+001 
1.642240000000000e+002 2.982980000000000e+000 2.870920000000000e+001 
1.640410000000000e+002 3.157120000000000e+000 2.870920000000000e+001 
1.639190000000000e+002 3.272730000000000e+000 2.870920000000000e+001 
1.638600000000000e+002 3.329030000000000e+000 2.870920000000000e+001 
1.638510000000000e+002 3.336590000000000e+000 2.870920000000000e+001 
1.638430000000000e+002 3.341980000000000e+000 2.870920000000000e+001 
1.638360000000000e+002 3.345300000000000e+000 2.870920000000000e+001 
1.638290000000000e+002 3.346640000000000e+000 2.870920000000000e+001 
1.638240000000000e+002 3.346440000000000e+000 2.870920000000000e+001 
1.638210000000000e+002 3.344690000000000e+000 2.870920000000000e+001 
1.638200000000000e+002 3.343850000000000e+000 2.870920000000000e+001 
#  Number of Surfaces :
0
#  Number of Groups :
0
