# IGG GEOMETRY VERSION 5
#  Number of Points   :
0
#  Number of Curves   :
1
#Curve 297128800
Curve SISL curve_16
3 0 20 8 1 0
4 91 1 3
SISLCurve
91 4 1 3 0
0.000000000000000e+000
0.000000000000000e+000
0.000000000000000e+000
0.000000000000000e+000
1.360910000000000e-002
3.373960000000000e-002
6.267900000000000e-002
1.011640000000000e-001
1.496060000000000e-001
2.083230000000000e-001
2.775560000000000e-001
3.017890000000000e-001
5.870870000000000e-001
8.724750000000000e-001
1.157930000000000e+000
1.443420000000000e+000
1.728870000000000e+000
2.014140000000000e+000
2.299060000000000e+000
2.640540000000000e+000
2.981770000000000e+000
3.322910000000000e+000
3.664060000000000e+000
4.005120000000000e+000
4.345840000000000e+000
4.685480000000000e+000
5.023070000000000e+000
5.357770000000000e+000
5.688770000000000e+000
6.016040000000000e+000
6.340010000000000e+000
6.660820000000000e+000
6.978430000000000e+000
7.292640000000000e+000
7.603140000000000e+000
7.909820000000000e+000
8.212710000000000e+000
8.511880000000000e+000
8.807359999999999e+000
9.099340000000000e+000
9.388080000000000e+000
9.673740000000000e+000
9.956429999999999e+000
1.023630000000000e+001
1.046760000000000e+001
1.066190000000000e+001
1.068700000000000e+001
1.071670000000000e+001
1.074590000000000e+001
1.077150000000000e+001
1.096510000000000e+001
1.119550000000000e+001
1.147410000000000e+001
1.175510000000000e+001
1.203870000000000e+001
1.232510000000000e+001
1.261440000000000e+001
1.290690000000000e+001
1.320280000000000e+001
1.350220000000000e+001
1.380540000000000e+001
1.411240000000000e+001
1.442320000000000e+001
1.473770000000000e+001
1.505570000000000e+001
1.537700000000000e+001
1.570150000000000e+001
1.602950000000000e+001
1.636150000000000e+001
1.669710000000000e+001
1.703550000000000e+001
1.737560000000000e+001
1.771650000000000e+001
1.805760000000000e+001
1.839880000000000e+001
1.873990000000000e+001
1.908130000000000e+001
1.936600000000000e+001
1.965110000000000e+001
1.993650000000000e+001
2.022200000000000e+001
2.050750000000000e+001
2.079290000000000e+001
2.107820000000000e+001
2.131120000000000e+001
2.132510000000000e+001
2.133690000000000e+001
2.134670000000000e+001
2.135480000000000e+001
2.136120000000000e+001
2.136640000000000e+001
2.137060000000000e+001
2.137060000000000e+001
2.137060000000000e+001
2.137060000000000e+001
1.640900000000000e+002 4.413270000000000e+000 3.607070000000000e+001 
1.640870000000000e+002 4.411020000000000e+000 3.607070000000000e+001 
1.640820000000000e+002 4.398990000000000e+000 3.607070000000000e+001 
1.640830000000000e+002 4.378440000000000e+000 3.607070000000000e+001 
1.640910000000000e+002 4.349890000000000e+000 3.607070000000000e+001 
1.641060000000000e+002 4.314420000000000e+000 3.607070000000000e+001 
1.641300000000000e+002 4.271830000000000e+000 3.607070000000000e+001 
1.641620000000000e+002 4.222530000000000e+000 3.607070000000000e+001 
1.641910000000000e+002 4.181120000000000e+000 3.607070000000000e+001 
1.642640000000000e+002 4.078070000000000e+000 3.607070000000000e+001 
1.643780000000000e+002 3.916170000000000e+000 3.607070000000000e+001 
1.645430000000000e+002 3.683220000000000e+000 3.607070000000000e+001 
1.647080000000000e+002 3.450240000000000e+000 3.607070000000000e+001 
1.648730000000000e+002 3.217350000000000e+000 3.607070000000000e+001 
1.650380000000000e+002 2.984630000000000e+000 3.607070000000000e+001 
1.652040000000000e+002 2.752300000000000e+000 3.607070000000000e+001 
1.653810000000000e+002 2.505130000000000e+000 3.607070000000000e+001 
1.655690000000000e+002 2.243140000000000e+000 3.607070000000000e+001 
1.657680000000000e+002 1.966320000000000e+000 3.607070000000000e+001 
1.659680000000000e+002 1.689910000000000e+000 3.607070000000000e+001 
1.661690000000000e+002 1.413880000000000e+000 3.607070000000000e+001 
1.663700000000000e+002 1.138400000000000e+000 3.607070000000000e+001 
1.665710000000000e+002 8.639340000000000e-001 3.607070000000000e+001 
1.667730000000000e+002 5.914390000000001e-001 3.607070000000000e+001 
1.669770000000000e+002 3.220960000000000e-001 3.607070000000000e+001 
1.671800000000000e+002 5.702810000000000e-002 3.607070000000000e+001 
1.673850000000000e+002 -2.028510000000000e-001 3.607070000000000e+001 
1.675910000000000e+002 -4.576260000000000e-001 3.607070000000000e+001 
1.677970000000000e+002 -7.076760000000000e-001 3.607070000000000e+001 
1.680040000000000e+002 -9.528780000000000e-001 3.607070000000000e+001 
1.682120000000000e+002 -1.192910000000000e+000 3.607070000000000e+001 
1.684210000000000e+002 -1.427310000000000e+000 3.607070000000000e+001 
1.686320000000000e+002 -1.655530000000000e+000 3.607070000000000e+001 
1.688430000000000e+002 -1.877510000000000e+000 3.607070000000000e+001 
1.690560000000000e+002 -2.093240000000000e+000 3.607070000000000e+001 
1.692690000000000e+002 -2.302790000000000e+000 3.607070000000000e+001 
1.694840000000000e+002 -2.506230000000000e+000 3.607070000000000e+001 
1.696990000000000e+002 -2.703890000000000e+000 3.607070000000000e+001 
1.699140000000000e+002 -2.896070000000000e+000 3.607070000000000e+001 
1.701300000000000e+002 -3.083330000000000e+000 3.607070000000000e+001 
1.703470000000000e+002 -3.264880000000000e+000 3.607070000000000e+001 
1.705490000000000e+002 -3.435090000000000e+000 3.607070000000000e+001 
1.707390000000000e+002 -3.575690000000000e+000 3.607070000000000e+001 
1.708430000000000e+002 -3.683480000000000e+000 3.607070000000000e+001 
1.709220000000000e+002 -3.720510000000000e+000 3.607070000000000e+001 
1.709510000000000e+002 -3.706520000000000e+000 3.607070000000000e+001 
1.709610000000000e+002 -3.676020000000000e+000 3.607070000000000e+001 
1.709140000000000e+002 -3.602960000000000e+000 3.607070000000000e+001 
1.707940000000000e+002 -3.514020000000000e+000 3.607070000000000e+001 
1.706340000000000e+002 -3.341450000000000e+000 3.607070000000000e+001 
1.704470000000000e+002 -3.156730000000000e+000 3.607070000000000e+001 
1.702510000000000e+002 -2.954690000000000e+000 3.607070000000000e+001 
1.700550000000000e+002 -2.750180000000000e+000 3.607070000000000e+001 
1.698580000000000e+002 -2.541990000000000e+000 3.607070000000000e+001 
1.696600000000000e+002 -2.330340000000000e+000 3.607070000000000e+001 
1.694620000000000e+002 -2.114990000000000e+000 3.607070000000000e+001 
1.692640000000000e+002 -1.895700000000000e+000 3.607070000000000e+001 
1.690640000000000e+002 -1.672410000000000e+000 3.607070000000000e+001 
1.688640000000000e+002 -1.445060000000000e+000 3.607070000000000e+001 
1.686620000000000e+002 -1.213670000000000e+000 3.607070000000000e+001 
1.684590000000000e+002 -9.783110000000000e-001 3.607070000000000e+001 
1.682550000000000e+002 -7.391430000000000e-001 3.607070000000000e+001 
1.680490000000000e+002 -4.963970000000000e-001 3.607070000000000e+001 
1.678430000000000e+002 -2.500220000000000e-001 3.607070000000000e+001 
1.676360000000000e+002 1.665720000000000e-004 3.607070000000000e+001 
1.674290000000000e+002 2.544940000000000e-001 3.607070000000000e+001 
1.672210000000000e+002 5.131900000000000e-001 3.607070000000000e+001 
1.670120000000000e+002 7.756720000000000e-001 3.607070000000000e+001 
1.668030000000000e+002 1.040990000000000e+000 3.607070000000000e+001 
1.665930000000000e+002 1.307930000000000e+000 3.607070000000000e+001 
1.663820000000000e+002 1.575370000000000e+000 3.607070000000000e+001 
1.661700000000000e+002 1.842740000000000e+000 3.607070000000000e+001 
1.659580000000000e+002 2.109790000000000e+000 3.607070000000000e+001 
1.657450000000000e+002 2.376570000000000e+000 3.607070000000000e+001 
1.655440000000000e+002 2.628430000000000e+000 3.607070000000000e+001 
1.653540000000000e+002 2.865650000000000e+000 3.607070000000000e+001 
1.651760000000000e+002 3.088310000000000e+000 3.607070000000000e+001 
1.649980000000000e+002 3.311150000000000e+000 3.607070000000000e+001 
1.648190000000000e+002 3.533960000000000e+000 3.607070000000000e+001 
1.646410000000000e+002 3.756670000000000e+000 3.607070000000000e+001 
1.644620000000000e+002 3.979200000000000e+000 3.607070000000000e+001 
1.642940000000000e+002 4.188020000000000e+000 3.607070000000000e+001 
1.641830000000000e+002 4.326200000000000e+000 3.607070000000000e+001 
1.641290000000000e+002 4.393360000000000e+000 3.607070000000000e+001 
1.641210000000000e+002 4.402070000000000e+000 3.607070000000000e+001 
1.641130000000000e+002 4.408500000000000e+000 3.607070000000000e+001 
1.641060000000000e+002 4.412740000000000e+000 3.607070000000000e+001 
1.641000000000000e+002 4.414890000000000e+000 3.607070000000000e+001 
1.640950000000000e+002 4.415350000000000e+000 3.607070000000000e+001 
1.640920000000000e+002 4.413970000000000e+000 3.607070000000000e+001 
1.640900000000000e+002 4.413270000000000e+000 3.607070000000000e+001 
#  Number of Surfaces :
0
#  Number of Groups :
0
