# IGG GEOMETRY VERSION 5
#  Number of Points   :
0
#  Number of Curves   :
1
#Curve 293077088
Curve SISL curve_11
3 0 20 8 1 0
4 91 1 3
SISLCurve
91 4 1 3 0
0.000000000000000e+000
0.000000000000000e+000
0.000000000000000e+000
0.000000000000000e+000
1.373580000000000e-002
3.390190000000000e-002
6.280570000000001e-002
1.012020000000000e-001
1.494890000000000e-001
2.079760000000000e-001
2.769150000000000e-001
2.904020000000000e-001
5.633630000000000e-001
8.362370000000000e-001
1.108950000000000e+000
1.381430000000000e+000
1.653620000000000e+000
1.925460000000000e+000
2.196950000000000e+000
2.522590000000000e+000
2.848690000000000e+000
3.174670000000000e+000
3.499410000000000e+000
3.821460000000000e+000
4.139200000000000e+000
4.451570000000000e+000
4.757720000000000e+000
5.057390000000000e+000
5.350390000000000e+000
5.637120000000000e+000
5.918390000000000e+000
6.194860000000000e+000
6.467050000000000e+000
6.735590000000000e+000
7.001300000000000e+000
7.264840000000000e+000
7.526800000000000e+000
7.787630000000000e+000
8.047760000000000e+000
8.307460000000001e+000
8.566900000000000e+000
8.826140000000001e+000
9.085160000000000e+000
9.343900000000000e+000
9.559180000000000e+000
9.738960000000001e+000
9.764460000000000e+000
9.794290000000000e+000
9.823950000000000e+000
9.849600000000001e+000
1.002920000000000e+001
1.024420000000000e+001
1.050250000000000e+001
1.076110000000000e+001
1.102000000000000e+001
1.127900000000000e+001
1.153810000000000e+001
1.179740000000000e+001
1.205680000000000e+001
1.231650000000000e+001
1.257680000000000e+001
1.283810000000000e+001
1.310070000000000e+001
1.336540000000000e+001
1.363300000000000e+001
1.390470000000000e+001
1.418100000000000e+001
1.446300000000000e+001
1.475180000000000e+001
1.504810000000000e+001
1.535200000000000e+001
1.566310000000000e+001
1.598040000000000e+001
1.630240000000000e+001
1.662720000000000e+001
1.695330000000000e+001
1.727920000000000e+001
1.755060000000000e+001
1.782220000000000e+001
1.809420000000000e+001
1.836650000000000e+001
1.863910000000000e+001
1.891190000000000e+001
1.918480000000000e+001
1.940600000000000e+001
1.941980000000000e+001
1.943150000000000e+001
1.944160000000000e+001
1.944940000000000e+001
1.945580000000000e+001
1.946100000000000e+001
1.946520000000000e+001
1.946520000000000e+001
1.946520000000000e+001
1.946520000000000e+001
1.638390000000000e+002 3.534310000000000e+000 2.993610000000000e+001 
1.638360000000000e+002 3.531660000000000e+000 2.993610000000000e+001 
1.638320000000000e+002 3.519180000000000e+000 2.993610000000000e+001 
1.638350000000000e+002 3.498790000000000e+000 2.993610000000000e+001 
1.638460000000000e+002 3.471130000000000e+000 2.993610000000000e+001 
1.638640000000000e+002 3.437350000000000e+000 2.993610000000000e+001 
1.638910000000000e+002 3.397310000000000e+000 2.993610000000000e+001 
1.639280000000000e+002 3.351410000000000e+000 2.993610000000000e+001 
1.639590000000000e+002 3.315770000000000e+000 2.993610000000000e+001 
1.640360000000000e+002 3.225920000000000e+000 2.993610000000000e+001 
1.641570000000000e+002 3.084530000000000e+000 2.993610000000000e+001 
1.643350000000000e+002 2.877750000000000e+000 2.993610000000000e+001 
1.645130000000000e+002 2.671290000000000e+000 2.993610000000000e+001 
1.646920000000000e+002 2.465300000000000e+000 2.993610000000000e+001 
1.648700000000000e+002 2.259880000000000e+000 2.993610000000000e+001 
1.650490000000000e+002 2.055110000000000e+000 2.993610000000000e+001 
1.652400000000000e+002 1.837410000000000e+000 2.993610000000000e+001 
1.654430000000000e+002 1.606400000000000e+000 2.993610000000000e+001 
1.656590000000000e+002 1.361790000000000e+000 2.993610000000000e+001 
1.658750000000000e+002 1.118300000000000e+000 2.993610000000000e+001 
1.660920000000000e+002 8.775630000000000e-001 2.993610000000000e+001 
1.663110000000000e+002 6.417700000000000e-001 2.993610000000000e+001 
1.665310000000000e+002 4.131950000000000e-001 2.993610000000000e+001 
1.667530000000000e+002 1.935430000000000e-001 2.993610000000000e+001 
1.669760000000000e+002 -1.579050000000000e-002 2.993610000000000e+001 
1.672010000000000e+002 -2.140750000000000e-001 2.993610000000000e+001 
1.674270000000000e+002 -4.009090000000000e-001 2.993610000000000e+001 
1.676530000000000e+002 -5.771410000000000e-001 2.993610000000000e+001 
1.678800000000000e+002 -7.437560000000000e-001 2.993610000000000e+001 
1.681080000000000e+002 -9.012900000000000e-001 2.993610000000000e+001 
1.683360000000000e+002 -1.050230000000000e+000 2.993610000000000e+001 
1.685640000000000e+002 -1.191720000000000e+000 2.993610000000000e+001 
1.687930000000000e+002 -1.326970000000000e+000 2.993610000000000e+001 
1.690230000000000e+002 -1.457070000000000e+000 2.993610000000000e+001 
1.692530000000000e+002 -1.583040000000000e+000 2.993610000000000e+001 
1.694830000000000e+002 -1.705690000000000e+000 2.993610000000000e+001 
1.697140000000000e+002 -1.825780000000000e+000 2.993610000000000e+001 
1.699450000000000e+002 -1.943770000000000e+000 2.993610000000000e+001 
1.701770000000000e+002 -2.060000000000000e+000 2.993610000000000e+001 
1.704100000000000e+002 -2.174990000000000e+000 2.993610000000000e+001 
1.706430000000000e+002 -2.287820000000000e+000 2.993610000000000e+001 
1.708620000000000e+002 -2.396250000000000e+000 2.993610000000000e+001 
1.710630000000000e+002 -2.482610000000000e+000 2.993610000000000e+001 
1.711800000000000e+002 -2.558460000000000e+000 2.993610000000000e+001 
1.712600000000000e+002 -2.576160000000000e+000 2.993610000000000e+001 
1.712860000000000e+002 -2.556290000000000e+000 2.993610000000000e+001 
1.712900000000000e+002 -2.524180000000000e+000 2.993610000000000e+001 
1.712330000000000e+002 -2.464630000000000e+000 2.993610000000000e+001 
1.711080000000000e+002 -2.402930000000000e+000 2.993610000000000e+001 
1.709310000000000e+002 -2.274060000000000e+000 2.993610000000000e+001 
1.707280000000000e+002 -2.140110000000000e+000 2.993610000000000e+001 
1.705140000000000e+002 -1.994800000000000e+000 2.993610000000000e+001 
1.702990000000000e+002 -1.850660000000000e+000 2.993610000000000e+001 
1.700830000000000e+002 -1.706740000000000e+000 2.993610000000000e+001 
1.698670000000000e+002 -1.563570000000000e+000 2.993610000000000e+001 
1.696510000000000e+002 -1.421030000000000e+000 2.993610000000000e+001 
1.694340000000000e+002 -1.279090000000000e+000 2.993610000000000e+001 
1.692160000000000e+002 -1.137330000000000e+000 2.993610000000000e+001 
1.689980000000000e+002 -9.953030000000001e-001 2.993610000000000e+001 
1.687790000000000e+002 -8.522520000000000e-001 2.993610000000000e+001 
1.685600000000000e+002 -7.074060000000000e-001 2.993610000000000e+001 
1.683400000000000e+002 -5.594330000000000e-001 2.993610000000000e+001 
1.681190000000000e+002 -4.069430000000000e-001 2.993610000000000e+001 
1.678980000000000e+002 -2.484190000000000e-001 2.993610000000000e+001 
1.676770000000000e+002 -8.240080000000000e-002 2.993610000000000e+001 
1.674550000000000e+002 9.222600000000000e-002 2.993610000000000e+001 
1.672330000000000e+002 2.765320000000000e-001 2.993610000000000e+001 
1.670090000000000e+002 4.707930000000000e-001 2.993610000000000e+001 
1.667840000000000e+002 6.749260000000000e-001 2.993610000000000e+001 
1.665570000000000e+002 8.878970000000001e-001 2.993610000000000e+001 
1.663300000000000e+002 1.108320000000000e+000 2.993610000000000e+001 
1.661010000000000e+002 1.333960000000000e+000 2.993610000000000e+001 
1.658710000000000e+002 1.562420000000000e+000 2.993610000000000e+001 
1.656400000000000e+002 1.791720000000000e+000 2.993610000000000e+001 
1.654200000000000e+002 2.007620000000000e+000 2.993610000000000e+001 
1.652130000000000e+002 2.210370000000000e+000 2.993610000000000e+001 
1.650190000000000e+002 2.400530000000000e+000 2.993610000000000e+001 
1.648250000000000e+002 2.590940000000000e+000 2.993610000000000e+001 
1.646310000000000e+002 2.781600000000000e+000 2.993610000000000e+001 
1.644360000000000e+002 2.972490000000000e+000 2.993610000000000e+001 
1.642420000000000e+002 3.163590000000000e+000 2.993610000000000e+001 
1.640590000000000e+002 3.342510000000000e+000 2.993610000000000e+001 
1.639380000000000e+002 3.461330000000000e+000 2.993610000000000e+001 
1.638800000000000e+002 3.518840000000000e+000 2.993610000000000e+001 
1.638710000000000e+002 3.526700000000000e+000 2.993610000000000e+001 
1.638620000000000e+002 3.531910000000000e+000 2.993610000000000e+001 
1.638550000000000e+002 3.535580000000000e+000 2.993610000000000e+001 
1.638490000000000e+002 3.536960000000000e+000 2.993610000000000e+001 
1.638430000000000e+002 3.536830000000000e+000 2.993610000000000e+001 
1.638400000000000e+002 3.535130000000000e+000 2.993610000000000e+001 
1.638390000000000e+002 3.534310000000000e+000 2.993610000000000e+001 
#  Number of Surfaces :
0
#  Number of Groups :
0
