# IGG GEOMETRY VERSION 5
#  Number of Points   :
0
#  Number of Curves   :
1
#Curve 297127552
Curve SISL curve_17
3 0 20 8 1 0
4 91 1 3
SISLCurve
91 4 1 3 0
0.000000000000000e+000
0.000000000000000e+000
0.000000000000000e+000
0.000000000000000e+000
1.355720000000000e-002
3.363810000000000e-002
6.253000000000000e-002
1.009630000000000e-001
1.493440000000000e-001
2.079940000000000e-001
2.771400000000000e-001
3.031120000000000e-001
5.900720000000000e-001
8.773520000000000e-001
1.164850000000000e+000
1.452540000000000e+000
1.740420000000000e+000
2.028320000000000e+000
2.316020000000000e+000
2.661020000000000e+000
3.005990000000000e+000
3.350970000000000e+000
3.695950000000000e+000
4.040750000000000e+000
4.385120000000000e+000
4.728400000000000e+000
5.069780000000000e+000
5.408550000000000e+000
5.744130000000000e+000
6.076600000000000e+000
6.406570000000000e+000
6.734160000000000e+000
7.059230000000000e+000
7.381490000000000e+000
7.700530000000000e+000
8.016150000000000e+000
8.328310000000000e+000
8.636920000000000e+000
8.941800000000001e+000
9.242940000000001e+000
9.540380000000001e+000
9.834110000000001e+000
1.012410000000000e+001
1.041040000000000e+001
1.064620000000000e+001
1.084420000000000e+001
1.086910000000000e+001
1.089860000000000e+001
1.092740000000000e+001
1.095290000000000e+001
1.115000000000000e+001
1.138460000000000e+001
1.166930000000000e+001
1.195740000000000e+001
1.224900000000000e+001
1.254410000000000e+001
1.284270000000000e+001
1.314490000000000e+001
1.345070000000000e+001
1.376010000000000e+001
1.407310000000000e+001
1.438940000000000e+001
1.470920000000000e+001
1.503210000000000e+001
1.535780000000000e+001
1.568600000000000e+001
1.601660000000000e+001
1.635000000000000e+001
1.668670000000000e+001
1.702650000000000e+001
1.736870000000000e+001
1.771260000000000e+001
1.805720000000000e+001
1.840210000000000e+001
1.874710000000000e+001
1.909210000000000e+001
1.943700000000000e+001
1.972460000000000e+001
2.001250000000000e+001
2.030040000000000e+001
2.058810000000000e+001
2.087570000000000e+001
2.116310000000000e+001
2.145010000000000e+001
2.168460000000000e+001
2.169850000000000e+001
2.171020000000000e+001
2.172000000000000e+001
2.172810000000000e+001
2.173460000000000e+001
2.173970000000000e+001
2.174380000000000e+001
2.174380000000000e+001
2.174380000000000e+001
2.174380000000000e+001
1.641840000000000e+002 4.594010000000000e+000 3.729760000000000e+001 
1.641800000000000e+002 4.592070000000000e+000 3.729760000000000e+001 
1.641750000000000e+002 4.579850000000000e+000 3.729760000000000e+001 
1.641760000000000e+002 4.559530000000000e+000 3.729760000000000e+001 
1.641830000000000e+002 4.530760000000000e+000 3.729760000000000e+001 
1.641970000000000e+002 4.494990000000000e+000 3.729760000000000e+001 
1.642190000000000e+002 4.451860000000000e+000 3.729760000000000e+001 
1.642500000000000e+002 4.401830000000000e+000 3.729760000000000e+001 
1.642790000000000e+002 4.359250000000000e+000 3.729760000000000e+001 
1.643500000000000e+002 4.253420000000000e+000 3.729760000000000e+001 
1.644610000000000e+002 4.087170000000000e+000 3.729760000000000e+001 
1.646210000000000e+002 3.848380000000000e+000 3.729760000000000e+001 
1.647800000000000e+002 3.609380000000000e+000 3.729760000000000e+001 
1.649400000000000e+002 3.370240000000000e+000 3.729760000000000e+001 
1.651000000000000e+002 3.131010000000000e+000 3.729760000000000e+001 
1.652610000000000e+002 2.891920000000000e+000 3.729760000000000e+001 
1.654320000000000e+002 2.637290000000000e+000 3.729760000000000e+001 
1.656140000000000e+002 2.367150000000000e+000 3.729760000000000e+001 
1.658070000000000e+002 2.081430000000000e+000 3.729760000000000e+001 
1.660010000000000e+002 1.796000000000000e+000 3.729760000000000e+001 
1.661950000000000e+002 1.510920000000000e+000 3.729760000000000e+001 
1.663900000000000e+002 1.226470000000000e+000 3.729760000000000e+001 
1.665850000000000e+002 9.430330000000000e-001 3.729760000000000e+001 
1.667810000000000e+002 6.614660000000000e-001 3.729760000000000e+001 
1.669780000000000e+002 3.827170000000000e-001 3.729760000000000e+001 
1.671750000000000e+002 1.076750000000000e-001 3.729760000000000e+001 
1.673740000000000e+002 -1.630000000000000e-001 3.729760000000000e+001 
1.675730000000000e+002 -4.295760000000000e-001 3.729760000000000e+001 
1.677720000000000e+002 -6.925530000000000e-001 3.729760000000000e+001 
1.679720000000000e+002 -9.518850000000000e-001 3.729760000000000e+001 
1.681730000000000e+002 -1.207160000000000e+000 3.729760000000000e+001 
1.683760000000000e+002 -1.457840000000000e+000 3.729760000000000e+001 
1.685790000000000e+002 -1.703310000000000e+000 3.729760000000000e+001 
1.687840000000000e+002 -1.943340000000000e+000 3.729760000000000e+001 
1.689900000000000e+002 -2.177870000000000e+000 3.729760000000000e+001 
1.691970000000000e+002 -2.406730000000000e+000 3.729760000000000e+001 
1.694050000000000e+002 -2.629740000000000e+000 3.729760000000000e+001 
1.696140000000000e+002 -2.846910000000000e+000 3.729760000000000e+001 
1.698230000000000e+002 -3.058270000000000e+000 3.729760000000000e+001 
1.700330000000000e+002 -3.264100000000000e+000 3.729760000000000e+001 
1.702430000000000e+002 -3.463390000000000e+000 3.729760000000000e+001 
1.704400000000000e+002 -3.649350000000000e+000 3.729760000000000e+001 
1.706250000000000e+002 -3.803470000000000e+000 3.729760000000000e+001 
1.707250000000000e+002 -3.918680000000000e+000 3.729760000000000e+001 
1.708030000000000e+002 -3.960270000000000e+000 3.729760000000000e+001 
1.708320000000000e+002 -3.947840000000000e+000 3.729760000000000e+001 
1.708440000000000e+002 -3.918090000000000e+000 3.729760000000000e+001 
1.708000000000000e+002 -3.841970000000000e+000 3.729760000000000e+001 
1.706820000000000e+002 -3.745960000000000e+000 3.729760000000000e+001 
1.705280000000000e+002 -3.561860000000000e+000 3.729760000000000e+001 
1.703470000000000e+002 -3.363290000000000e+000 3.729760000000000e+001 
1.701580000000000e+002 -3.145540000000000e+000 3.729760000000000e+001 
1.699680000000000e+002 -2.924370000000000e+000 3.729760000000000e+001 
1.697780000000000e+002 -2.698740000000000e+000 3.729760000000000e+001 
1.695870000000000e+002 -2.469120000000000e+000 3.729760000000000e+001 
1.693950000000000e+002 -2.235440000000000e+000 3.729760000000000e+001 
1.692030000000000e+002 -1.997790000000000e+000 3.729760000000000e+001 
1.690090000000000e+002 -1.756340000000000e+000 3.729760000000000e+001 
1.688150000000000e+002 -1.511270000000000e+000 3.729760000000000e+001 
1.686190000000000e+002 -1.262750000000000e+000 3.729760000000000e+001 
1.684220000000000e+002 -1.010980000000000e+000 3.729760000000000e+001 
1.682240000000000e+002 -7.562030000000000e-001 3.729760000000000e+001 
1.680240000000000e+002 -4.987370000000000e-001 3.729760000000000e+001 
1.678240000000000e+002 -2.386540000000000e-001 3.729760000000000e+001 
1.676230000000000e+002 2.412440000000000e-002 3.729760000000000e+001 
1.674220000000000e+002 2.900560000000000e-001 3.729760000000000e+001 
1.672200000000000e+002 5.594960000000000e-001 3.729760000000000e+001 
1.670180000000000e+002 8.321040000000000e-001 3.729760000000000e+001 
1.668150000000000e+002 1.107160000000000e+000 3.729760000000000e+001 
1.666110000000000e+002 1.383670000000000e+000 3.729760000000000e+001 
1.664060000000000e+002 1.660750000000000e+000 3.729760000000000e+001 
1.662010000000000e+002 1.937860000000000e+000 3.729760000000000e+001 
1.659950000000000e+002 2.214740000000000e+000 3.729760000000000e+001 
1.657890000000000e+002 2.491300000000000e+000 3.729760000000000e+001 
1.655940000000000e+002 2.752230000000000e+000 3.729760000000000e+001 
1.654100000000000e+002 2.997770000000000e+000 3.729760000000000e+001 
1.652370000000000e+002 3.228070000000000e+000 3.729760000000000e+001 
1.650640000000000e+002 3.458270000000000e+000 3.729760000000000e+001 
1.648910000000000e+002 3.688200000000000e+000 3.729760000000000e+001 
1.647180000000000e+002 3.917770000000000e+000 3.729760000000000e+001 
1.645450000000000e+002 4.146980000000000e+000 3.729760000000000e+001 
1.643820000000000e+002 4.361940000000000e+000 3.729760000000000e+001 
1.642740000000000e+002 4.504020000000000e+000 3.729760000000000e+001 
1.642220000000000e+002 4.573100000000000e+000 3.729760000000000e+001 
1.642140000000000e+002 4.581990000000000e+000 3.729760000000000e+001 
1.642070000000000e+002 4.588660000000000e+000 3.729760000000000e+001 
1.642000000000000e+002 4.592990000000000e+000 3.729760000000000e+001 
1.641940000000000e+002 4.595550000000000e+000 3.729760000000000e+001 
1.641880000000000e+002 4.595530000000000e+000 3.729760000000000e+001 
1.641850000000000e+002 4.594600000000000e+000 3.729760000000000e+001 
1.641840000000000e+002 4.594010000000000e+000 3.729760000000000e+001 
#  Number of Surfaces :
0
#  Number of Groups :
0
