   138.27601845763053       -14.463118667773301        311.33643220530286     
   142.08601845763053       -12.329324530140832        311.32789129945348     
   145.89601845763050       -10.195530392508379        311.31935039360411     
   149.70601845763051       -8.0617362548759104        311.31080948775474     
   164.99544265804929       0.50112036628670620        311.27653506975292     
   165.02250918313723       0.51627899950422362        311.27647439451869     
   165.05488369603424       0.53432181512104038        311.27639957451476     
   165.09215679087501       0.55498094085955929        311.27631070842853     
   165.13385760424168       0.57795821009874360        311.27620812463670     
   165.17945990717897       0.60293198107325152        311.27609241137623     
   165.22838885416212       0.62956354435844686        311.27596443714356     
   165.28002829238983       0.65750282656992098        311.27582535950609     
   165.33372853432914       0.68639322584169504        311.27567662162033     
   165.38881449770869       0.71587555315011175        311.27551993682169     
   165.44459411896443       0.74559118046389861        311.27535726251779     
   165.50040051689712       0.77520237268172554        311.27519066383735     
   165.56112703995126       0.80731212634707117        311.27500520934950     
   165.62718875600910       0.84213757163678382        311.27479875031719     
   165.69903246589212       0.87991981800912844        311.27456889433302     
   165.77713854024250       0.92092784284464690        311.27431297417706     
   165.86202274397937       0.96546301388358124        311.27402800995640     
   165.95423801553653        1.0138642710127923        311.27371066227198     
   166.05437615938618        1.0665139581846519        311.27335717344488     
   166.16306939994590        1.1238442451127029        311.27296329296956     
   166.28099173261236        1.1863440062310673        311.27252418233331     
   166.40885999309648        1.2545659256482986        311.27203429321594     
   166.54743454920543        1.3291334650343927        311.27148721194692     
   166.69751949949099        1.4107471594892411        311.27087546219104     
   166.85996224061654        1.5001894872065498        311.27019025753913     
   167.03565223985422        1.5983272854460528        311.26942119663272     
   167.22551882099455        1.7061103527850519        311.26855589658038     
   167.43052774160921        1.8245644836298835        311.26757956700612     
   167.65167630795645        1.9547767281540926        311.26647453874250     
   167.88998674253401        2.0978701729470823        311.26521978041887     
   168.14649753629897        2.2549658377311874        311.26379050031863     
   168.42225276643782        2.4271336609486194        311.26215796148227     
   168.71828925202973        2.6153323762886242        311.26028947396924     
   169.03562119651806        2.8203337041336507        311.25814873358308     
   169.37522215871900        3.0426292217898827        311.25569671714635     
   169.73800431890004        3.2823198008395833        311.25289334604156     
   170.12479514443422        3.5389890509836626        311.24970014434859     
   170.53631174666131        3.8115644238811690        311.24608410367875     
   170.97313346341761        4.0981726265119507        311.24202290667330     
   171.43567350517455        4.3959998771517483        311.23751153702477     
   171.92415086996246        4.7011724001844275        311.23257009985463     
   172.43856416509556        5.0086784913663100        311.22725238121836     
   172.97866947559206        5.3123606388299294        311.22165427775627     
   173.54396500265636        5.6050148923129459        311.21592068452918     
   174.13368590030768        5.8786457767201412        311.21024859080012     
   174.74681363257096        6.1249399175757286        311.20488259494402     
   175.38210206939729        6.3359829679664008        311.20009605762812     
   176.03810943595187        6.5050088430771567        311.19615794489260     
   176.71323040333539        6.6270645417622944        311.19329993044488     
   177.40572942887735        6.6995977885116922        311.19166998159926     
   178.11377102939156        6.7228806786138229        311.19129680653003     
   178.83544154862705        6.7001658936068473        311.19208508724432     
   179.56875745232992        6.6374844069364665        311.19384037776217     
   180.31165693449358        6.5430297143216034        311.19631283787635     
   181.06197485327598        6.4261369166191065        311.19924489890724     
   181.81741055610036        6.2960418573373840        311.20240933517817     
   182.57551053135026        6.1608330814623953        311.20562911091810     
   184.10203225972265        5.8957325757738612        311.21185056432233     
   185.60446131568929        5.6580158955705153        311.21743402394003     
   187.05858406874810        5.4427714088213239        311.22249442658676     
   188.44236988876440        5.2281874619993909        311.22738334092401     
   189.73777336600014        4.9891877442078432        311.23244934730923     
   190.93182506591361        4.7071495683046249        311.23787633299304     
   192.01692063021440        4.3740223573337582        311.24362891380071     
   192.99045931824571        3.9921305544875034        311.24949348506459     
   193.85406259939120        3.5715759134290930        311.25517197436568     
   194.61259510066941        3.1268162246601374        311.26037754044887     
   195.27316671876616        2.6735016618766330        311.26489871100546     
   195.84423494867303        2.2261250384355584        311.26862421912620     
   196.33486893224205        1.7966218910333094        311.27153738738480     
   196.75419220797616        1.3937979800004265        311.27369365225104     
   197.11099260298167        1.0233523412608965        311.27519296511616     
   197.41347312962409       0.68825646781572969        311.27615476517008     
   197.66911314572653       0.38929499126335665        311.27669920915810     
   197.88461043011785       0.12563376411676452        311.27693535397350     
   198.06587913681031      -0.10466328987157920        311.27695527668089     
   198.21808380842288      -0.30420519980484678        311.27683247114862     
   198.34569462585279      -0.47594190281944593        311.27662288748422     
   198.45255333238885      -0.62292247407843659        311.27636731880114     
   198.54194265080085      -0.74812967195246483        311.27609424849004     
   198.61665455820798      -0.85437481010582039        311.27582262727321     
   198.67905462407504      -0.94423784952260903        311.27556431150151     
   198.73114089939352       -1.0200398152544996        311.27532606468912     
   198.77459670713947       -1.0838372353069938        311.27511112280808     
   198.81083724005984       -1.1374307652345035        311.27492037274925     
   198.84105021171169       -1.1823822752303044        311.27475321141475     
   198.86623099819582       -1.2200363729090864        311.27460815375844     
   198.88721280056777       -1.2515436349558982        311.27448325060681     
   198.90469238661024       -1.2778837812430348        311.27437636658198     
   198.91925195990422       -1.2998877125889112        311.27428535775573     
   198.93137767056515       -1.3182578111342917        311.27420817915652     
   198.94147523662841       -1.3335862241644296        311.27414294438984     
   198.94988309501272       -1.3463710613063395        311.27408795345002     
   198.95688345070153       -1.3570305645996017        311.27404170009066     
   198.96271154487511       -1.3659153857535375        311.27400286663942     
   198.96756341863295       -1.3733191429782867        311.27397031161036     
   198.97160240929318       -1.3794874439316098        311.27394305366869     
   198.97496458119969       -1.3846255605058548        311.27392025423990     
   198.97776326235621       -1.3889049315040483        311.27390120018867     
   198.98009283173798       -1.3924686548182523        311.27388528740397     
   198.98203187940589       -1.3954361141941432        311.27387200573747     
   198.98364584215457       -1.3979068687322576        311.27386092548926     
   198.98498920095287       -1.3999639169488642        311.27385168547744     
   198.98643537453663       -1.4021789622771774        311.27384172169155     
   198.98786333246960       -1.4043666769320755        311.27383186767872     
   198.98925511899620       -1.4064995195656744        311.27382224822264     
   198.99059323424433       -1.4085506207606027        311.27381298569514     
   198.99186085416417       -1.4104941233165342        311.27380419844820     
   198.99304204192330       -1.4123055105974625        311.27379599923148     
   198.99412194810986       -1.4139619186514938        311.27378849366249     
   198.99508699723637       -1.4154424279870819        311.27378177877222     
   198.99592505821050       -1.4167283311233712        311.27377594165165     
   198.99662559664182       -1.4178033723251080        311.27377105822336     
   198.99717980708084       -1.4186539562823641        311.27376719215931     
   198.99758072354106       -1.4192693228974864        311.27376439396625     
   198.99782330692244       -1.4196416857883947        311.27376270025496     
   214.23790450824779       -24.813003018070912        311.16735682306251     
   218.04790450824780       -30.661312190350479        311.14075549550080     
   221.85790450824777       -36.509621362630000        311.11415416793909     
   225.66790450824777       -42.357930534909563        311.08755284037738     
