 pitch   8.8495567706754735E-002
 section            1
 u       camber      upper_camber
  -2.7348540086978200E-002   1.5203728034031306E-003   9.0015940510157863E-002
  -2.7338457387777695E-002   1.5260804887418389E-003   9.0021648195496573E-002
  -2.7308337189990546E-002   1.5431119081051690E-003   9.0038679614859909E-002
  -2.7258561483171097E-002   1.5711951292449427E-003   9.0066762835999681E-002
  -2.7189761248776916E-002   1.6098866342450467E-003   9.0105454340999785E-002
  -2.7102808068529292E-002   1.6585851118269021E-003   9.0154152818581634E-002
  -2.6998802591423655E-002   1.7165493145346945E-003   9.0212117021289423E-002
  -2.6879060063576196E-002   1.7829186922022195E-003   9.0278486398956956E-002
  -2.6745093167960091E-002   1.8567353715108475E-003   9.0352303078265583E-002
  -2.6598592453364208E-002   1.9369660624047008E-003   9.0432533769159440E-002
  -2.6441404652841925E-002   2.0225226418177787E-003   9.0518090348572514E-002
  -2.6275509202077180E-002   2.1122804764675102E-003   9.0607848183222248E-002
  -2.6102993269517788E-002   2.2050939565077289E-003   9.0700661663262461E-002
  -2.5926025606055496E-002   2.2998091567792245E-003   9.0795376863533964E-002
  -2.5746829516219902E-002   2.3952739501053900E-003   9.0890841656860122E-002
  -2.5567547404362297E-002   2.4904033257454293E-003   9.0985971032500168E-002
  -2.5372459032737861E-002   2.5935597227312122E-003   9.1089127429485953E-002
  -2.5160230965589198E-002   2.7054407242950809E-003   9.1201008431049821E-002
  -2.4929427822783873E-002   2.8268209553537968E-003   9.1322388662108539E-002
  -2.4678506378699082E-002   2.9585645762134401E-003   9.1454132282968170E-002
  -2.4405809701023375E-002   3.1016398126158225E-003   9.1597207519370560E-002
  -2.4109561434825771E-002   3.2571356042692917E-003   9.1752703311024031E-002
  -2.3787860365200926E-002   3.4262803423193945E-003   9.1921848049074134E-002
  -2.3438675425228730E-002   3.6104625019514570E-003   9.2106030208706197E-002
  -2.3059841355681506E-002   3.8112527445317030E-003   9.2306820451286437E-002
  -2.2649055269706161E-002   4.0304267464669648E-003   9.2525994453221697E-002
  -2.2203874430424920E-002   4.2699875886180062E-003   9.2765555295372740E-002
  -2.1721715612762340E-002   4.5321859879499798E-003   9.3027753694704715E-002
  -2.1199856493310756E-002   4.8195359488707578E-003   9.3315103655625495E-002
  -2.0635439593772176E-002   5.1348225337931050E-003   9.3630390240547839E-002
  -2.0025479393884826E-002   5.4810973842308180E-003   9.3976665090985553E-002
  -1.9366873327215289E-002   5.8616563580883262E-003   9.4357224064843065E-002
  -1.8656417474880546E-002   6.2799921941211270E-003   9.4775559900875855E-002
  -1.7890827872765420E-002   6.7397135149319162E-003   9.5235281221686646E-002
  -1.7066768293146791E-002   7.2444224426312324E-003   9.5739990149385973E-002
  -1.6180884562132687E-002   7.7975571627482447E-003   9.6293124869502977E-002
  -1.5229845823029288E-002   8.4021988015038213E-003   9.6897766508258557E-002
  -1.4210393873517019E-002   9.0608279120321170E-003   9.7556395618786845E-002
  -1.3119401085097241E-002   9.7750253068013375E-003   9.8270593013556076E-002
  -1.1953937012322632E-002   1.0545116868015418E-002   9.9040684574770152E-002
  -1.0711343356080309E-002   1.1369766946287971E-002   9.9865334653042703E-002
  -9.3893163440392016E-003   1.2245532066291448E-002  0.10074109977304618     
  -7.9859948112684029E-003   1.3166396278940236E-002  0.10166196398569496     
  -6.5000512890777268E-003   1.4123321974039012E-002  0.10261888968079375     
  -4.9307822303683649E-003   1.5103865593190189E-002  0.10359943329994492     
  -3.2781921092443593E-003   1.6091926760828344E-002  0.10458749446758309     
  -1.5430645203234825E-003   1.7067722354558074E-002  0.10556329006131281     
   2.7298847127011153E-004   1.8008105048123613E-002  0.10650367275487835     
   2.1675097422002784E-003   1.8887381603603513E-002  0.10738294931035824     
   4.1372271715743730E-003   1.9678834101644019E-002  0.10817440180839875     
   6.1781374759859314E-003   2.0357023650786236E-002  0.10885259135754097     
   8.2856088489257143E-003   2.0900199055903266E-002  0.10939576676265800     
   1.0454484054557747E-002   2.1292434682250963E-002  0.10978800238900570     
   1.2679187535836363E-002   2.1525521580812012E-002  0.11002108928756675     
   1.4953822669541143E-002   2.1600331180868515E-002  0.11009589888762325     
   1.7272241695795880E-002   2.1527317607462172E-002  0.11002288531421690     
   1.9628072366558086E-002   2.1325866033180669E-002  0.10982143373993540     
   2.2014690980087737E-002   2.1022311466436450E-002  0.10951787917319118     
   2.4425141860758032E-002   2.0646656042186545E-002  0.10914222374894128     
   2.6852033994851962E-002   2.0228580738617344E-002  0.10872414844537208     
   2.9287485297871153E-002   1.9794077831794533E-002  0.10828964553854926     
   3.4191547365972512E-002   1.8942168838622545E-002  0.10743773654537728     
   3.9018209971840113E-002   1.8178263921788219E-002  0.10667383162854295     
   4.3689685066559049E-002   1.7486578671651275E-002  0.10598214637840601     
   4.8135197648652435E-002   1.6797030205503438E-002  0.10529259791225817     
   5.2296775526991392E-002   1.6029049849883768E-002  0.10452461755663850     
   5.6132753449913787E-002   1.5122808244418303E-002  0.10361837595117304     
   5.9618701863387143E-002   1.4052446484606820E-002  0.10254801419136156     
   6.2746265698914144E-002   1.2825439862833918E-002  0.10132100756958866     
   6.5520654044810056E-002   1.1474248433429876E-002   9.9969816140184617E-002
   6.7957494869150648E-002   1.0045323065311990E-002   9.8540890772066722E-002
   7.0079629232103174E-002   8.5889412243318995E-003   9.7084508931086638E-002
   7.1914227451396057E-002   7.1516590895017657E-003   9.5647226796256507E-002
   7.3490424804779020E-002   5.7718156798639538E-003   9.4267383386618692E-002
   7.4837531323198786E-002   4.4776950102424313E-003   9.2973262716997171E-002
   7.5983778540325342E-002   3.2876010600245593E-003   9.1783168766779291E-002
   7.6955519229943981E-002   2.2110763567430806E-003   9.0706644063497821E-002
   7.7776781372994735E-002   1.2506390272295478E-003   8.9746206733984285E-002
   7.8469082071058904E-002   4.0360766579772603E-004   8.8899175372552458E-002
   7.9051420974005387E-002  -3.3623846594832830E-004   8.8159329240806411E-002
   7.9540389550586982E-002  -9.7728154242365264E-004   8.7518286164331077E-002
   7.9950348582028097E-002  -1.5289986363669903E-003   8.6966569070387745E-002
   8.0293639948033568E-002  -2.0011851458427796E-003   8.6494382560911950E-002
   8.0580809634235750E-002  -2.4034233443093198E-003   8.6092144362445416E-002
   8.0820827070176016E-002  -2.7447447006350868E-003   8.5750823006119650E-002
   8.1021291819794783E-002  -3.0334374476136223E-003   8.5462130259141109E-002
   8.1188622767209589E-002  -3.2769579809970445E-003   8.5218609725757691E-002
   8.1328227709900419E-002  -3.4819129976316554E-003   8.5013654709123074E-002
   8.1444653057485772E-002  -3.6540872017854940E-003   8.4841480504969244E-002
   8.1541714426144163E-002  -3.7984981959629897E-003   8.4697069510791742E-002
   8.1622609533987228E-002  -3.9194656212200264E-003   8.4576102085534705E-002
   8.1690015100000762E-002  -4.0206857875508669E-003   8.4474881919203867E-002
   8.1746169541358354E-002  -4.1053061199473892E-003   8.4390261586807347E-002
   8.1792943229404613E-002  -4.1759959543844309E-003   8.4319571752370301E-002
   8.1831897956740673E-002  -4.2350117528494758E-003   8.4260555953905261E-002
   8.1864337122060316E-002  -4.2842558404703936E-003   8.4211311866284347E-002
   8.1891347978578222E-002  -4.3253284395393925E-003   8.4170239267215341E-002
   8.1913837130326767E-002  -4.3595731914909067E-003   8.4135994515263823E-002
   8.1932560306705315E-002  -4.3881165982529811E-003   8.4107451108501749E-002
   8.1948147304002877E-002  -4.4119019367250172E-003   8.4083665770029722E-002
   8.1961122855233048E-002  -4.4317182456202441E-003   8.4063849461134488E-002
   8.1971924076995328E-002  -4.4482249812967554E-003   8.4047342725457982E-002
   8.1980915043743524E-002  -4.4619729081265200E-003   8.4033594798628208E-002
   8.1988398954799563E-002  -4.4734217425822622E-003   8.4022145964172471E-002
   8.1994628286449184E-002  -4.4829550171256970E-003   8.4012612689629035E-002
   8.1999813259154258E-002  -4.4908925755838564E-003   8.4004675131170881E-002
   8.2004128896989020E-002  -4.4975010592493581E-003   8.3998066647505379E-002
   8.2008774834799292E-002  -4.5046171254504346E-003   8.3990950581304305E-002
   8.2013362253506694E-002  -4.5116453891774263E-003   8.3983922317577314E-002
   8.2017833468940343E-002  -4.5184973709393814E-003   8.3977070335815349E-002
   8.2022132261489022E-002  -4.5250867498839676E-003   8.3970480956870763E-002
   8.2026204582668766E-002  -4.5313304570048672E-003   8.3964237249749871E-002
   8.2029999234246337E-002  -4.5371497299934596E-003   8.3958417976761276E-002
   8.2033468511406332E-002  -4.5424711159583056E-003   8.3953096590796430E-002
   8.2036568801907989E-002  -4.5472274087890747E-003   8.3948340297965662E-002
   8.2039261133735136E-002  -4.5513585086923453E-003   8.3944209198062392E-002
   8.2041511664391970E-002  -4.5548121923674138E-003   8.3940755514387316E-002
   8.2043292105732274E-002  -4.5575447834139788E-003   8.3938022923340752E-002
   8.2044580079017271E-002  -4.5595217138554656E-003   8.3936045992899264E-002
   8.2045359395771705E-002  -4.5607179690970454E-003   8.3934849737657691E-002
   8.2045620260934593E-002  -4.5611184102093919E-003   8.3934449296545338E-002
 u       pitch_line
  -2.7348540086978200E-002   4.5768156656780495E-002
  -2.7338457387777695E-002   4.5773864342119205E-002
  -2.7308337189990546E-002   4.5790895761482535E-002
  -2.7258561483171097E-002   4.5818978982622313E-002
  -2.7189761248776916E-002   4.5857670487622418E-002
  -2.7102808068529292E-002   4.5906368965204267E-002
  -2.6998802591423655E-002   4.5964333167912062E-002
  -2.6879060063576196E-002   4.6030702545579588E-002
  -2.6745093167960091E-002   4.6104519224888216E-002
  -2.6598592453364208E-002   4.6184749915782065E-002
  -2.6441404652841925E-002   4.6270306495195146E-002
  -2.6275509202077180E-002   4.6360064329844880E-002
  -2.6102993269517788E-002   4.6452877809885093E-002
  -2.5926025606055496E-002   4.6547593010156589E-002
  -2.5746829516219902E-002   4.6643057803482754E-002
  -2.5567547404362297E-002   4.6738187179122800E-002
  -2.5372459032737861E-002   4.6841343576108578E-002
  -2.5160230965589198E-002   4.6953224577672446E-002
  -2.4929427822783873E-002   4.7074604808731164E-002
  -2.4678506378699082E-002   4.7206348429590810E-002
  -2.4405809701023375E-002   4.7349423665993193E-002
  -2.4109561434825771E-002   4.7504919457646656E-002
  -2.3787860365200926E-002   4.7674064195696760E-002
  -2.3438675425228730E-002   4.7858246355328822E-002
  -2.3059841355681506E-002   4.8059036597909069E-002
  -2.2649055269706161E-002   4.8278210599844329E-002
  -2.2203874430424920E-002   4.8517771441995372E-002
  -2.1721715612762340E-002   4.8779969841327347E-002
  -2.1199856493310756E-002   4.9067319802248127E-002
  -2.0635439593772176E-002   4.9382606387170472E-002
  -2.0025479393884826E-002   4.9728881237608186E-002
  -1.9366873327215289E-002   5.0109440211465697E-002
  -1.8656417474880546E-002   5.0527776047498495E-002
  -1.7890827872765420E-002   5.0987497368309286E-002
  -1.7066768293146791E-002   5.1492206296008598E-002
  -1.6180884562132687E-002   5.2045341016125610E-002
  -1.5229845823029288E-002   5.2649982654881189E-002
  -1.4210393873517019E-002   5.3308611765409485E-002
  -1.3119401085097241E-002   5.4022809160178709E-002
  -1.1953937012322632E-002   5.4792900721392784E-002
  -1.0711343356080309E-002   5.5617550799665336E-002
  -9.3893163440392016E-003   5.6493315919668816E-002
  -7.9859948112684029E-003   5.7414180132317603E-002
  -6.5000512890777268E-003   5.8371105827416378E-002
  -4.9307822303683649E-003   5.9351649446567553E-002
  -3.2781921092443593E-003   6.0339710614205712E-002
  -1.5430645203234825E-003   6.1315506207935438E-002
   2.7298847127011153E-004   6.2255888901500980E-002
   2.1675097422002784E-003   6.3135165456980877E-002
   4.1372271715743730E-003   6.3926617955021386E-002
   6.1781374759859314E-003   6.4604807504163600E-002
   8.2856088489257143E-003   6.5147982909280630E-002
   1.0454484054557747E-002   6.5540218535628331E-002
   1.2679187535836363E-002   6.5773305434189383E-002
   1.4953822669541143E-002   6.5848115034245883E-002
   1.7272241695795880E-002   6.5775101460839536E-002
   1.9628072366558086E-002   6.5573649886558033E-002
   2.2014690980087737E-002   6.5270095319813815E-002
   2.4425141860758032E-002   6.4894439895563913E-002
   2.6852033994851962E-002   6.4476364591994711E-002
   2.9287485297871153E-002   6.4041861685171897E-002
   3.4191547365972512E-002   6.3189952691999909E-002
   3.9018209971840113E-002   6.2426047775165583E-002
   4.3689685066559049E-002   6.1734362525028647E-002
   4.8135197648652435E-002   6.1044814058880806E-002
   5.2296775526991392E-002   6.0276833703261132E-002
   5.6132753449913787E-002   5.9370592097795674E-002
   5.9618701863387143E-002   5.8300230337984191E-002
   6.2746265698914144E-002   5.7073223716211284E-002
   6.5520654044810056E-002   5.5722032286807242E-002
   6.7957494869150648E-002   5.4293106918689354E-002
   7.0079629232103174E-002   5.2836725077709271E-002
   7.1914227451396057E-002   5.1399442942879132E-002
   7.3490424804779020E-002   5.0019599533241324E-002
   7.4837531323198786E-002   4.8725478863619796E-002
   7.5983778540325342E-002   4.7535384913401924E-002
   7.6955519229943981E-002   4.6458860210120446E-002
   7.7776781372994735E-002   4.5498422880606917E-002
   7.8469082071058904E-002   4.4651391519175090E-002
   7.9051420974005387E-002   4.3911545387429037E-002
   7.9540389550586982E-002   4.3270502310953717E-002
   7.9950348582028097E-002   4.2718785217010377E-002
   8.0293639948033568E-002   4.2246598707534590E-002
   8.0580809634235750E-002   4.1844360509068049E-002
   8.0820827070176016E-002   4.1503039152742283E-002
   8.1021291819794783E-002   4.1214346405763748E-002
   8.1188622767209589E-002   4.0970825872380323E-002
   8.1328227709900419E-002   4.0765870855745713E-002
   8.1444653057485772E-002   4.0593696651591876E-002
   8.1541714426144163E-002   4.0449285657414374E-002
   8.1622609533987228E-002   4.0328318232157344E-002
   8.1690015100000762E-002   4.0227098065826500E-002
   8.1746169541358354E-002   4.0142477733429979E-002
   8.1792943229404613E-002   4.0071787898992933E-002
   8.1831897956740673E-002   4.0012772100527894E-002
   8.1864337122060316E-002   3.9963528012906972E-002
   8.1891347978578222E-002   3.9922455413837973E-002
   8.1913837130326767E-002   3.9888210661886463E-002
   8.1932560306705315E-002   3.9859667255124388E-002
   8.1948147304002877E-002   3.9835881916652348E-002
   8.1961122855233048E-002   3.9816065607757120E-002
   8.1971924076995328E-002   3.9799558872080615E-002
   8.1980915043743524E-002   3.9785810945250848E-002
   8.1988398954799563E-002   3.9774362110795103E-002
   8.1994628286449184E-002   3.9764828836251667E-002
   8.1999813259154258E-002   3.9756891277793513E-002
   8.2004128896989020E-002   3.9750282794128011E-002
   8.2008774834799292E-002   3.9743166727926930E-002
   8.2013362253506694E-002   3.9736138464199940E-002
   8.2017833468940343E-002   3.9729286482437988E-002
   8.2022132261489022E-002   3.9722697103493403E-002
   8.2026204582668766E-002   3.9716453396372503E-002
   8.2029999234246337E-002   3.9710634123383909E-002
   8.2033468511406332E-002   3.9705312737419063E-002
   8.2036568801907989E-002   3.9700556444588295E-002
   8.2039261133735136E-002   3.9696425344685024E-002
   8.2041511664391970E-002   3.9692971661009956E-002
   8.2043292105732274E-002   3.9690239069963391E-002
   8.2044580079017271E-002   3.9688262139521903E-002
   8.2045359395771705E-002   3.9687065884280323E-002
   8.2045620260934593E-002   3.9686665443167977E-002
 u1_top      v1_top      u2_bot      v2_bot
  -5.2403763224839375E-002   9.0015940510157863E-002
  -2.2933169491170177E-003   1.5203728034031277E-003
  -5.2379438131851960E-002   9.0021648195496573E-002
  -2.2974766437034097E-003   1.5260804887418378E-003
  -5.2307127625755089E-002   9.0038679614859896E-002
  -2.3095467542259898E-003   1.5431119081051672E-003
  -5.2188799797230373E-002   9.0066762835999681E-002
  -2.3283231691118220E-003   1.5711951292449455E-003
  -5.2027647751910031E-002   9.0105454340999785E-002
  -2.3518747456437936E-003   1.6098866342450502E-003
  -5.1827960637283232E-002   9.0154152818581634E-002
  -2.3776554997753420E-003   1.6585851118268991E-003
  -5.1594947156185622E-002   9.0212117021289423E-002
  -2.4026580266616852E-003   1.7165493145346947E-003
  -5.1334517484989503E-002   9.0278486398956956E-002
  -2.4236026421628823E-003   1.7829186922022205E-003
  -5.1053033237556188E-002   9.0352303078265583E-002
  -2.4371530983639846E-003   1.8567353715108481E-003
  -5.0757039304651738E-002   9.0432533769159440E-002
  -2.4401456020766744E-003   1.9369660624046978E-003
  -5.0452995101361225E-002   9.0518090348572514E-002
  -2.4298142043226133E-003   2.0225226418177783E-003
  -5.0147024765740428E-002   9.0607848183222248E-002
  -2.4039936384139329E-003   2.1122804764675124E-003
  -4.9844705129754141E-002   9.0700661663262461E-002
  -2.3612814092814280E-003   2.2050939565077254E-003
  -4.9550906445071902E-002   9.0795376863533950E-002
  -2.3011447670390692E-003   2.2998091567792214E-003
  -4.9269694456872251E-002   9.0890841656860122E-002
  -2.2239645755675469E-003   2.3952739501053866E-003
  -4.9004139747017034E-002   9.0985971032500168E-002
  -2.1309550617075491E-003   2.4904033257454328E-003
  -4.8732370638590344E-002   9.1089127429485939E-002
  -2.0125474268853673E-003   2.5935597227312104E-003
  -4.8456112662885541E-002   9.1201008431049807E-002
  -1.8643492682928579E-003   2.7054407242950787E-003
  -4.8177343904119575E-002   9.1322388662108539E-002
  -1.6815117414481599E-003   2.8268209553537968E-003
  -4.7898261975775812E-002   9.1454132282968170E-002
  -1.4587507816223276E-003   2.9585645762134419E-003
  -4.7621230642814288E-002   9.1597207519370560E-002
  -1.1903887592324587E-003   3.1016398126158251E-003
  -4.7348703044871689E-002   9.1752703311024031E-002
  -8.7041982477985280E-004   3.2571356042692887E-003
  -4.7083118544113692E-002   9.1921848049074134E-002
  -4.9260218628816022E-004   3.4262803423193919E-003
  -4.6826770215122514E-002   9.2106030208706197E-002
  -5.0580635334942364E-005   3.6104625019514544E-003
  -4.6581639888248441E-002   9.2306820451286437E-002
   4.6195717688543927E-004   3.8112527445317013E-003
  -4.6349197468879930E-002   9.2525994453221697E-002
   1.0510869294676171E-003   4.0304267464669613E-003
  -4.6130161040063816E-002   9.2765555295372740E-002
   1.7224121792139870E-003   4.2699875886180044E-003
  -4.5924214099556639E-002   9.3027753694704715E-002
   2.4807828740319622E-003   4.5321859879499798E-003
  -4.5729676278782258E-002   9.3315103655625495E-002
   3.3299632921607383E-003   4.8195359488707595E-003
  -4.5543124125509690E-002   9.3630390240547839E-002
   4.2722449379653388E-003   5.1348225337931042E-003
  -4.5358959066393936E-002   9.3976665090985553E-002
   5.3080002786242766E-003   5.4810973842308180E-003
  -4.5168920529062351E-002   9.4357224064843065E-002
   6.4351738746317722E-003   5.8616563580883296E-003
  -4.4961543385931654E-002   9.4775559900875855E-002
   7.6487084361705725E-003   6.2799921941211270E-003
  -4.4721566811170572E-002   9.5235281221686646E-002
   8.9399110656397558E-003   6.7397135149319179E-003
  -4.4429716589096578E-002   9.5739990149385973E-002
   1.0296180002802999E-002   7.2444224426312306E-003
  -4.4063358694418839E-002   9.6293124869502977E-002
   1.1701589570153471E-002   7.7975571627482421E-003
  -4.3596547946884626E-002   9.6897766508258557E-002
   1.3136856300826073E-002   8.4021988015038213E-003
  -4.2999844743458547E-002   9.7556395618786845E-002
   1.4579056996424531E-002   9.0608279120321170E-003
  -4.2240256336827708E-002   9.8270593013556076E-002
   1.6001454166633237E-002   9.7750253068013410E-003
  -4.1281343856623950E-002   9.9040684574770152E-002
   1.7373469831978690E-002   1.0545116868015417E-002
  -4.0083545191292105E-002   9.9865334653042703E-002
   1.8660858479131490E-002   1.1369766946287968E-002
  -3.8604779288911317E-002  0.10074109977304618     
   1.9826146600832928E-002   1.2245532066291448E-002
  -3.6801417863018923E-002  0.10166196398569496     
   2.0829428240482131E-002   1.3166396278940236E-002
  -3.4629739183699472E-002  0.10261888968079375     
   2.1629636605544022E-002   1.4123321974039010E-002
  -3.2048020701000240E-002  0.10359943329994492     
   2.2186456240263525E-002   1.5103865593190186E-002
  -2.9019491068670963E-002  0.10458749446758309     
   2.2463106850182244E-002   1.6091926760828344E-002
  -2.5516462173285938E-002  0.10556329006131281     
   2.2430333132638980E-002   1.7067722354558071E-002
  -2.1526124497045315E-002  0.10650367275487835     
   2.2072101439585542E-002   1.8008105048123613E-002
  -1.7058766590745660E-002  0.10738294931035824     
   2.1393786075146221E-002   1.8887381603603509E-002
  -1.2159320021658256E-002  0.10817440180839875     
   2.0433774364807009E-002   1.9678834101644019E-002
  -6.9125506052613774E-003  0.10885259135754097     
   1.9268825557233245E-002   2.0357023650786232E-002
  -1.4318940648605644E-003  0.10939576676265800     
   1.8003111762712000E-002   2.0900199055903262E-002
   4.1466170719430453E-003  0.10978800238900570     
   1.6762351037172454E-002   2.1292434682250963E-002
   9.6711662347474022E-003  0.11002108928756675     
   1.5687208836925329E-002   2.1525521580812015E-002
   1.4985248692828244E-002  0.11009589888762325     
   1.4922396646254048E-002   2.1600331180868515E-002
   1.9942987440121660E-002  0.11002288531421690     
   1.4601495951470103E-002   2.1527317607462168E-002
   2.4427590640959698E-002  0.10982143373993540     
   1.4828554092156479E-002   2.1325866033180665E-002
   2.8370684021048399E-002  0.10951787917319118     
   1.5658697939127077E-002   2.1022311466436447E-002
   3.1768228158660504E-002  0.10914222374894128     
   1.7082055562855566E-002   2.0646656042186545E-002
   3.4677060253927305E-002  0.10872414844537208     
   1.9027007735776626E-002   2.0228580738617344E-002
   3.7194128684570713E-002  0.10828964553854926     
   2.1380841911171605E-002   1.9794077831794529E-002
   4.1557593177494620E-002  0.10743773654537728     
   2.6825501554450411E-002   1.8942168838622542E-002
   4.5700132903178217E-002  0.10667383162854295     
   3.2336287040502017E-002   1.8178263921788215E-002
   5.0242889850575963E-002  0.10598214637840601     
   3.7136480282542142E-002   1.7486578671651279E-002
   5.5485985423737012E-002  0.10529259791225817     
   4.0784409873567865E-002   1.6797030205503438E-002
   6.1466251044248910E-002  0.10452461755663850     
   4.3127300009733881E-002   1.6029049849883764E-002
   6.8052853091078377E-002  0.10361837595117304     
   4.4212653808749211E-002   1.5122808244418307E-002
   7.5037773069554892E-002  0.10254801419136156     
   4.4199630657219408E-002   1.4052446484606823E-002
   8.2191715813397237E-002  0.10132100756958864     
   4.3300815584431052E-002   1.2825439862833916E-002
   8.9298436627274672E-002   9.9969816140184603E-002
   4.1742871462345441E-002   1.1474248433429875E-002
   9.6174459267312135E-002   9.8540890772066722E-002
   3.9740530470989160E-002   1.0045323065311987E-002
  0.10267815243915869        9.7084508931086638E-002
   3.7481106025047679E-002   8.5889412243319030E-003
  0.10871124430361365        9.5647226796256507E-002
   3.5117210599178481E-002   7.1516590895017648E-003
  0.11421540285823660        9.4267383386618692E-002
   3.2765446751321439E-002   5.7718156798639564E-003
  0.11916606200060662        9.2973262716997157E-002
   3.0509000645790971E-002   4.4776950102424287E-003
  0.12356516649274538        9.1783168766779291E-002
   2.8402390587905293E-002   3.2876010600245559E-003
  0.12743399372032713        9.0706644063497821E-002
   2.6477044739560876E-002   2.2110763567430788E-003
  0.13080674980788531        8.9746206733984285E-002
   2.4746812938104157E-002   1.2506390272295498E-003
  0.13372527347137403        8.8899175372552458E-002
   2.3212890670743794E-002   4.0360766579772278E-004
  0.13623492502692802        8.8159329240806411E-002
   2.1867916921082739E-002  -3.3623846594833112E-004
  0.13838158034718170        8.7518286164331077E-002
   2.0699198753992239E-002  -9.7728154242365112E-004
  0.14020956908631199        8.6966569070387745E-002
   1.9691128077744209E-002  -1.5289986363669905E-003
  0.14176036954155261        8.6494382560911964E-002
   1.8826910354514573E-002  -2.0011851458427779E-003
  0.14307187830104523        8.6092144362445416E-002
   1.8089740967426264E-002  -2.4034233443093189E-003
  0.14417809559721229        8.5750823006119650E-002
   1.7463558543139746E-002  -2.7447447006350850E-003
  0.14510909644099695        8.5462130259141122E-002
   1.6933487198592653E-002  -3.0334374476136197E-003
  0.14589118680922369        8.5218609725757691E-002
   1.6486058725195471E-002  -3.2769579809970445E-003
  0.14654717012275836        8.5013654709123088E-002
   1.6109285297042503E-002  -3.4819129976316546E-003
  0.14709667070819732        8.4841480504969244E-002
   1.5792635406774239E-002  -3.6540872017854914E-003
  0.14755647776200542        8.4697069510791742E-002
   1.5526951090282917E-002  -3.7984981959629932E-003
  0.14794088600291455        8.4576102085534705E-002
   1.5304333065059961E-002  -3.9194656212200238E-003
  0.14826201840642031        8.4474881919203867E-002
   1.5118011793581257E-002  -4.0206857875508678E-003
  0.14853012289384881        8.4390261586807347E-002
   1.4962216188867866E-002  -4.1053061199473884E-003
  0.14875383925624436        8.4319571752370301E-002
   1.4832047202564883E-002  -4.1759959543844344E-003
  0.14894043547919897        8.4260555953905261E-002
   1.4723360434282393E-002  -4.2350117528494741E-003
  0.14909601443296919        8.4211311866284333E-002
   1.4632659811151486E-002  -4.2842558404703954E-003
  0.14922569293360033        8.4170239267215341E-002
   1.4557003023556114E-002  -4.3253284395393943E-003
  0.14933375570991114        8.4135994515263823E-002
   1.4493918550742405E-002  -4.3595731914909050E-003
  0.14942378700451592        8.4107451108501763E-002
   1.4441333608894782E-002  -4.3881165982529793E-003
  0.14949878251899351        8.4083665770029709E-002
   1.4397512089012243E-002  -4.4119019367250198E-003
  0.14956124426970169        8.4063849461134488E-002
   1.4361001440764423E-002  -4.4317182456202475E-003
  0.14961326070944256        8.4047342725457982E-002
   1.4330587444548112E-002  -4.4482249812967528E-003
  0.14965657422917966        8.4033594798628208E-002
   1.4305255858307359E-002  -4.4619729081265200E-003
  0.14969263790737830        8.4022145964172471E-002
   1.4284160002220811E-002  -4.4734217425822648E-003
  0.14972266313683064        8.4012612689629035E-002
   1.4266593436067718E-002  -4.4829550171257004E-003
  0.14974765953821856        8.4004675131170881E-002
   1.4251966980090014E-002  -4.4908925755838547E-003
  0.14976846837008245        8.3998066647505379E-002
   1.4239789423895630E-002  -4.4975010592493564E-003
  0.14979087330716490        8.3990950581304291E-002
   1.4226676362433702E-002  -4.5046171254504372E-003
  0.14981299958680791        8.3983922317577314E-002
   1.4213724920205492E-002  -4.5116453891774280E-003
  0.14983456878359386        8.3977070335815363E-002
   1.4201098154286856E-002  -4.5184973709393797E-003
  0.14985530937082941        8.3970480956870763E-002
   1.4188955152148644E-002  -4.5250867498839650E-003
  0.14987496014925378        8.3964237249749871E-002
   1.4177449016083768E-002  -4.5313304570048646E-003
  0.14989327355053433        8.3958417976761276E-002
   1.4166724917958340E-002  -4.5371497299934588E-003
  0.14991001877306498        8.3953096590796430E-002
   1.4156918249747699E-002  -4.5424711159583048E-003
  0.14992498470950577        8.3948340297965662E-002
   1.4148152894310220E-002  -4.5472274087890729E-003
  0.14993798262799152        8.3944209198062392E-002
   1.4140539639478769E-002  -4.5513585086923436E-003
  0.14994884857196378        8.3940755514387316E-002
   1.4134174756820175E-002  -4.5548121923674120E-003
  0.14995744544712161        8.3938022923340766E-002
   1.4129138764342936E-002  -4.5575447834139762E-003
  0.14996366476798520        8.3936045992899277E-002
   1.4125495390049370E-002  -4.5595217138554647E-003
  0.14996742804097735        8.3934849737657691E-002
   1.4123290750566092E-002  -4.5607179690970445E-003
  0.14996868776568156        8.3934449296545338E-002
   1.4122552756187637E-002  -4.5611184102093902E-003
 intersection points
     u                   v                   counter
  -2.6010260290422284E-002   8.9060515324589182E-002
   1.1117599380275031E-002   3.0658676107537596E-002           1
  -2.2806459455148004E-002   8.8519778160389320E-002
   1.2599057224880741E-002   3.0747831692768287E-002           2
  -1.9744817167776985E-002   8.8644873750417130E-002
   1.3929064474938002E-002   3.0761445304184006E-002           3
  -1.6641927033279037E-002   8.9183529530134906E-002
   1.5006943924315379E-002   3.0769097766766566E-002           4
  -1.3437750779658444E-002   9.0085912431673340E-002
   1.5809913959768229E-002   3.0719077208276366E-002           5
  -1.0085628826095042E-002   9.1334813558696201E-002
   1.6265070161108435E-002   3.0690723513386028E-002           6
  -6.5392342100572412E-003   9.2914952105309451E-002
   1.6380727028711808E-002   3.0683518735056429E-002           7
  -2.7494915156334801E-003   9.4781051525301557E-002
   1.6210600981890450E-002   3.0694116639710414E-002           8
   1.3273462490847924E-003   9.6831811794579822E-002
   1.5847243801250448E-002   3.0716751767180375E-002           9
   5.7095974886993070E-003   9.8824166303320596E-002
   1.5415002528114199E-002   3.0743677989741841E-002          10
   1.0331006289266328E-002  0.10031488803839858     
   1.5059039245835187E-002   3.0765852518547958E-002          11
   1.4978735117116214E-002  0.10092479608579763     
   1.4928910396317611E-002   3.0771679469335112E-002          12
   1.9389695537462986E-002  0.10085617950978805     
   1.5158748468320202E-002   3.0759641189637647E-002          13
   2.3420711735347013E-002  0.10053880210173631     
   1.5847175684780977E-002   3.0716756010456831E-002          14
   2.7031259829639442E-002  0.10019336422682323     
   1.7040581865808663E-002   3.0642413455884424E-002          15
   3.0237929432171434E-002   9.9920988353664919E-002
   1.8714191163914946E-002   3.0481537502820701E-002          16
   3.3080266756512919E-002   9.9694840275303467E-002
   2.0792239302514143E-002   3.0210347218387650E-002          17
   3.5634576464297553E-002   9.9561955901403876E-002
   2.3166765546450831E-002   2.9788605108110659E-002          18
   4.0216508957850602E-002   9.9381853348565904E-002
   2.8429130846197543E-002   2.8575158382507716E-002          19
   4.4583948375458635E-002   9.9282442618144687E-002
   3.3693097856034825E-002   2.7163083458399951E-002          20
   4.9234118611740062E-002   9.9170839055555307E-002
   3.8379943873696143E-002   2.5882548281073559E-002          21
   5.4421552685146916E-002   9.8885286045190798E-002
   4.2123155484657178E-002   2.4855557841809178E-002          22
   6.0122566678447557E-002   9.8040598348206998E-002
   4.4803197709641029E-002   2.4116181883368133E-002          23
   6.6065730788241114E-002   9.6242115618371107E-002
   4.6502070666083556E-002   2.3621195447808455E-002          24
   7.1790672714621098E-002   9.3229878699655488E-002
   4.7438941067901329E-002   2.3348227337380574E-002          25
   7.6897549490342554E-002   8.9274224092363907E-002
   4.7870036498865773E-002   2.3222622659320367E-002          26
   8.1186359057628388E-002   8.4874150526341910E-002
   4.8030988102555509E-002   2.3175727533757344E-002          27
 min_throat_2D    6.6121592498501539E-002
 throat_index            6
 section            2
 u       camber      upper_camber
  -1.8372749999999993E-002   1.0213864921084109E-003   8.9516954198863144E-002
  -1.8365976442393375E-002   1.0252209152795653E-003   8.9520788622034303E-002
  -1.8345741692672408E-002   1.0366626232871021E-003   8.9532230330041832E-002
  -1.8312302371430448E-002   1.0555289320390436E-003   8.9551096638793778E-002
  -1.8266082372028449E-002   1.0815218861868643E-003   8.9577089592941597E-002
  -1.8207667223091296E-002   1.1142375247966945E-003   8.9609805231551432E-002
  -1.8137796340645093E-002   1.1531778778068600E-003   8.9648745584561595E-002
  -1.8057353307067703E-002   1.1977648275914893E-003   8.9693332534346221E-002
  -1.7967354342823070E-002   1.2473548748281734E-003   8.9742922581582910E-002
  -1.7868935158635132E-002   1.3012538552282975E-003   8.9796821561983028E-002
  -1.7763336389821111E-002   1.3587307676855031E-003   8.9854298474440236E-002
  -1.7651887821329180E-002   1.4190300835289131E-003   8.9914597790283643E-002
  -1.7535991612981305E-002   1.4813821820316361E-003   8.9976949888786378E-002
  -1.7417104731687595E-002   1.5450118562392438E-003   9.0040579562993980E-002
  -1.7296720793493595E-002   1.6091451070820717E-003   9.0104712813836807E-002
  -1.7176279065702790E-002   1.6730530243139214E-003   9.0168620731068655E-002
  -1.7045218692155847E-002   1.7423534947117163E-003   9.0237921201466453E-002
  -1.6902643870673431E-002   1.8175151547105734E-003   9.0313082861465305E-002
  -1.6747590312842182E-002   1.8990583973513700E-003   9.0394626104106104E-002
  -1.6579021279645272E-002   1.9875637655520483E-003   9.0483131472306785E-002
  -1.6395823643909249E-002   2.0836817133932017E-003   9.0579249420147931E-002
  -1.6196804050341483E-002   2.1881437906015409E-003   9.0683711497356281E-002
  -1.5980685262715080E-002   2.3017752303832097E-003   9.0797342937137940E-002
  -1.5746102810215948E-002   2.4255088104067823E-003   9.0921076517161512E-002
  -1.5491602071634008E-002   2.5603997010222824E-003   9.1055967407777022E-002
  -1.5215635967516549E-002   2.7076408016897891E-003   9.1203208508444530E-002
  -1.4916563467160346E-002   2.8685777821879270E-003   9.1364145488942658E-002
  -1.4592649159887026E-002   3.0447226742372183E-003   9.1540290380991957E-002
  -1.4242064188754719E-002   3.2377643860696157E-003   9.1733332092824346E-002
  -1.3862888899762418E-002   3.4495739226923844E-003   9.1945141629447114E-002
  -1.3453117620314259E-002   3.6822013769603622E-003   9.2177769083715097E-002
  -1.3010666046192968E-002   3.9378609063064896E-003   9.2433428613061225E-002
  -1.2533381784602775E-002   4.2188989327249914E-003   9.2714466639479728E-002
  -1.2019058668358699E-002   4.5277397289819046E-003   9.3023307435736641E-002
  -1.1465455419582465E-002   4.8668032008124468E-003   9.3362370907567188E-002
  -1.0870318704159066E-002   5.2383991213518638E-003   9.3733966828106599E-002
  -1.0231410852467863E-002   5.6445973912820375E-003   9.4140165098036771E-002
  -9.5465430040988838E-003   6.0870644462682894E-003   9.4582632153023025E-002
  -8.8136140181387327E-003   6.5668622761712505E-003   9.5062429982925981E-002
  -8.0306552212534420E-003   7.0842098086646849E-003   9.5579777515419420E-002
  -7.1958807680241668E-003   7.6382097544532412E-003   9.6133777461207978E-002
  -6.3077429841340675E-003   8.2265487867149694E-003   9.6722116493469706E-002
  -5.3649915389301969E-003   8.8451853906848753E-003   9.7340753097439614E-002
  -4.3667346389091328E-003   9.4880480995794270E-003   9.7983615806334162E-002
  -3.3124996411100921E-003   1.0146777330516971E-002   9.8642345037271706E-002
  -2.2022895512362993E-003   1.0810556850739610E-002   9.9306124557494352E-002
  -1.0366307881740262E-003   1.1466096358065420E-002   9.9961664064820155E-002
   1.8339366268096263E-004   1.2097845478064433E-002  0.10059341318481917     
   1.4561331058022993E-003   1.2688543492778034E-002  0.10118411119953277     
   2.7793893302822323E-003   1.3220241303232546E-002  0.10171580900998728     
   4.1504729302156498E-003   1.3675849061430044E-002  0.10217141676818478     
   5.5662722578593109E-003   1.4040754313872226E-002  0.10253632202062696     
   7.0233226820334838E-003   1.4304258218689844E-002  0.10279982592544458     
   8.5178785433579901E-003   1.4460846003702047E-002  0.10295641371045679     
   1.0045978490187450E-002   1.4511103095125093E-002  0.10300667080187983     
   1.1603492457264004E-002   1.4462052574456159E-002  0.10295762028121089     
   1.3186139568173418E-002   1.4326717401185154E-002  0.10282228510793989     
   1.4789470019900351E-002   1.4122789434704568E-002  0.10261835714145931     
   1.6408810989362983E-002   1.3870424110122818E-002  0.10236599181687756     
   1.8039197193338269E-002   1.3589561109420691E-002  0.10208512881617543     
   1.9675333447238395E-002   1.3297662044390529E-002  0.10179322975114527     
   2.2969882482585628E-002   1.2725349558805494E-002  0.10122091726556023     
   2.6212434557026258E-002   1.2212158214180459E-002  0.10070772592093519     
   2.9350731657110357E-002   1.1747484043674945E-002  0.10024305175042968     
   3.2337227134854180E-002   1.1284245364713437E-002   9.9779813071468174E-002
   3.5132975270626074E-002   1.0768316140197732E-002   9.9263883846952464E-002
   3.7709985347186968E-002   1.0159503004145046E-002   9.8655070710899781E-002
   4.0051845589450422E-002   9.4404339437844913E-003   9.7936001650539228E-002
   4.2152943062164841E-002   8.6161308607503873E-003   9.7111698567505123E-002
   4.4016777231006991E-002   7.7084004204552182E-003   9.6203968127209952E-002
   4.5653846965369935E-002   6.7484483179446973E-003   9.5244016024699438E-002
   4.7079496890116757E-002   5.7700509561927297E-003   9.4265618662947470E-002
   4.8311980025461970E-002   4.8044847775697494E-003   9.3300052484324492E-002
   4.9370869451817678E-002   3.8775059361472811E-003   9.2373073642902009E-002
   5.0275855648798690E-002   3.0081156338799399E-003   9.1503683340634676E-002
   5.1045904561518876E-002   2.2086104846351855E-003   9.0704178191389914E-002
   5.1698719984148753E-002   1.4854011586780693E-003   8.9980968865432803E-002
   5.2250443914959976E-002   8.4017933368488759E-004   8.9335747040439617E-002
   5.2715531543400321E-002   2.7114364124015099E-004   8.8766711347994881E-002
   5.3106746834786375E-002  -2.2588501088558074E-004   8.8269682695869156E-002
   5.3435235938293094E-002  -6.5653776770018121E-004   8.7839029939054555E-002
   5.3710646427151176E-002  -1.0271813269362513E-003   8.7468386379818477E-002
   5.3941269576493617E-002  -1.3443962372890802E-003   8.7151171469465660E-002
   5.4134190179764993E-002  -1.6146198703376100E-003   8.6880947836417130E-002
   5.4295433899983578E-002  -1.8439195671217869E-003   8.6651648139632942E-002
   5.4430106124418398E-002  -2.0378633626655621E-003   8.6457704344089170E-002
   5.4542519059600239E-002  -2.2014604638450450E-003   8.6294107242909687E-002
   5.4636305664028328E-002  -2.3391492497874264E-003   8.6156418456967310E-002
   5.4714520215812287E-002  -2.4548158849828413E-003   8.6040751821771899E-002
   5.4779726046008226E-002  -2.5518311949349207E-003   8.5943736511819815E-002
   5.4834071381733518E-002  -2.6330971146265422E-003   8.5862470592128190E-002
   5.4879354442878170E-002  -2.7010968252158545E-003   8.5794470881538881E-002
   5.4917078998162339E-002  -2.7579447669009750E-003   8.5737622939853764E-002
   5.4948501563108001E-002  -2.8054341996649667E-003   8.5690133507089775E-002
   5.4974671350028523E-002  -2.8450810147344192E-003   8.5650486692020314E-002
   5.4996463982203064E-002  -2.8781631941838621E-003   8.5617404512570869E-002
   5.5014609876371856E-002  -2.9057557673941594E-003   8.5589811939360577E-002
   5.5029718089149360E-002  -2.9287613927188182E-003   8.5566806314035918E-002
   5.5042296319567335E-002  -2.9479368541847971E-003   8.5547630852569945E-002
   5.5052767664790447E-002  -2.9639158452395950E-003   8.5531651861515137E-002
   5.5061484640471989E-002  -2.9772284421130247E-003   8.5518339264641710E-002
   5.5068740901555821E-002  -2.9883176676049491E-003   8.5507250039149788E-002
   5.5074781033270279E-002  -2.9975535252360678E-003   8.5498014181518672E-002
   5.5079808724928306E-002  -3.0052448525455708E-003   8.5490322854209169E-002
   5.5083993590105809E-002  -3.0116493066521710E-003   8.5483918400102568E-002
   5.5087476854914982E-002  -3.0169817586477199E-003   8.5478585948107019E-002
   5.5090376100533800E-002  -3.0214213381601260E-003   8.5474146368594614E-002
   5.5093497241685496E-002  -3.0262019116342512E-003   8.5469365795120489E-002
   5.5096579069702209E-002  -3.0309234994038057E-003   8.5464644207350934E-002
   5.5099582832356345E-002  -3.0355266609443060E-003   8.5460041045810425E-002
   5.5102470761311514E-002  -3.0399534059047163E-003   8.5455614300850025E-002
   5.5105206546794655E-002  -3.0441479285242567E-003   8.5451419778230481E-002
   5.5107755793831259E-002  -3.0480573162816990E-003   8.5447510390473033E-002
   5.5110086454324969E-002  -3.0516322235225961E-003   8.5443935483232133E-002
   5.5112169229571212E-002  -3.0548275011801893E-003   8.5440740205574545E-002
   5.5113977938168454E-002  -3.0576027742114354E-003   8.5437964932543298E-002
   5.5115489844727042E-002  -3.0599229590015310E-003   8.5435644747753198E-002
   5.5116685945269556E-002  -3.0617587137435234E-003   8.5433808993011215E-002
   5.5117551205758647E-002  -3.0630868156697262E-003   8.5432480891085003E-002
   5.5118074750776208E-002  -3.0638904599747077E-003   8.5431677246780025E-002
   5.5118249999999980E-002  -3.0641594763252326E-003   8.5431408230429509E-002
 u       pitch_line
  -1.8372749999999993E-002   4.5269170345485776E-002
  -1.8365976442393375E-002   4.5273004768656935E-002
  -1.8345741692672408E-002   4.5284446476664471E-002
  -1.8312302371430448E-002   4.5303312785416411E-002
  -1.8266082372028449E-002   4.5329305739564230E-002
  -1.8207667223091296E-002   4.5362021378174064E-002
  -1.8137796340645093E-002   4.5400961731184228E-002
  -1.8057353307067703E-002   4.5445548680968860E-002
  -1.7967354342823070E-002   4.5495138728205542E-002
  -1.7868935158635132E-002   4.5549037708605668E-002
  -1.7763336389821111E-002   4.5606514621062869E-002
  -1.7651887821329180E-002   4.5666813936906282E-002
  -1.7535991612981305E-002   4.5729166035409004E-002
  -1.7417104731687595E-002   4.5792795709616613E-002
  -1.7296720793493595E-002   4.5856928960459439E-002
  -1.7176279065702790E-002   4.5920836877691287E-002
  -1.7045218692155847E-002   4.5990137348089086E-002
  -1.6902643870673431E-002   4.6065299008087944E-002
  -1.6747590312842182E-002   4.6146842250728737E-002
  -1.6579021279645272E-002   4.6235347618929418E-002
  -1.6395823643909249E-002   4.6331465566770570E-002
  -1.6196804050341483E-002   4.6435927643978907E-002
  -1.5980685262715080E-002   4.6549559083760579E-002
  -1.5746102810215948E-002   4.6673292663784151E-002
  -1.5491602071634008E-002   4.6808183554399647E-002
  -1.5215635967516549E-002   4.6955424655067156E-002
  -1.4916563467160346E-002   4.7116361635565297E-002
  -1.4592649159887026E-002   4.7292506527614589E-002
  -1.4242064188754719E-002   4.7485548239446985E-002
  -1.3862888899762418E-002   4.7697357776069753E-002
  -1.3453117620314259E-002   4.7929985230337729E-002
  -1.3010666046192968E-002   4.8185644759683857E-002
  -1.2533381784602775E-002   4.8466682786102361E-002
  -1.2019058668358699E-002   4.8775523582359273E-002
  -1.1465455419582465E-002   4.9114587054189814E-002
  -1.0870318704159066E-002   4.9486182974729231E-002
  -1.0231410852467863E-002   4.9892381244659403E-002
  -9.5465430040988838E-003   5.0334848299645657E-002
  -8.8136140181387327E-003   5.0814646129548620E-002
  -8.0306552212534420E-003   5.1331993662042052E-002
  -7.1958807680241668E-003   5.1885993607830611E-002
  -6.3077429841340675E-003   5.2474332640092339E-002
  -5.3649915389301969E-003   5.3092969244062246E-002
  -4.3667346389091328E-003   5.3735831952956795E-002
  -3.3124996411100921E-003   5.4394561183894338E-002
  -2.2022895512362993E-003   5.5058340704116977E-002
  -1.0366307881740262E-003   5.5713880211442787E-002
   1.8339366268096263E-004   5.6345629331441799E-002
   1.4561331058022993E-003   5.6936327346155405E-002
   2.7793893302822323E-003   5.7468025156609912E-002
   4.1504729302156498E-003   5.7923632914807413E-002
   5.5662722578593109E-003   5.8288538167249590E-002
   7.0233226820334838E-003   5.8552042072067212E-002
   8.5178785433579901E-003   5.8708629857079413E-002
   1.0045978490187450E-002   5.8758886948502460E-002
   1.1603492457264004E-002   5.8709836427833527E-002
   1.3186139568173418E-002   5.8574501254562525E-002
   1.4789470019900351E-002   5.8370573288081935E-002
   1.6408810989362983E-002   5.8118207963500187E-002
   1.8039197193338269E-002   5.7837344962798062E-002
   1.9675333447238395E-002   5.7545445897767895E-002
   2.2969882482585628E-002   5.6973133412182859E-002
   2.6212434557026258E-002   5.6459942067557826E-002
   2.9350731657110357E-002   5.5995267897052309E-002
   3.2337227134854180E-002   5.5532029218090806E-002
   3.5132975270626074E-002   5.5016099993575096E-002
   3.7709985347186968E-002   5.4407286857522413E-002
   4.0051845589450422E-002   5.3688217797161861E-002
   4.2152943062164841E-002   5.2863914714127755E-002
   4.4016777231006991E-002   5.1956184273832584E-002
   4.5653846965369935E-002   5.0996232171322063E-002
   4.7079496890116757E-002   5.0017834809570096E-002
   4.8311980025461970E-002   4.9052268630947117E-002
   4.9370869451817678E-002   4.8125289789524649E-002
   5.0275855648798690E-002   4.7255899487257308E-002
   5.1045904561518876E-002   4.6456394338012554E-002
   5.1698719984148753E-002   4.5733185012055436E-002
   5.2250443914959976E-002   4.5087963187062256E-002
   5.2715531543400321E-002   4.4518927494617520E-002
   5.3106746834786375E-002   4.4021898842491788E-002
   5.3435235938293094E-002   4.3591246085677188E-002
   5.3710646427151176E-002   4.3220602526441117E-002
   5.3941269576493617E-002   4.2903387616088286E-002
   5.4134190179764993E-002   4.2633163983039755E-002
   5.4295433899983578E-002   4.2403864286255581E-002
   5.4430106124418398E-002   4.2209920490711803E-002
   5.4542519059600239E-002   4.2046323389532320E-002
   5.4636305664028328E-002   4.1908634603589942E-002
   5.4714520215812287E-002   4.1792967968394525E-002
   5.4779726046008226E-002   4.1695952658442448E-002
   5.4834071381733518E-002   4.1614686738750822E-002
   5.4879354442878170E-002   4.1546687028161514E-002
   5.4917078998162339E-002   4.1489839086476396E-002
   5.4948501563108001E-002   4.1442349653712400E-002
   5.4974671350028523E-002   4.1402702838642946E-002
   5.4996463982203064E-002   4.1369620659193508E-002
   5.5014609876371856E-002   4.1342028085983210E-002
   5.5029718089149360E-002   4.1319022460658550E-002
   5.5042296319567335E-002   4.1299846999192570E-002
   5.5052767664790447E-002   4.1283868008137770E-002
   5.5061484640471989E-002   4.1270555411264342E-002
   5.5068740901555821E-002   4.1259466185772420E-002
   5.5074781033270279E-002   4.1250230328141298E-002
   5.5079808724928306E-002   4.1242539000831795E-002
   5.5083993590105809E-002   4.1236134546725194E-002
   5.5087476854914982E-002   4.1230802094729645E-002
   5.5090376100533800E-002   4.1226362515217239E-002
   5.5093497241685496E-002   4.1221581941743114E-002
   5.5096579069702209E-002   4.1216860353973560E-002
   5.5099582832356345E-002   4.1212257192433065E-002
   5.5102470761311514E-002   4.1207830447472650E-002
   5.5105206546794655E-002   4.1203635924853113E-002
   5.5107755793831259E-002   4.1199726537095666E-002
   5.5110086454324969E-002   4.1196151629854773E-002
   5.5112169229571212E-002   4.1192956352197177E-002
   5.5113977938168454E-002   4.1190181079165930E-002
   5.5115489844727042E-002   4.1187860894375837E-002
   5.5116685945269556E-002   4.1186025139633847E-002
   5.5117551205758647E-002   4.1184697037707642E-002
   5.5118074750776208E-002   4.1183893393402657E-002
   5.5118249999999980E-002   4.1183624377052135E-002
 u1_top      v1_top      u2_bot      v2_bot
  -4.3427973137861162E-002   8.9516954198863144E-002
   6.6824731378611890E-003   1.0213864921084087E-003
  -4.3406957186467643E-002   8.9520788622034303E-002
   6.6750043016809112E-003   1.0252209152795677E-003
  -4.3344532128436961E-002   8.9532230330041845E-002
   6.6530487430921485E-003   1.0366626232871032E-003
  -4.3242540685489730E-002   8.9551096638793778E-002
   6.6179359426288276E-003   1.0555289320390432E-003
  -4.3103968875161561E-002   8.9577089592941597E-002
   6.5718041311046728E-003   1.0815218861868620E-003
  -4.2932819791845239E-002   8.9609805231551432E-002
   6.5174853456626547E-003   1.1142375247966962E-003
  -4.2733940905407039E-002   8.9648745584561595E-002
   6.4583482241168631E-003   1.1531778778068602E-003
  -4.2512810728481003E-002   8.9693332534346221E-002
   6.3981041143456110E-003   1.1977648275914923E-003
  -4.2275294412419166E-002   8.9742922581582910E-002
   6.3405857267730369E-003   1.2473548748281743E-003
  -4.2027382009922662E-002   8.9796821561983042E-002
   6.2895116926524018E-003   1.3012538552283001E-003
  -4.1774926838340408E-002   8.9854298474440236E-002
   6.2482540586982008E-003   1.3587307676855009E-003
  -4.1523403384992434E-002   8.9914597790283657E-002
   6.2196277423340676E-003   1.4190300835289146E-003
  -4.1277703473217658E-002   8.9976949888786378E-002
   6.2057202472550546E-003   1.4813821820316361E-003
  -4.1041985570704001E-002   9.0040579562993980E-002
   6.2077761073288176E-003   1.5450118562392451E-003
  -4.0819585734145944E-002   9.0104712813836807E-002
   6.2261441471587603E-003   1.6091451070820717E-003
  -4.0612871408357523E-002   9.0168620731068655E-002
   6.2603132769519440E-003   1.6730530243139197E-003
  -4.0405130298008338E-002   9.0237921201466453E-002
   6.3146929136966463E-003   1.7423534947117181E-003
  -4.0198525567969774E-002   9.0313082861465305E-002
   6.3932378266229085E-003   1.8175151547105764E-003
  -3.9995506394177885E-002   9.0394626104106104E-002
   6.5003257684935305E-003   1.8990583973513692E-003
  -3.9798776876722008E-002   9.0483131472306785E-002
   6.6407343174314723E-003   1.9875637655520501E-003
  -3.9611244585700166E-002   9.0579249420147945E-002
   6.8195972978816674E-003   2.0836817133932026E-003
  -3.9435945660387398E-002   9.0683711497356267E-002
   7.0423375597044348E-003   2.1881437906015391E-003
  -3.9275943441627839E-002   9.0797342937137954E-002
   7.3145729161976855E-003   2.3017752303832115E-003
  -3.9134197600109735E-002   9.0921076517161525E-002
   7.6419919796778396E-003   2.4255088104067832E-003
  -3.9013400604200943E-002   9.1055967407777022E-002
   8.0301964609329375E-003   2.5603997010222798E-003
  -3.8915778166690312E-002   9.1203208508444517E-002
   8.4845062316572292E-003   2.7076408016897882E-003
  -3.8842850076799246E-002   9.1364145488942672E-002
   9.0097231424785609E-003   2.8685777821879296E-003
  -3.8795147646681322E-002   9.1540290380991957E-002
   9.6098493269072757E-003   3.0447226742372213E-003
  -3.8771883974226221E-002   9.1733332092824360E-002
   1.0287755596716786E-002   3.2377643860696179E-003
  -3.8770573431499894E-002   9.1945141629447114E-002
   1.1044795631975086E-002   3.4495739226923852E-003
  -3.8786597292823369E-002   9.2177769083715097E-002
   1.1880362052194844E-002   3.6822013769603618E-003
  -3.8812713248040025E-002   9.2433428613061225E-002
   1.2791381155654093E-002   3.9378609063064896E-003
  -3.8838507695653890E-002   9.2714466639479728E-002
   1.3771744126448344E-002   4.2188989327249932E-003
  -3.8849797606763860E-002   9.3023307435736641E-002
   1.4811680270046477E-002   4.5277397289819055E-003
  -3.8828403715532284E-002   9.3362370907567188E-002
   1.5897492876367342E-002   4.8668032008124459E-003
  -3.8752792836445220E-002   9.3733966828106599E-002
   1.7012155428127090E-002   5.2383991213518638E-003
  -3.8598112976323200E-002   9.4140165098036771E-002
   1.8135291271387497E-002   5.6445973912820357E-003
  -3.8335993874040415E-002   9.4582632153023025E-002
   1.9242907865842665E-002   6.0870644462682894E-003
  -3.7934469269869202E-002   9.5062429982925994E-002
   2.0307241233591747E-002   6.5668622761712522E-003
  -3.7358062065554760E-002   9.5579777515419420E-002
   2.1296751623047880E-002   7.0842098086646849E-003
  -3.6568082603235963E-002   9.6133777461207978E-002
   2.2176321067187640E-002   7.6382097544532429E-003
  -3.5523205929006180E-002   9.6722116493469706E-002
   2.2907719960738052E-002   8.2265487867149711E-003
  -3.4180414590680719E-002   9.7340753097439614E-002
   2.3450431512820336E-002   8.8451853906848787E-003
  -3.2496422533530876E-002   9.7983615806334162E-002
   2.3762953255712614E-002   9.4880480995794270E-003
  -3.0429738111741947E-002   9.8642345037271706E-002
   2.3804738829521783E-002   1.0146777330516971E-002
  -2.7943588510662903E-002   9.9306124557494352E-002
   2.3539009408190304E-002   1.0810556850739610E-002
  -2.5010028441136482E-002   9.9961664064820155E-002
   2.2936766864788436E-002   1.1466096358065420E-002
  -2.1615719305634464E-002  0.10059341318481917     
   2.1982506630996393E-002   1.2097845478064431E-002
  -1.7770143227143653E-002  0.10118411119953277     
   2.0682409438748259E-002   1.2688543492778037E-002
  -1.3517157862950397E-002  0.10171580900998728     
   1.9075936523514869E-002   1.3220241303232544E-002
  -8.9402151510316712E-003  0.10217141676818478     
   1.7241161011462974E-002   1.3675849061430045E-002
  -4.1512306559269678E-003  0.10253632202062696     
   1.5283775171645595E-002   1.4040754313872222E-002
   7.1545569941876188E-004  0.10279982592544458     
   1.3331189664648210E-002   1.4304258218689844E-002
   5.5098572422690190E-003  0.10295641371045677     
   1.1525899844446966E-002   1.4460846003702045E-002
   1.0077404513474551E-002  0.10300667080187983     
   1.0014552466900355E-002   1.4511103095125093E-002
   1.4274238201589795E-002  0.10295762028121089     
   8.9327467129382190E-003   1.4462052574456159E-002
   1.7985657842575029E-002  0.10282228510793989     
   8.3866212937718111E-003   1.4326717401185157E-002
   2.1145463060861035E-002  0.10261835714145931     
   8.4334769789396712E-003   1.4122789434704568E-002
   2.3751897287265462E-002  0.10236599181687756     
   9.0657246914605076E-003   1.3870424110122820E-002
   2.5864223452413623E-002  0.10208512881617543     
   1.0214170934262920E-002   1.3589561109420695E-002
   2.7581976833937972E-002  0.10179322975114527     
   1.1768690060538824E-002   1.3297662044390528E-002
   3.0335928294107747E-002  0.10122091726556023     
   1.5603836671063517E-002   1.2725349558805492E-002
   3.2894357488364383E-002  0.10070772592093519     
   1.9530511625688141E-002   1.2212158214180459E-002
   3.5903936441127271E-002  0.10024305175042968     
   2.2797526873093450E-002   1.1747484043674941E-002
   3.9688014909938757E-002   9.9779813071468174E-002
   2.4986439359769606E-002   1.1284245364713438E-002
   4.4302450787883592E-002   9.9263883846952464E-002
   2.5963499753368563E-002   1.0768316140197728E-002
   4.9630084988351565E-002   9.8655070710899781E-002
   2.5789885706022378E-002   1.0159503004145046E-002
   5.5470916795618178E-002   9.7936001650539228E-002
   2.4632774383282676E-002   9.4404339437844931E-003
   6.1598393176647934E-002   9.7111698567505123E-002
   2.2707492947681748E-002   8.6161308607503873E-003
   6.7794559813471586E-002   9.6203968127209952E-002
   2.0238994648542410E-002   7.7084004204552165E-003
   7.3870811363531394E-002   9.5244016024699424E-002
   1.7436882567208479E-002   6.7484483179446955E-003
   7.9678020097172286E-002   9.4265618662947470E-002
   1.4480973683061234E-002   5.7700509561927280E-003
   8.5108996877679616E-002   9.3300052484324492E-002
   1.1514963173244325E-002   4.8044847775697494E-003
   9.0095847505275245E-002   9.2373073642902009E-002
   8.6458913983600977E-003   3.8775059361472811E-003
   9.4604386326206519E-002   9.1503683340634676E-002
   5.9473249713908743E-003   3.0081156338799403E-003
   9.8627292513938966E-002   9.0704178191389928E-002
   3.4645166090987931E-003   2.2086104846351859E-003
  0.10217719447453194        8.9980968865432803E-002
   1.2202454937655441E-003   1.4854011586780680E-003
  0.10528041234985053        8.9335747040439617E-002
  -7.7952451993055366E-004   8.4017933368488867E-004
  0.10797172294371536        8.8766711347994881E-002
  -2.5406598569146926E-003   2.7114364124015272E-004
  0.11029025088770902        8.8269682695869156E-002
  -4.0767572181362732E-003  -2.2588501088557922E-004
  0.11227642673488782        8.7839029939054555E-002
  -5.4059548583016009E-003  -6.5653776770017991E-004
  0.11396986693143506        8.7468386379818491E-002
  -6.5485740771326559E-003  -1.0271813269362509E-003
  0.11540799917001274        8.7151171469465660E-002
  -7.5254600170254343E-003  -1.3443962372890819E-003
  0.11662525884657460        8.6880947836417116E-002
  -8.3568784870446111E-003  -1.6146198703376122E-003
  0.11765270242701988        8.6651648139632942E-002
  -9.0618346270526923E-003  -1.8439195671217865E-003
  0.11851791074562058        8.6457704344089170E-002
  -9.6576984967837870E-003  -2.0378633626655651E-003
  0.11924508310161443        8.6294107242909687E-002
  -1.0160044982413949E-002  -2.2014604638450480E-003
  0.11985524807688627        8.6156418456967310E-002
  -1.0582636748829588E-002  -2.3391492497874256E-003
  0.12036653786652383        8.6040751821771899E-002
  -1.0937497434899246E-002  -2.4548158849828430E-003
  0.12079448938186949        8.5943736511819815E-002
  -1.1235037289853020E-002  -2.5518311949349198E-003
  0.12115234785066091        8.5862470592128190E-002
  -1.1484205087193888E-002  -2.6330971146265453E-003
  0.12145135774929768        8.5794470881538881E-002
  -1.1692648863541336E-002  -2.7010968252158540E-003
  0.12170103235065290        8.5737622939853764E-002
  -1.1866874354328205E-002  -2.7579447669009716E-003
  0.12190939758994776        8.5690133507089761E-002
  -1.2012394463731785E-002  -2.8054341996649676E-003
  0.12208320887248679        8.5650486692020314E-002
  -1.2133866172429689E-002  -2.8450810147344213E-003
  0.12222814129311192        8.5617404512570883E-002
  -1.2235213328705766E-002  -2.8781631941838595E-003
  0.12234895483139395        8.5589811939360577E-002
  -1.2319735078650251E-002  -2.9057557673941581E-003
  0.12244963666873372        8.5566806314035918E-002
  -1.2390200490435002E-002  -2.9287613927188177E-003
  0.12253352301737805        8.5547630852569945E-002
  -1.2448930378243336E-002  -2.9479368541847975E-003
  0.12260340287978107        8.5531651861515137E-002
  -1.2497867550200117E-002  -2.9639158452395981E-003
  0.12266160605494068        8.5518339264641710E-002
  -1.2538636773996706E-002  -2.9772284421130252E-003
  0.12271007753400305        8.5507250039149788E-002
  -1.2572595730891395E-002  -2.9883176676049478E-003
  0.12275044021870646        8.5498014181518672E-002
  -1.2600878152165887E-002  -2.9975535252360699E-003
  0.12278404767750703        8.5490322854209155E-002
  -1.2624430227650446E-002  -3.0052448525455730E-003
  0.12281202844048736        8.5483918400102554E-002
  -1.2644041260275726E-002  -3.0116493066521741E-003
  0.12283532313397939        8.5478585948107005E-002
  -1.2660369424149387E-002  -3.0169817586477229E-003
  0.12285471557362725        8.5474146368594600E-002
  -1.2673963372559660E-002  -3.0214213381601282E-003
  0.12287559571405114        8.5469365795120489E-002
  -1.2688601230680094E-002  -3.0262019116342534E-003
  0.12289621640300348        8.5464644207350920E-002
  -1.2703058263599049E-002  -3.0309234994038078E-003
  0.12291631814700985        8.5460041045810425E-002
  -1.2717152482297142E-002  -3.0355266609443030E-003
  0.12293564787065192        8.5455614300850025E-002
  -1.2730706348028864E-002  -3.0399534059047176E-003
  0.12295396211337974        8.5451419778230481E-002
  -1.2743549019790398E-002  -3.0441479285242545E-003
  0.12297103011011928        8.5447510390473033E-002
  -1.2755518522456738E-002  -3.0480573162817021E-003
  0.12298663671598360        8.5443935483232147E-002
  -1.2766463807333664E-002  -3.0516322235225948E-003
  0.12300058513716901        8.5440740205574545E-002
  -1.2776246678026557E-002  -3.0548275011801906E-003
  0.12301269943242485        8.5437964932543298E-002
  -1.2784743556087913E-002  -3.0576027742114376E-003
  0.12302282675229886        8.5435644747753198E-002
  -1.2791847062844752E-002  -3.0599229590015306E-003
  0.12303083928665888        8.5433808993011215E-002
  -1.2797467396119783E-002  -3.0617587137435204E-003
  0.12303663589472659        8.5432480891085016E-002
  -1.2801533483209310E-002  -3.0630868156697258E-003
  0.12304014339598192        8.5431677246780025E-002
  -1.2803993894429475E-002  -3.0638904599747108E-003
  0.12304131750474694        8.5431408230429495E-002
  -1.2804817504746976E-002  -3.0641594763252331E-003
 intersection points
     u                   v                   counter
  -1.5673525443619128E-002   8.8531963253187448E-002
   1.8400198711915273E-002   1.9369204947146199E-002           1
  -1.2355766404652749E-002   8.8723342863868015E-002
   1.7705549302550094E-002   1.9539556220735072E-002           2
  -9.0400300124418940E-003   8.9559676605725516E-002
   1.6661410100404409E-002   1.9776074389300357E-002           3
  -5.6074685152683003E-003   9.0906412830876304E-002
   1.5355702164328961E-002   2.0048881175145698E-002           4
  -1.9802179004593900E-003   9.2650808838987450E-002
   1.3907820585144427E-002   2.0306040949309375E-002           5
   1.8877456078579811E-003   9.4576565887609640E-002
   1.2448939673881908E-002   2.0492975736618509E-002           6
   5.9702469901336671E-003   9.6184112581987058E-002
   1.1108094062663580E-002   2.0606739956763476E-002           7
   1.0073028825330595E-002   9.6845709822671308E-002
   1.0018928329395842E-002   2.0672309560974590E-002           8
   1.3899222956305659E-002   9.6744526597430561E-002
   9.3071509897569762E-003   2.0665023991579427E-002           9
   1.7293061013911381E-002   9.6437087048439937E-002
   9.0738728460890879E-003   2.0662636216625917E-002          10
   2.0220445149421465E-002   9.6178766609797225E-002
   9.3733365518897174E-003   2.0665701449934761E-002          11
   2.2694561388575799E-002   9.5994723877537047E-002
   1.0193100859457713E-002   2.0663738934332151E-002          12
   2.4768085365356275E-002   9.5886851705818593E-002
   1.1451346755394420E-002   2.0585357226853788E-002          13
   2.6515035903476859E-002   9.5822330424285507E-002
   1.3041133281932595E-002   2.0418609565640622E-002          14
   2.9425421433271686E-002   9.5751509145362054E-002
   1.6773531624440830E-002   1.9751698674156784E-002          15
   3.2137658093302851E-002   9.5696852311837902E-002
   2.0528592649289256E-002   1.8821464225977851E-002          16
   3.5211627658181678E-002   9.5568525255807585E-002
   2.3716595843040526E-002   1.7953114184785384E-002          17
   3.8925690638329145E-002   9.5191031483908700E-002
   2.5991004811538914E-002   1.7331188404903105E-002          18
   4.3238481778736605E-002   9.4129645726699698E-002
   2.7251958499237321E-002   1.6985841230252867E-002          19
   4.7819882686932561E-002   9.1935542974112439E-002
   2.7602855413943372E-002   1.6889303440693365E-002          20
   5.2191519138036706E-002   8.8525183269734742E-002
   2.7261240436044595E-002   1.6983287609446725E-002          21
 min_throat_2D    7.3893465998590105E-002
 throat_index            4
