  -7.7700000001073084       -23.426070805511422        902.00259593246494     
  -7.6700000001073079       -23.437714357941868        902.01276138458002     
  -7.5700000001073082       -23.449357910372314        902.02292683669509     
  -7.4700000001073086       -23.461001462802759        902.03309228881017     
  -7.0568961032893851       -23.509101431620969        902.07508616762664     
  -7.0497182779212437       -23.509937185481075        902.07581582602734     
  -7.0411313602057133       -23.510937517038720        902.07668883797862     
  -7.0312432797222950       -23.512090113835136        902.07769428749862     
  -7.0201783260826334       -23.513380762096272        902.07881959611643     
  -7.0080755888890049       -23.514793511248211        902.08005067778129     
  -6.9950872115599356       -23.516310860354359        902.08137211274675     
  -6.9813764808319672       -23.517913964851154        902.08276733840739     
  -6.9671157758214903       -23.519582861657959        902.08421885484199     
  -6.9524844023143935       -23.521296710424124        902.08570844261749     
  -6.9376663394166291       -23.523034048362980        902.08721739022451     
  -6.9233398652851861       -23.524715298522061        902.08867661600152     
  -6.9063596867428814       -23.526709935408164        902.09040656414970     
  -6.8862347687057435       -23.529076737807376        902.09245750086779     
  -6.8623834242269606       -23.531885651887663        902.09488904129341     
  -6.8341166634915043       -23.535219967778694        902.09777189431770     
  -6.8006185188266377       -23.539178940564504        902.10118993524304     
  -6.7609228106924064       -23.543880953230310        902.10524266861148     
  -6.7138857308347735       -23.549467342395410        902.11004815560045     
  -6.6581535177856930       -23.556107036773749        902.11574649475881     
  -6.5921243861508767       -23.564002194526484        902.12250396203467     
  -6.5139037447209622       -23.573395070374733        902.13051793642762     
  -6.4212516004801721       -23.584576397760920        902.14002276166548     
  -6.3115208987914624       -23.597895636152025        902.15129672246121     
  -6.1815853996448400       -23.613773508044229        902.16467034628181     
  -6.0277555448715248       -23.632717330746956        902.18053627794029     
  -5.8456806462932676       -23.655339725490965        902.19936101346116     
  -5.6302356427583611       -23.682381341802696        902.22169881877221     
  -5.3753906697063325       -23.714738232208251        902.24820819206855     
  -5.0740618100824548       -23.753494386123009        902.27967124545387     
  -4.7179417257490854       -23.799959570294888        902.31701636268497     
  -4.2973095124990675       -23.855711840663034        902.36134440311787     
  -3.8008202317062785       -23.922642589673178        902.41395851369134     
  -3.2152763558591433       -24.002999316681493        902.47639719494964     
  -2.5253860980797125       -24.099416788171819        902.55046950992494     
  -1.7135176178938327       -24.214919978822572        902.63829002562773     
 -0.75946378702351680       -24.352871059014785        902.74230894954940     
  0.35976011082575077       -24.516816728666768        902.86532958564180     
   1.6700536290974985       -24.710171332158623        903.01050022717254     
   3.2002601595822382       -24.935648262843586        903.18126047894316     
   4.9820345808119670       -25.194337148307390        903.38121252458052     
   7.0494940351480242       -25.484342846191481        903.61387637226244     
   9.4386154515437166       -25.799012194645499        903.88227601352412     
   12.186413511419849       -26.125096905728210        904.18829328462323     
   15.330009253933131       -26.441977249665094        904.53161227902842     
   18.904094003238882       -26.724738663036376        904.90598329958880     
   22.940714158208586       -26.957743554810889        905.29513267911193     
   27.475518631928590       -27.169678428627371        905.66946452490379     
   32.555468368189992       -27.481974750306822        905.97934176364424     
   38.238827130353521       -28.128573717014191        906.14471180278645     
   44.578079671027552       -29.407563325060103        906.04155475989660     
   51.586998498424805       -31.566335537051216        905.49004660915455     
   59.208868908113018       -34.673000548068835        904.27043510108035     
   67.338268294301258       -38.567130073230011        902.35836863385384     
   75.836375662148825       -42.882460815227894        900.00184860745378     
   84.528109093154626       -47.111358452978138        897.59437713530156     
   93.221561910402912       -50.710916002619015        895.59280239919940     
   100.57407894913371       -52.954311376364558        894.49157955807914     
   107.66008771000020       -54.188959708014281        893.98746445129871     
   114.36810111853663       -54.323912865103225        893.95778641693346     
   120.62087964787217       -53.370256092476360        894.27579417726224     
   126.37352401529807       -51.419985169069911        894.82503180431149     
   131.60837940401311       -48.619588899245713        895.50719191150745     
   136.32866066009535       -45.143656929845513        896.24534487280926     
   140.55220626577690       -41.172492203622717        896.98339926095070     
   144.30681375175138       -36.876579307431598        897.68375628027684     
   147.62798334104633       -32.409198939525183        898.32477394910120     
   150.55465436062167       -27.902909852987776        898.89605451350803     
   153.12576116266450       -23.467559761861665        899.39441257126077     
   155.37898459053378       -19.189817283734840        899.82164667605275     
   157.34993701459760       -15.134060570043282        900.18277138761050     
   159.07160986277387       -11.344342721784979        900.48460099720296     
   160.57407036110760       -7.8470730947580103        900.73468826829730     
   161.88436632800267       -4.6540501580296789        900.94058618381951     
   163.02658672839672       -1.7655346522618096        901.10937984941484     
   164.02202107011630       0.82689043360743941        901.24742726934062     
   164.88936572704347        3.1378524742140241        901.36024902492204     
   165.64496669469855        5.1860870840609410        901.45251946676353     
   166.30308146997413        6.9926893696288994        901.52812144403447     
   166.87613563049746        8.5797352514835126        901.59023444672744     
   167.37495997912089        9.9692517181918419        901.64143516332229     
   167.80900199691877        11.182491381073261        901.68379716100139     
   168.18651023471580        12.239457518185064        901.71898220130038     
   168.51469302725354        13.158625661275604        901.74831973325399     
   168.79985425227065        13.956812708270061        901.77287368409543     
   169.04750931421250        14.649151808859646        901.79349716541560     
   169.26248447905320        15.249139162544338        901.81087646489914     
   169.44900236671305        15.768726402841398        901.82556596698942     
   169.61075597731116        16.218438905476887        901.83801563627526     
   169.75097318429505        16.607505932820015        901.84859254015078     
   169.87247322699039        16.943992975455178        901.85759766947569     
   169.97771640293968        17.234930052569840        901.86527908931794     
   170.06884790156755        17.486432228426168        901.87184224367013     
   170.14773652800002        17.703810361397252        901.87745805987993     
   170.21600892651219        17.891671291924709        901.88226935277589     
   170.27507981345934        18.054007444215298        901.88639591273943     
   170.32617865759107        18.194276284815263        901.88993857231537     
   170.37037319132418        18.315470343162843        901.89298248036630     
   170.40859010000565        18.420178623525068        901.89559974051554     
   170.44163319474862        18.510640275117900        901.89785155883942     
   170.47019934696101        18.588791370074095        901.89979000742255     
   170.49489243941258        18.656305590776356        901.90145947491885     
   170.51623556232644        18.714629564421433        901.90289786576329     
   170.53733153842430        18.772250562251514        901.90431668277279     
   170.55816584280228        18.829130544764936        901.90571630142267     
   170.57847630572218        18.884554974107829        901.90707920904572     
   170.59800721300135        18.937828213464719        901.90838839891785     
   170.61651253497698        18.988282214390114        901.90962757709190     
   170.63375904037179        19.035284827200112        901.91078135860198     
   170.64952925501942        19.078247633993261        901.91183545102012     
   170.66362422697367        19.116633211565059        901.91277682355360     
   170.67586606163536        19.149961740084677        901.91359386005752     
   170.68610019318658        19.177816882647672        901.91427649453180     
   170.69419736180811        19.199850870524955        901.91481632786861     
   170.70005526984085        19.215788738889103        901.91520672488195     
   170.70359989353756        19.225431667952776        901.91544289345097     
   171.10478643387611        20.316834784558360        901.94217285387776     
   171.20478643387611        20.588878586348045        901.94883558000117     
   171.30478643387610        20.860922388137730        901.95549830612458     
   171.40478643387610        21.132966189927416        901.96216103224799     
