  -13.759999999997868       -91.298447367351557        712.26106391640690     
  -13.659999999997869       -91.292104116544493        712.28368521968241     
  -13.559999999997869       -91.285760865737430        712.30630652295793     
  -13.459999999997869       -91.279417614930367        712.32892782623344     
  -12.993945866061757       -91.249854632318119        712.43435534529908     
  -12.957760144034483       -91.247559281213583        712.44254102722130     
  -12.914467267749686       -91.244814511746711        712.45232594808158     
  -12.864609613783436       -91.241655433092291        712.46358317191209     
  -12.808812011547111       -91.238122398371232        712.47616707082841     
  -12.747773995435940       -91.234260466807427        712.48991537132065     
  -12.682261116765703       -91.230118806266049        712.50465140498932     
  -12.613095419174787       -91.225750045162471        712.52018652410447     
  -12.541145192065430       -91.221209583351992        712.53632264150770     
  -12.467314126381414       -91.216554872039552        712.55285485457898     
  -12.392530005407764       -91.211844672985762        712.56957411411213     
  -12.318964972311068       -91.207215783298977        712.58599513420802     
  -12.234402904787952       -91.201900494495632        712.60483965951130     
  -12.137204904047557       -91.195798322116332        712.62645919015245     
  -12.025489458985763       -91.188794500648669        712.65125434040760     
  -11.897097067835528       -91.180758098728560        712.67968116047939     
  -11.749549879342327       -91.171539936502455        712.71225812771945     
  -11.580005713196567       -91.160970303913473        712.74957384698621     
  -11.385205758913660       -91.148856488196202        712.79229550080345     
  -11.161415194733493       -91.134980133192983        712.84117809668282     
  -10.904355917976300       -91.119094474161386        712.89707457751183     
  -10.609130542339813       -91.100921522145427        712.96094690159578     
  -10.270136805515380       -91.080149315321961        713.03387827865561     
  -9.8809715559791211       -91.056429415851454        713.11708689377133     
  -9.4343235702557280       -91.029374916191614        713.21194170513706     
  -8.9218546184266039       -90.998559337233743        713.31998132851504     
  -8.3340684837218131       -90.963516963331159        713.44293771963157     
  -7.6601681034688518       -90.923745380739263        713.58276748162416     
  -6.8879017043954480       -90.878711283865698        713.74169537166154     
  -6.0033998518841099       -90.827861008319388        713.92227726542546     
  -4.9910068510148884       -90.770637761465238        714.12749389021542     
  -3.8331121031258339       -90.706508164502267        714.36089264403336     
  -2.5099900708279463       -90.635001490332755        714.62680355334146     
 -0.99966175096963572       -90.555765828555934        714.93066785896247     
  0.72220358396013595       -90.468646186781214        715.27953499155115     
   2.6823195867243257       -90.373789910780204        715.68280695767703     
   4.9097092568924126       -90.271784080609279        716.15333922594323     
   7.4354740398834940       -90.163826359146867        716.70904383000925     
   10.292333010490662       -90.051922572992680        717.37518082117367     
   13.513832452420292       -89.939086263304389        718.18755967768823     
   17.133677472500530       -89.828379640144931        719.18817713002363     
   21.186573906499063       -89.717802888286855        720.39014049359480     
   25.705827878044843       -89.599117450507407        721.77839836943463     
   30.720147251051543       -89.454826899265953        723.30417847495016     
   36.249228063203695       -89.252189384267297        724.86987714400493     
   42.297131649122846       -88.934853014075955        726.31344019143194     
   48.845099057179027       -88.415039122924981        727.39750719652864     
   55.846688210214879       -87.571434675862037        727.81215317731289     
   63.222170453097050       -86.278040003962360        727.36968304318577     
   70.855446025479182       -84.451148284023816        726.30738369170786     
   78.613695188269531       -82.029980475321466        725.01687974183142     
   86.362135060938868       -78.976165680010098        723.93747486107918     
   93.973680173407885       -75.271438635200397        723.48914226275042     
   101.33759942054442       -70.904570945113932        723.92666128877750     
   108.36724193397137       -65.859462035770008        725.15378232280477     
   115.00111176247634       -60.145777250997703        726.92943619879827     
   121.20124387456190       -53.814280178526545        729.03022553868595     
   126.36246858448573       -47.701102917795986        731.03136202528412     
   131.16133558232542       -41.243701921536882        733.03950920541206     
   135.60406259877493       -34.533395924431794        734.97632790577882     
   139.70249838349923       -27.666507387006423        736.78698695139997     
   143.47370140111028       -20.738792427933824        738.44017657594259     
   146.93667057908675       -13.840370588576720        739.92090685935977     
   150.11012587243664       -7.0520569020495314        741.22476425343962     
   153.01284294672141      -0.44312212101774689        742.35713065413040     
   155.66213253720628        5.9298122624878342        743.32798554627539     
   158.07381454256884        12.022754927531416        744.14979009293438     
   160.26280460087486        17.803405360792620        744.83651901212841     
   162.24367938193780        23.249763304104256        745.40291230099854     
   164.03096186896065        28.348749062388556        745.86383865300263     
   165.63917148533503        33.094905627063504        746.23376824594573     
   167.08272545126661        37.489185812558020        746.52636415201982     
   168.37576531950526        41.537823818125055        746.75419330784041     
   169.53196457348702        45.251292180617156        746.92854930151930     
   170.56435424830457        48.643347771689164        747.05937244815857     
   171.48518687373860        51.730172076365207        747.15524864348197     
   172.30584620791387        54.529610707233793        747.22346726888782     
   173.03680150984599        57.060515213877530        747.27011937840848     
   173.68759747226190        59.342190456883316        747.30021870790642     
   174.26686617394472        61.393950593602597        747.31783012616484     
   174.78236377382592        63.234763861591290        747.32620024567632     
   175.24102912906494        64.882971996865834        747.32788524808120     
   175.64905356086444        66.356079797782272        747.32486973234415     
   176.01195385074519        67.670607987908497        747.31867296684050     
   176.33464319529133        68.842000763941712        747.31044163858610     
   176.62149717519583        69.884578776016056        747.30102918561556     
   176.87641564681962        70.811528021986518        747.29105748228460     
   177.10287682672993        71.634916998882971        747.28096942860759     
   177.30398467952270        72.365734642957008        747.27107190404217     
   177.48251055661615        73.013942780482935        747.26156966237443     
   177.64092968423327        73.588538012685859        747.25259176432837     
   177.78145315237026        74.097618981312138        747.24421196521348     
   177.90605603563529        74.548455872179730        747.23646427742096     
   178.01650221513478        74.947559797443489        747.22935473141183     
   178.11436639126808        75.300750351413356        747.22287017615167     
   178.20105369558516        75.613220166048905        747.21698479743793     
   178.27781723475306        75.889595712314502        747.21166489307450     
   178.34577383561816        76.133993916780739        747.20687232746877     
   178.40591820855985        76.350074404543122        747.20256699337074     
   178.45913570608633        76.541087354702896        747.19870853258362     
   178.50621382320909        76.709917077028251        747.19525750771072     
   178.54785256351192        76.859121499947065        747.19217617046297     
   178.58467377805846        76.990967810696972        747.18942893619351     
   178.62135109590230        77.122255171321669        747.18669393295784     
   178.65756342241156        77.251879435593167        747.18401674069833     
   178.69285618956826        77.378210657127312        747.18142939591667     
   178.72678640034286        77.499660818408017        747.17896207488275     
   178.75892813797179        77.614703789649298        747.17664282943645     
   178.78887787147141        77.721894474771403        747.17449738162259     
   178.81625949390508        77.819886904685717        747.17254897403018     
   178.84072903631341        77.907451053126252        747.17081825988726     
   178.86197899763192        77.983488170161138        747.16932322569187     
   178.87974223334629        78.047044449600435        747.16807913939965     
   178.89379534921119        78.097322869195409        747.16709851774920     
   178.90396155127416        78.133693066315701        747.16639110716028     
   178.91011290977687        78.155699136288490        747.16596387359459     
   179.31217200221536        79.594038410045002        747.13803945013524     
   179.41217200221536        79.951781662419393        747.13109409708034     
   179.51217200221535        80.309524914793784        747.12414874402543     
   179.61217200221535        80.667268167168174        747.11720339097053     
