     173.7260147694609032       46.9521222818542014      857.9051226527423069
     173.6742165267469318       46.9647924721053158      857.8955003073155012
     173.6205817511890359       46.9697180199245494      857.8859741620617569
     173.5657514051227395       46.9668372753063608      857.8766573579291617
     173.5103816827025014       46.9561865109941508      857.8676606225774322
     173.4551353377542569       46.9379001725020757      857.8590908092180598
     173.4006728149220180       46.9122098981259512      857.8510494891108920
     173.3476433060509692       46.8794422901416041      857.8436315039141391
     173.2966758007118813       46.8400154500546151      857.8369235731229310
     173.2483702114568587       46.7944343110447392      857.8310029863183672
     173.2032886530569726       46.7432848246006998      857.8259363700790345
     173.1619469302568177       46.6872270871604584      857.8217785361543974
     173.1248062593689383       46.6269875220078234      857.8185714114771372
     173.0922652056936499       46.5633502633314578      857.8163430417694144
     173.0646517550995327       46.4971479245093704      857.8151066478311577
     173.0398715770027707       46.4306481099887804      857.8143740512255135
     173.0114217153133609       46.3541731294495278      857.8135305621017324
     172.9787660117582391       46.2662260841019162      857.8125591083885411
     172.9412921858424852       46.1650855523121635      857.8114398626216826
     172.8983016750556772       46.0487720970801107      857.8101497396689865
     172.8489982962291833       45.9150099113869814      857.8086617774406477
     172.7924756329716161       45.7611829754470989      857.8069443632988396
     172.7277030520726271       45.5842850634497765      857.8049602540024807
     172.6535102469757135       45.3808629243785333      857.8026653156987322
     172.5685701951116187       45.1469519884795716      857.8000068799668725
     172.4713803919550799       44.8780040418140302      857.7969215685048994
     172.3602421788314132       44.5688064994580273      857.7933323777371015
     172.2332379004488701       44.2133932383386252      857.7891447290413680
     172.0882054941592401       43.8049474816197772      857.7842410727139395
     171.9227099042656732       43.3356980293799765      857.7784734755341560
     171.7340104075765055       42.7968112870836563      857.7716534143639819
     171.5190225093681988       42.1782831403532867      857.7635377354731645
     171.2742725097527341       41.4688368416295177      857.7538094206572623
     170.9958421551858123       40.6558357693679255      857.7420514366525595
     170.6793000129943039       39.7252232089402355      857.7277115601830246
     170.3196154119666801       38.6615051310010855      857.7100557177827795
     169.9110501055568534       37.4477961379157520      857.6881071415566566
     169.4470224365269644       36.0659529581004179      857.6605686497272245
     168.9199390217617065       34.4968234496855430      857.6257258054481554
     168.3209902942953988       32.7206409617598979      857.5813298542580014
     167.6399092838212823       30.7175924543010410      857.5244615318716797
     166.8646986138156763       28.4685816724093677      857.4513804664087502
     165.9813397529994745       25.9561928958736203      857.3573703581630525
     164.9735120173498615       23.1658390482007448      857.2365975198756587
     163.8223508354468549       20.0871248612353952      857.0820047457202691
     162.5062370839606274       16.7154505024304854      856.8852627815749656
     161.0006612728024322       13.0537308383331592      856.6368239215605627
     159.2782337821844294        9.1141029890055183      856.3261350748491623
     157.3088955725257279        4.9194614155266025      855.9420720755460934
     155.0603682992477275        0.5046349101522042      855.4736589760397010
     152.4988496662686259       -4.0829702918287190      854.9111293256754607
     149.5899073778942920       -8.7833777189323072      854.2473682444513088
     146.2994595012378625      -13.5247003081951611      853.4797437856529996
     142.5946589126633910      -18.2243116147789124      852.6122947052979271
     138.4450567465592030      -22.7909824748332213      851.6584755825050479
     133.8277232209209444      -27.1304508630606804      850.6458576030597669
     128.7283849035188439      -31.1538387119474081      849.6189533545000359
     123.1431695618329627      -34.7869466263123641      848.6417414117609042
     117.0835668016922284      -37.9790995138230585      847.8001214289480458
     110.5840049005980461      -40.7109775207963480      847.2024424585276847
     103.7103860952918097      -43.0016227717163702      846.9754354535865559
      95.4432618440729641      -45.1823197549445581      847.3487058185963861
      87.0271310956573529      -47.0184621253248878      848.4950305761210529
      78.6733763651420901      -48.6820319726956825      850.1204552564712458
      70.5748350147746493      -50.3177563388710354      851.8099838783532505
      62.8876851252367857      -52.0070328113557352      853.2062080352177418
      55.7169566600426833      -53.7416782292752373      854.0739449756140402
      49.1111799934696620      -55.4173537752293939      854.3377577247537147
      43.0599644982377896      -56.8725284059268006      854.1608939085635939
      37.4926078154356901      -57.9628040480442195      853.7286425590273211
      32.3193174785641872      -58.6228429054419848      853.1603203290105739
      27.4809467282897266      -58.8781489193435732      852.5309470662530202
      22.9706610086915255      -58.8172933853239499      851.8927056643638025
      18.8162752431854159      -58.5518454126380590      851.2849055816019472
      15.0470192125608264      -58.1823895022209001      850.7346198625181160
      11.6750540508027800      -57.7834383478140268      850.2557912803247291
       8.6928826085947506      -57.4022983557854616      849.8455563604293275
       6.0789334541001487      -57.0646680512605613      849.4938216295915936
       3.8038859022496885      -56.7813965118259745      849.1919063358478752
       1.8347198490918937      -56.5539067839830523      848.9325412984044306
       0.1376054611092004      -56.3782710796257334      848.7096240602302260
      -1.3202131464807301      -56.2479933063997422      848.5179996422587010
      -2.5693070602425720      -56.1557589491051772      848.3532830320915537
      -3.6374977782695765      -56.0944428442172693      848.2117217171710308
      -4.5496554554295550      -56.0576224582622586      848.0900903703741278
      -5.3277250003935128      -56.0397829331107715      847.9856092758811883
      -5.9908855128483012      -56.0363434080375811      847.8958796417400663
      -6.5557796699386870      -56.0435893468671509      847.8188308586682069
      -7.0367721269428678      -56.0585632708723764      847.7526763789064717
      -7.4462115849462673      -56.0789443644585006      847.6958760572812253
      -7.7946816808371588      -56.1029332798631586      847.6471035694959255
      -8.0912327439426175      -56.1291497849002567      847.6052180030369527
      -8.3435908562921988      -56.1565458486229758      847.5692390011600992
      -8.5583433594867913      -56.1843340242578790      847.5383250043769294
      -8.7411015401207131      -56.2119296640465649      847.5117542272744231
      -8.8966420900535077      -56.2389049952589346      847.4889080632834748
      -9.0290293432230939      -56.2649530279411110      847.4692566450379445
      -9.1417204141532338      -56.2898594270809696      847.4523463136649752
      -9.2376553209109566      -56.3134807338541137      847.4377887720540912
      -9.3193340417456092      -56.3357275906893662      847.4252517173026718
      -9.3888822770843294      -56.3565518769880498      847.4144507670076791
      -9.4481074958101061      -56.3759368810402606      847.4051425130198822
      -9.4985466537937295      -56.3938898150489720      847.3971185545157141
      -9.5415067928782822      -56.4104361261637024      847.3902003795468545
      -9.5780995645782401      -56.4256151717865180      847.3842349803197749
      -9.6092705763978028      -56.4394769178851092      847.3790911022047112
      -9.6358243299528894      -56.4520793904040517      847.3746560396732548
      -9.6624111040934970      -56.4655574221771062      847.3701579235594181
      -9.6887047116387119      -56.4798907607147811      847.3656422294355934
      -9.7143833210116100      -56.4950555483071781      847.3611540846220578
      -9.7391337302757393      -56.5110242659867268      847.3567376937298832
      -9.7626552739579218      -56.5277656097843035      847.3524358183607319
      -9.7846635541549443      -56.5452444107261627      847.3482892776153221
      -9.8048939500243808      -56.5634215980978752      847.3443364756491292
      -9.8231048631923343      -56.5822542042856753      847.3406129621539549
      -9.8390806605053953      -56.6016954085008308      847.3371510311761767
      -9.8526342798409043      -56.6216946159449819      847.3339793631619159
      -9.8636094692886296      -56.6421975685116905      847.3311227145360363
      -9.8718826348504578      -56.6631464829543674      847.3286016584690969
      -9.8773642768073717      -56.6844802125750746      847.3264323798073292
      -9.8799999999999066      -56.7061344288812137      847.3246265264180010
      -9.8797674321755906      -56.7279756451851256      847.3231960440159583
      -9.8766800424835264      -56.7498684382913225      847.3221481658817993
      -9.8707905209405684      -56.7717426724973180      847.3214804514775551
      -9.8621863846075204      -56.7935275334540179      847.3211857947094359
      -9.8509888172559688      -56.8151517308925875      847.3212525677571421
      -9.8373511010875934      -56.8365436968925479      847.3216648204573858
      -9.8214566597146042      -56.8576317826119393      847.3224025324246895
      -9.8035167358471949      -56.8783444570484349      847.3234419144580443
      -9.7837677311679236      -56.8986105117760772      847.3247557552206217
      -9.7624682396814038      -56.9183592756813894      847.3263138086504114
      -9.7398958093830554      -56.9375208434963653      847.3280832171008115
      -9.7163434703592948      -56.9560263214073288      847.3300289648070702
      -9.6921160703704103      -56.9738080922293548      847.3321143559380744
      -9.6675264615395129      -56.9908001016238970      847.3343015112159264
      -9.6428913606901716      -57.0069383083087615      847.3365518975241457
      -9.6138922060400027      -57.0249828031227537      847.3392646087633011
      -9.5797573745109723      -57.0451152191034438      847.3425317640544563
      -9.5395796594873037      -57.0675346011660949      847.3464626300758482
      -9.4922926136907595      -57.0924607290633617      847.3511865910984397
      -9.4366427658463330      -57.1201382264115551      847.3568566225997074
      -9.3711569871422036      -57.1508416339472447      847.3636533541650806
      -9.2941041564726721      -57.1848816904117996      847.3717898203396999
      -9.2034501244264657      -57.2226131506141940      847.3815170128214049
      -9.0968048016333096      -57.2644445810227154      847.3931303642825696
      -8.9713599942337563      -57.3108507129272127      847.4069773135997821
      -8.8238163754626129      -57.3623881058879874      847.4234661249345208
      -8.6502977170741193      -57.4197150823926066      847.4430761597478750
      -8.4462502109220026      -57.4836171366092401      847.4663698325531414
      -8.2063244000953812      -57.5550392849591930      847.4940065198168213
      -7.9242369343500538      -57.6351270856563147      847.5267587397011084
      -7.5926091123005328      -57.7252782491232423      847.5655309828343889
      -7.2027790561362046      -57.8272067791741051      847.6113816585798304
      -6.7445845259516766      -57.9430212267895399      847.6655487397897559
      -6.2061140542770508      -58.0753175658884260      847.7294798627536920
      -5.5734256374302316      -58.2272848608529685      847.8048679029042205
      -4.8302352218750553      -58.4028174177324360      847.8936934587790120
      -3.9575824880607282      -58.6066191766367552      847.9982763311749068
      -2.9334900799627421      -58.8442728112094926      848.1213391301845377
      -1.7326458652937340      -59.1222247901205549      848.2660878019443089
      -0.3261575871672845      -59.4476054197179948      848.4363164394870864
       1.3185433680411285      -59.8277565818227544      848.6365475590083634
       3.2375374005145483      -60.2692781512279652      848.8722242617858456
       5.4698400263823270      -60.7763308480019333      849.1499769041159880
       8.0562260947593032      -61.3478648895824534      849.4779919110817445
      11.0372531373340710      -61.9734225341243317      849.8665082945667564
      14.4503054062409646      -62.6272794820716783      850.3283990628390256
      18.3243568664657488      -63.2606390190160894      850.8727733321557025
      22.6723098504855578      -63.7932901923119999      851.4903445886261579
      27.4850867749909895      -64.1113749476012913      852.1539434430331994
      32.7250709266336770      -64.0826976192496147      852.8141209287614402
      38.3324777722353929      -63.6046390748207244      853.3959714286600047
      44.2566584591082446      -62.6642158102174918      853.7994780006838482
      50.4964953588722096      -61.3579107868427442      853.8969368197163021
      57.1085480991206822      -59.8438769117948084      853.5213548174045854
      64.1762132507216307      -58.2677683189958913      852.5760206935656242
      71.7504625570099819      -56.7082403497743286      851.1549418672142338
      79.8070575019849713      -55.1575217490934619      849.4763618502988720
      88.2489994354660041      -53.5265941196631871      847.8895360607607472
      96.9194156565530989      -51.6632914257333837      846.8360191869448954
     105.6075911182883829      -49.3782263192203033      846.6156305231395436
     112.9467216031441836      -46.9133789280020252      847.0152444305826975
     119.9523790863623560      -43.9155449179407427      847.8180981509328831
     126.5018238010277827      -40.3667223468686771      848.8785419533263621
     132.5105472830771021      -36.3033220468753370      850.0641351045151168
     137.9338267851258024      -31.8041690464617233      851.2683596494746325
     142.7625583021376769      -26.9739239193118188      852.4152467034037954
     147.0168535933202065      -21.9269535560582938      853.4583279041814876
     150.7373382074836741      -16.7748407831594051      854.3754902798867761
     153.9708215261218811      -11.6186304409091576      855.1599623342183349
     156.7656128590118669       -6.5460857248268978      855.8149981263728705
     159.1700999104912455       -1.6308508316136345      856.3502325682711671
     161.2315300223577026        3.0680007430661216      856.7788943082779269
     162.9947849072459576        7.5058311457984184      857.1157262909197243
     164.5013770631061618       11.6516968361733895      857.3755300410186919
     165.7887795452896000       15.4870903522477441      857.5722238257915251
     166.8901045873054159       19.0043131504764169      857.7182997757965950
     167.8340859313637452       22.2046467907818759      857.8245742904074405
     168.6452909700563225       25.0964792317742180      857.9001419744763552
     169.3444834525874398       27.6935166324178859      857.9524609671136659
     169.9490584874682213       30.0132103786178703      857.9875116294635973
     170.4734762548484639       32.0754336698421909      858.0099850768785927
     170.9296945535228645       33.9013434092816226      858.0234844424196581
     171.3275895974887248       35.5124503133133302      858.0307233364494550
     171.6753369787609813       36.9299031774420712      858.0337074601574159
     171.9797392453610883       38.1739710102000060      858.0338922370710861
     172.2464973623821720       39.2636960074330830      858.0323142693076761
     172.4804295690426557       40.2166863512693524      858.0296974993866570
     172.6856442425100227       41.0490181778418020      858.0265366592041119
     172.8656744568631325       41.7752189040626831      858.0231613412893239
     173.0235818026275183       42.4083081308707861      858.0197841713782054
     173.1620362665149173       42.9598767098180758      858.0165363452398424
     173.2833779217221490       43.4401887729814291      858.0134933908537960
     173.3896650682420386       43.8582953079082145      858.0106935450299943
     173.4827124204073243       44.2221510761078562      858.0081506638963447
     173.5641220290916067       44.5387292856718560      858.0058631809157532
     173.6353088795357280       44.8141304577526896      858.0038202918518664
     173.6975226300676809       45.0536834156242705      858.0020058928764684
     173.7518663461493134       45.2620374333631617      858.0004012475059199
     173.7993128945420551       45.4432452890446470      857.9989867661679455
     173.8407194641271190       45.6008374345983114      857.9977431157949468
     173.8768405151912475       45.7378877810406692      857.9966518795743013
     173.9083393700974796       45.8570717487073694      857.9956959188607470
     173.9357986025269724       45.9607172955963961      857.9948595411719907
     173.9597293481846805       46.0508496443892952      857.9941285446961956
     173.9805796389082388       46.1292304021199016      857.9934901866494101
     173.9987418491071764       46.1973917207365758      857.9929331069829459
     174.0144838227810737       46.2669415623253997      857.9918802640722788
     174.0247911153797133       46.3372747339647546      857.9898486319284530
     174.0294510996190240       46.4075426279335375      857.9868481665735089
     174.0283335153837356       46.4768944060540008      857.9829029742563762
     174.0213893330317774       46.5444880463022415      857.9780504797212188
     174.0086493186828704       46.6095010345275256      857.9723405747176912
     173.9902221269761355       46.6711406594546645      857.9658347199547279
     173.9662918096990722       46.7286538564436711      857.9586049847397362
     173.9371146731099316       46.7813365375465011      857.9507330160748779
     173.9030154491539406       46.8285423401217002      857.9423089342506046
     173.8643827702581746       46.8696907224890253      857.9334301557958042
     173.8216639566701645       46.9042743323298694      857.9242001475359984
     173.7753591411608340       46.9318655716982391      857.9147271178034089
     173.7260147694609032       46.9521222818542014      857.9051226527423069
