     177.3778251905743275       75.8739425660816522      780.6478870946832558
     177.2838034221290400       75.8961895887397588      780.6217595821884743
     177.1871562848477595       75.9060731994606357      780.5961168471308156
     177.0890288254568077       75.9034837825663260      780.5712590444824173
     176.9905833075175678       75.8884692327832653      780.5474770819204196
     176.8929836697101905       75.8612350010472483      780.5250487729948645
     176.7973798433189927       75.8221421525437194      780.5042350674153795
     176.7048920841606900       75.7717034544799475      780.4852763902034667
     176.6165954635024775       75.7105775440232094      780.4683891199633763
     176.5335046423575420       75.6395612623462625      780.4537622382056270
     176.4565589870542226       75.5595802880430938      780.4415542843194089
     176.3866081915188602       75.4716782010803229      780.4318903211424185
     176.3243983841607587       75.3770041850704189      780.4248589681285466
     176.2705585192615843       75.2767996464650793      780.4205098092638764
     176.2255869180596619       75.1723840302834958      780.4188509373919942
     176.1855500367731509       75.0672446015509962      780.4185249972045995
     176.1400833249261950       74.9477363079648171      780.4181378004660701
     176.0884605646576233       74.8119066963578661      780.4176760287886054
     176.0298612544549997       74.6575414931642598      780.4171230657154865
     175.9633591427281658       74.4821305970880445      780.4164580998333349
     175.8879095691802092       74.2828300157524808      780.4156549690827660
     175.8023355397176317       74.0564193866240714      780.4146806689341247
     175.7053124672957267       73.7992547369354952      780.4134934236740264
     175.5953515201211417       73.5072161738671923      780.4120401896756221
     175.4707815297893774       73.1756502635957276      780.4102534203833557
     175.3297294246979163       72.7993069670538375      780.4080468726513118
     175.1700991676801209       72.3722711649674011      780.4053101707041833
     174.9895491904417781       71.8878890412297551      780.4019017649129637
     174.7854683304759078       71.3386899207599043      780.3976398257519804
     174.5549502890067401       70.7163045965634467      780.3922904975325991
     174.2947666428867137       70.0113817530071287      780.3855528023166244
     174.0013384631211295       69.2135048204924175      780.3770393350386030
     173.6707066241513076       68.3111125007228850      780.3662517337545523
     173.2985009402970036       67.2914272956331558      780.3525497574335077
     172.8799083511545120       66.1403976589919296      780.3351126796296739
     172.4096405132297321       64.8426608490331233      780.3128916432326605
     171.8819013650820580       63.3815351413124617      780.2845516686181782
     171.2903555536839235       61.7390516625232166      780.2484022346211532
     170.6280990917447298       59.8960375610315623      780.2023158526880025
     169.8876343271601286       57.8322632877583658      780.1436349481646175
     169.0608523272550201       55.5266670757023846      780.0690687882415659
     168.1390272208140857       52.9576689918483652      779.9745842961634708
     167.1128287742509997       50.1035940339266688      779.8552968369378959
     165.9723506149981063       46.9432387400757918      779.7053665123468136
     164.7071465760416800       43.4565837123857861      779.5179098180487927
     163.3062811038819291       39.6256591108001217      779.2849440893801329
     161.7583939966741582       35.4355693767079316      778.9973850189124960
     160.0517748983794775       30.8756734054360464      778.6451210568021679
     158.1744384896323083       25.9409063472731987      778.2171913179793137
     156.1141857147806320       20.6332171995936875      777.7020946376846950
     153.8586303627638756       14.9630822365247802      777.0882559977832216
     151.3951653023586914        8.9510377178831710      776.3646723906680336
     148.7108408848258421        2.6291554462065205      775.5217535385509109
     145.7921296654133698       -3.9576657939799817      774.5523635507443032
     142.6246013253141598      -10.7509388467688360      773.4530680770892559
     139.1931012020527305      -17.6786313683246235      772.2258659512580152
     135.4846198449167218      -24.6562044200540207      770.8816449087221372
     131.4881599259164489      -31.5888154062331665      769.4417660400671366
     127.1946393193521772      -38.3747744312334618      767.9394435804013028
     122.5979544159953605      -44.9102655859453250      766.4213933060918862
     117.6961221729119842      -51.0950999870451099      764.9488950757374823
     111.7696623679559167      -57.5737286792155416      763.4302904538118355
     105.4672953010036167      -63.3819190910204995      762.2008810386570303
      98.8132338000619939      -68.4603730187762238      761.4118388679623877
      91.8446420549659308      -72.7974795411301585      761.2204630445215798
      84.6142493215781144      -76.4068346609670073      761.6247731891751300
      77.1967196281357246      -79.3120266650177825      762.4146203514816307
      69.6923739727664184      -81.5549596266244521      763.3130704985467219
      62.2248060072026377      -83.1983724519992762      764.0131893702296111
      54.9325338277747548      -84.3247683213897687      764.2246859022867511
      47.9491262102224596      -85.0349536951549823      763.7804781371339686
      41.3803109182955779      -85.4561593104110528      762.8447111757678840
      35.2977369912824344      -85.7008154725646705      761.6459585815152877
      29.7382332530355633      -85.8496436377747472      760.3632443219023571
      24.7085261921998196      -85.9544625283459993      759.1199111502769483
      20.1940479332711433      -86.0458148563676843      757.9897334302265790
      16.1674379563578832      -86.1401384840161342      757.0085273936276735
      12.5942785981785033      -86.2449129361523461      756.1858558475113341
       9.4372262123969399      -86.3611808854950596      755.5058687996684057
       6.6583946406605694      -86.4861259170221075      754.9365568668548576
       4.2201578733963574      -86.6167343187655092      754.4534605405693810
       2.0863265408739142      -86.7503151217364774      754.0390788520981005
       0.2229204368061233      -86.8845948002059885      753.6807160258808835
      -1.4014137622155003      -87.0177285780133190      753.3689658203151112
      -2.8152287499134361      -87.1482699012660333      753.0966711449511877
      -4.0442660903005532      -87.2751216641077008      752.8582235013697073
      -5.1115508136022028      -87.3974822512957275      752.6490978314171798
      -6.0375498015227347      -87.5147933004084848      752.4655463435642559
      -6.8403651127367180      -87.6266925057834669      752.3043974508211704
      -7.5359425146389345      -87.7329727427925974      752.1629229704125237
      -8.1382820792369781      -87.8335476654386298      752.0387489970549950
      -8.6596424082686312      -87.9284233501011983      751.9297943991448392
      -9.1107333675753228      -88.0176752976738612      751.8342266691330451
      -9.5008945082203020      -88.1014300278067708      751.7504286829339435
      -9.8382579135370154      -88.1798505190894559      751.6769723973256987
     -10.1298952465426488      -88.2531248177654675      751.6125970819786062
     -10.3819494349065096      -88.3214572256425612      751.5561906550441336
     -10.5997518330422675      -88.3850615687056376      751.5067732806572849
     -10.7879259238693486      -88.4441561328034567      751.4634827349232182
     -10.9504787243218811      -88.4989599275779568      751.4255612466456569
     -11.0908810799219122      -88.5496900031581902      751.3923436294869589
     -11.2121380036022149      -88.5965595961899339      751.3632465807202152
     -11.3168501526023952      -88.6397769234415165      751.3377590510635855
     -11.4072674584911571      -88.6795444738523599      751.3154336039984855
     -11.4853358385349900      -88.7160586749795925      751.2958786893564138
     -11.5527378279018933      -88.7495098289502806      751.2787517591973483
     -11.6109278855127549      -88.7800822278650656      751.2637531563398170
     -11.6699333444585669      -88.8129779906372363      751.2483084474715724
     -11.7281280427367882      -88.8476592103821474      751.2327993513938509
     -11.7847717193174191      -88.8840294134655693      751.2173827078169097
     -11.8391436343056569      -88.9219862995862229      751.2022127321954486
     -11.8905516400464606      -88.9614219335373377      751.1874391605467736
     -11.9383408779715889      -89.0022229693517488      751.1732054400960124
     -11.9819019935282860      -89.0442709061436801      751.1596469908934068
     -12.0206787682305904      -89.0874423743943709      751.1468895634567389
     -12.0541750757287751      -89.1316094509583650      751.1350477169127089
     -12.0819610776734709      -89.1766400007074083      751.1242234409799039
     -12.1036785849228608      -89.2223980424986394      751.1145049434628618
     -12.1190455201723228      -89.2687441370455872      751.1059656226818788
     -12.1278594292392317      -89.3155357942914208      751.0986632414972064
     -12.1299999998765600      -89.3626278980128461      751.0926393163481407
     -12.1254350944661837      -89.4096969891499640      751.0879388055466279
     -12.1142166049571642      -89.4564200826482931      751.0845896750111024
     -12.0964752662124653      -89.5026534619113789      751.0825826316159919
     -12.0724235762960657      -89.5482569150959904      751.0818914891473241
     -12.0423531688551257      -89.5930940876600914      751.0824737113928222
     -12.0066312048920025      -89.6370327933791344      751.0842711743202926
     -11.9656958273552423      -89.6799452857197821      751.0872111333949306
     -11.9200507331447945      -89.7217084921506256      751.0912073789357919
     -11.8702589277546995      -89.7622042145247292      751.0961615597223044
     -11.8169357377531465      -89.8013192990753595      751.1019646529207421
     -11.7607411655123428      -89.8389457798168110      751.1084985568134016
     -11.7023716789397874      -89.8749809992337845      751.1156377817785597
     -11.6425515363054970      -89.9093277100864725      751.1232512144608791
     -11.5820237525075704      -89.9418941619637451      751.1312039300421475
     -11.5224368399071508      -89.9721514265675637      751.1392368596683582
     -11.4535273481137008      -90.0052494064955368      751.1487386852943473
     -11.3738396581414989      -90.0413703185445371      751.1599655467238108
     -11.2816916175392521      -90.0807033749572525      751.1732146063196751
     -11.1751396218173209      -90.1234454889635828      751.1888299892957548
     -11.0519384523099884      -90.1698020354492371      751.2072094984323485
     -10.9094951315191953      -90.2199876583938476      751.2288121835194943
     -10.7448159699358019      -90.2742271281352657      751.2541668492912095
     -10.5544458878979164      -90.3327562663307759      751.2838815905199681
     -10.3343990054002095      -90.3958229750013373      751.3186544518219989
     -10.0800794069676094      -90.4636884288813405      751.3592853272693901
      -9.7861909154727869      -90.5366285183517761      751.4066892492514853
      -9.4466346596534141      -90.6149356645994430      751.4619112810784145
      -9.0543932120229567      -90.6989211703866260      751.5261433464856964
      -8.6014001314340245      -90.7889183196805902      751.6007435386273983
      -8.0783939029598599      -90.8852864972357395      751.6872588101971360
      -7.4747555770124405      -90.9884166631625391      751.7874525467366311
      -6.7783299400789456      -91.0987385824681581      751.9033395074291093
      -5.9752308992255463      -91.2167302649146592      752.0372321927142139
      -5.0496330669432252      -91.3429300963770885      752.1918051766409690
      -3.9835534765395559      -91.4779521036964525      752.3701877707736685
      -2.7566301891079297      -91.6225046293119902      752.5761011894685453
      -1.3459085984929142      -91.7774122945624811      752.8140650014122457
       0.2743480769875817      -91.9436403218846721      753.0897101442377561
       2.1327997788017603      -92.1223187577946732      753.4102533868335740
       4.2610870792685667      -92.3147613549816128      753.7852120640785643
       6.6937559692722592      -92.5224688906273798      754.2274688967758038
       9.4679823243982888      -92.7470978374535662      754.7548339740643542
      12.6230049791445875      -92.9903595226607962      755.3922904148528232
      16.1992532917779712      -93.2534839680307215      756.1726869549295316
      20.2380066512558834      -93.5332883743882064      757.1130900774642214
      24.7797216508094600      -93.8194116277845751      758.2057652895241517
      29.8610960191748553      -94.0915112397785123      759.4167788591487351
      35.5114095532121752      -94.3134599655614920      760.6730792600560562
      41.7470944549453407      -94.4248178495933530      761.8477707289566752
      48.5630736412379207      -94.3305886210199844      762.7466163482648653
      55.9234318455148696      -93.8946888046488652      763.1029240040544437
      63.7523898858517057      -92.9622447557367337      762.7416034977584332
      71.9292991792309522      -91.4072454374812366      761.8705856467518061
      80.3010198218586027      -89.1239590141253046      760.8540245191270515
      88.6969568534335764      -86.0373774282523840      760.1149260727893306
      96.9460770041033726      -82.1096715319513351      760.0575707549066919
     104.8916430568484088      -77.3276091936837133      760.8625066643091941
     112.4073312645855935      -71.6957054477929603      762.3330587762357027
     119.4093087099792001      -65.2718480970414987      764.2295337567679780
     125.8556132559316438      -58.1598113830255272      766.3422739102575179
     131.0687422466554040      -51.4261085703995349      768.2501408658390574
     135.8500591344085819      -44.3639752292625573      770.1106186403860647
     140.2149741916660446      -37.0810457137267946      771.8625888970095730
     144.1839135382122379      -29.6847741287770290      773.4658312928173700
     147.7828649698806771      -22.2779053857498646      774.8989151801141588
     151.0398593383328034      -14.9546443804842859      776.1543648354301013
     153.9812470375632643       -7.7978985470605746      777.2337182049986950
     156.6317322580667906       -0.8776580927377581      778.1450614449679506
     159.0145559190803510        5.7496758393161960      778.9009459749461257
     161.1516698927148923       12.0410960261113793      779.5166442206630109
     163.0639342200013004       17.9661241751705987      780.0087666564139681
     164.7712588692009206       23.5056437265699394      780.3941967730754641
     166.2926183004267386       28.6505387507650511      780.6892871974860100
     167.6459874942045758       33.4002258712324576      780.9092931145783041
     168.8482497194873133       37.7611645418207971      781.0680143397182746
     169.9151112787184843       41.7454148966485405      781.1776108676826880
     170.8610438460556225       45.3692954827029453      781.2485541632165678
     171.6992629220943911       48.6521766152373516      781.2896775805012339
     172.4417422882539768       51.6154299105894765      781.3082931564126739
     173.0992591415520110       54.2815415895342568      781.3103474673259825
     173.6814623317928863       56.6733907566552304      781.3005949797111498
     174.1969516954261792       58.8136904345718321      781.2827715934568005
     174.6533605115819796       60.7245543137728134      781.2597592627504355
     175.0574456770361564       62.4271717250346470      781.2337383532861850
     175.4151804312623142       63.9415808538514057      781.2063235891026807
     175.7318436684192875       65.2865246109290496      781.1786814883042780
     176.0121024671574901       66.4793736185127955      781.1516292058730642
     176.2600863002537608       67.5361019107911744      781.1257159461936226
     176.4794525723692686       68.4713026170117303      781.1012887800676481
     176.6734438052955340       69.2982327883902087      781.0785450905575544
     176.8449367430298480       70.0288785206162316      781.0575751007409053
     176.9964858709994076       70.6740327567771232      781.0383919636150267
     177.1303611727840917       71.2433803809337007      781.0209543155128813
     177.2485802334984442       71.7455864891092006      781.0051849778760698
     177.3529362862807943       72.1883844416363587      780.9909847565061227
     177.4450228493745669       72.5786614253960067      780.9782424252787223
     177.5262554742724888       72.9225399929038929      780.9668418174020417
     177.5978910315402572       73.2254546154540549      780.9566667474775841
     177.6610448794847059       73.4922227202626601      780.9476043242267451
     177.7167061938172878       73.7271100005925746      780.9395470825348866
     177.7657516835054423       73.9338900154476164      780.9323942598763324
     177.8089578773732455       74.1158982514948832      780.9260524614297765
     177.8470121354049809       74.2760809213839934      780.9204358960303125
     177.8805225158193082       74.4170388335100768      780.9154663176548183
     177.9100266117652609       74.5410666996346691      780.9110727712377411
     177.9359994582930540       74.6501882572305533      780.9071912146223440
     177.9575074666628609       74.7614551762806769      780.9019619302081310
     177.9693182456768454       74.8741934429794327      780.8941332100966974
     177.9711046782821597       74.9870456638102780      780.8837540005790743
     177.9626907570549292       75.0986455575825147      780.8709115039705466
     177.9440482400879660       75.2076364808342106      780.8557284647374672
     177.9152927952276855       75.3126894197602184      780.8383604387585137
     177.8766793126814889       75.4125203566726299      780.8189929732643577
     177.8285961848065710       75.5059068939133624      780.7978386558093007
     177.7715584381454335       75.5917040033830858      780.7751340119461929
     177.7061996670294945       75.6688587621538602      780.7511362462259967
     177.6332627672259150       75.7364239319888526      780.7261198316941773
     177.5535895067018259       75.7935702418386654      780.7003729605739863
     177.4681090015723157       75.8395972369667817      780.6741938742560478
     177.3778251905743275       75.8739425660816522      780.6478870946832558
