  -13.069999999999759       -95.722605912353615        735.99966449674525     
  -12.969999999999759       -95.600571776784335        736.03587401780430     
  -12.869999999999759       -95.478537641215055        736.07208353886335     
  -12.769999999999760       -95.356503505645776        736.10829305992240     
  -12.340378008024535       -94.832218021523317        736.26385712558113     
  -12.324152640502550       -94.812417534524926        736.26973225345091     
  -12.304742437590704       -94.788729326727321        736.27675904490934     
  -12.282391558989046       -94.761450804447165        736.28484826448812     
  -12.257381144574262       -94.730924501014471        736.29389726184422     
  -12.230025775701467       -94.697533795548992        736.30379131188749     
  -12.200669516194804       -94.661698117692850        736.31440510637276     
  -12.169681582998706       -94.623867697255420        736.32560437574341     
  -12.137451701083057       -94.584517923564775        736.33724761855035     
  -12.104385201118530       -94.544143384406823        736.34918791470363     
  -12.070897921621565       -94.503251658693614        736.36127479814490     
  -12.036836602451846       -94.461655473385306        736.37356334005722     
  -11.997556056134716       -94.413681153835370        736.38772792417421     
  -11.952259783005584       -94.358353960974284        736.40405255765245     
  -11.900030794767629       -94.294551275146006        736.42286345617163     
  -11.839813735640146       -94.220980524363554        736.44453506062632     
  -11.770394463727962       -94.136153941564828        736.46949682807895     
  -11.690376768595335       -94.038359737973138        736.49824086914066     
  -11.598155871742758       -93.925629241317637        736.53133050105612     
  -11.491888329096444       -93.795699512125012        736.56940978003433     
  -11.369457933314123       -93.645970924883216        736.61321409043524     
  -11.228437190599013       -93.473459176608770        736.66358180739167     
  -11.066043938030399       -93.274741184613745        736.72146702581142     
  -10.879092677335890       -93.045894367664943        736.78795336094686     
  -10.663940220277311       -92.782428867707978        736.86426874557674     
  -10.416425289933846       -92.479212397474470        736.95180110285355     
  -10.131801802449061       -92.130387611386411        737.05211471302960     
  -9.8046656738337710       -91.729282228073032        737.16696702960689     
  -9.4288751640714406       -91.268312627484931        737.29832564793719     
  -8.9974649930697836       -90.738882362362261        737.44838510768079     
  -8.5025547448808698       -90.131278036646336        737.61958325416060     
  -7.9352524194361092       -89.434566402944768        737.81461704697585     
  -7.2855543914321785       -88.636498422974654        738.03645807008650     
  -6.5422434861407481       -87.723428532168867        738.28836868815142     
  -5.6927873738635828       -86.680260555053636        738.57392098411060     
  -4.7232400235446841       -85.490435687311574        738.89702254612530     
  -3.6181495898586187       -84.135982634960101        739.26195617649523     
  -2.3604769895245035       -82.597655091103178        739.67344509884879     
 -0.93153092338629007       -80.855186522971337        740.13676177318507     
  0.68907198529073366       -78.887695292769919        740.65790759461970     
   2.5234073771114840       -76.674271791842642        741.24390311243542     
   4.5951773302418193       -74.194768911301836        741.90324415578232     
   6.9295292231155976       -71.430789960976838        742.64659739142360     
   9.5526661543291311       -68.366810597526467        743.48782515934874     
   12.491135769976559       -64.991167774644083        744.44443536741915     
   15.770958049043241       -61.296000262047542        745.53042959241770     
   19.415582066212757       -57.277376493883942        746.75539161529571     
   23.444006823113913       -52.934494755686110        748.11303378924902     
   27.868821951805796       -48.269659646778038        749.57201126529935     
   32.694341617420122       -43.289852332980089        751.07573542288128     
   37.915906514943174       -38.008801239709697        752.53715295364884     
   43.519661660375910       -32.449442811377409        753.83514877285450     
   49.482185474320218       -26.645792784416898        754.81383890946177     
   55.769716541156612       -20.644655557112582        755.30066836851404     
   62.334826494333591       -14.508026616039945        755.21393342147326     
   69.115333424224289       -8.3078002077629893        754.62988248876286     
   76.037767905913384       -2.1166554788778855        753.74407503635143     
   82.257274913081034        3.3343414326192029        752.89023506128933     
   88.469452351020379        8.6843770650958643        752.15666057437011     
   94.617993856877831        13.900063952880060        751.71063958869559     
   100.64987899707506        18.954755138478735        751.65388611977005     
   106.51745405456224        23.825471178037844        751.98276391870320     
   112.17930043408749        28.490794860437365        752.62066582276975     
   117.60030470723140        32.932391985568948        753.48680053212661     
   122.75215677104129        37.135702375987265        754.50666025230760     
   127.61359201962827        41.090278802271385        755.61486594163625     
   132.17031815705496        44.789890171210416        756.75679786660203     
   136.41468606088182        48.232370593828797        757.88913224625367     
   140.34512246078290        51.419289770491559        758.97947688185423     
   143.96594868329095        54.355550695634392        760.00579666861074     
   147.28724312638164        57.048939290277531        760.95555524847157     
   150.32309621852710        59.509560248914859        761.82345892221463     
   153.08916993672707        61.749197941221006        762.60865310718054     
   155.60180071662367        63.780784084861786        763.31320656475953     
   157.87769583631072        65.617950535113792        763.94119083326189     
   159.93365398812060        67.274643567667766        764.49792754341718     
   161.78631591329705        68.764802816842447        764.98940231587540     
   163.45194970272678        70.102103677666165        765.42182980978600     
   164.94627339968338        71.299758812939359        765.80134727798395     
   166.28431543965269        72.370372430108191        766.13381182976593     
   167.48031138339144        73.325840230105470        766.42467760548766     
   168.54763392960854        74.177287703321326        766.67893193448572     
   169.49875231841730        74.935039622233660        766.90107318422065     
   170.34521677660086        75.608614135374737        767.09511666815388     
   171.09766354854031        76.206735633889465        767.26461828798858     
   171.76583622201116        76.737361410312189        767.41270837681100     
   172.35861941043913        77.207717972975900        767.54213044758444     
   172.88408131555428        77.624343665906906        767.65528127427410     
   173.34952220450802        77.993134944905762        767.75425001329370     
   173.76152634755704        78.319394264392798        767.84085499405819     
   174.12601544556054        78.607878036059034        767.91667744883296     
   174.44830201233447        78.862843535555683        767.98309188317353     
   174.73314155631016        79.088093967063287        768.04129306599111     
   174.98478272658724        79.287021158741780        768.09231978725222     
   175.20701485239618        79.462645565997676        768.13707562534034     
   175.40321251693649        79.617653414694317        768.17634701003612     
   175.57637697266895        79.754430932183666        768.21081887873902     
   175.72917433206752        79.875095698339209        768.24108821546815     
   175.86397056210129        79.981525208308256        768.26767574285680     
   175.98286337838817        80.075382778976945        768.29103601246493     
   176.08771118140118        80.158140956625658        768.31156611191750     
   176.18015920694322        80.231102597534445        768.32961318085495     
   176.26166308019265        80.295419799245963        768.34548090275678     
   176.34319588308159        80.359759274488951        768.36132762546765     
   176.42370724234482        80.423298203831507        768.37696313093238     
   176.50218439801492        80.485237092098259        768.39219152094302     
   176.57764004030520        80.544796267756809        768.40682244368077     
   176.64912476578405        80.601225719706093        768.42067338254333     
   176.71573904574203        80.653814578950261        768.43357187040783     
   176.77664456092822        80.701900121747329        768.44535758857501     
   176.83107476799674        80.744876175307013        768.45588430309226     
   176.87834456440351        80.782200816485954        768.46502161609578     
   176.91785892970904        80.813403262608745        768.47265651301939     
   176.94912043395328        80.838089863715965        768.47869468988847     
   176.97173551782242        80.855949117085544        768.48306164843564     
   176.98541946457772        80.866755637626753        768.48570355022332     
   177.39000000000001        81.186261986547848        768.56381420491300     
   177.49000000000001        81.265234235815242        768.58312078242989     
   177.59000000000000        81.344206485082637        768.60242735994677     
   177.69000000000000        81.423178734350032        768.62173393746366     
