     176.9900000000000091       80.8703730315158680      768.4865878242401322
     176.9230761387765938       80.9526229881473967      768.4596653436537963
     176.8477887154691643       81.0266711695758914      768.4312865863846582
     176.7650397398039672       81.0916548292555888      768.4017817707530185
     176.6758235762034133       81.1468270827273557      768.3714949417667412
     176.5812136055222936       81.1915671206872389      768.3407796673081975
     176.4823478546370268       81.2253889222931633      768.3099945595255349
     176.3804137520338600       81.2479484059077208      768.2794986511391926
     176.2766321678699910       81.2590489855934379      768.2496466570728444
     176.1722408913615254       81.2586455380687056      768.2207841510751223
     176.0684776855951839       81.2468468280876266      768.1932426840480730
     175.9665630380999914       81.2239164928543147      768.1673348645306305
     175.8676826918831182       81.1902727520813983      768.1433494107168372
     175.7729699916845050       81.1464870957770614      768.1215461653472403
     175.6834880071359350       81.0932823161486169      768.1021510367108931
     175.5971675985671254       81.0357793444578789      768.0840495987955592
     175.4992637546174024       80.9705385153645949      768.0634689026064734
     175.3882379320637597       80.8965258813878876      768.0400654167283392
     175.2623517662262032       80.8125714230447869      768.0134469905467540
     175.1196424120252004       80.7173517362052451      767.9831657361903581
     174.9578952121918860       80.6093706865163426      767.9487098250863255
     174.7746135111136994       80.4869378412279559      767.9094940316363136
     174.5669854549312561       80.3481444860013880      767.8648488342307701
     174.3318476547454452       80.1908370370799446      767.8140078612407251
     174.0656456441899422       80.0125876697673846      767.7560934485527468
     173.7643911399863441       79.8106620053647475      767.6901000585338579
     173.4236162198907891       79.5819837342372551      767.6148753025604492
     173.0383246727058690       79.3230961072112564      767.5290983172458255
     172.6029409560528904       79.0301203069468841      767.4312552782771490
     172.1112574254305798       78.6987108226452676      767.3196119096583061
     171.5563807777626835       78.3240081044001641      767.1921829803089850
     170.9306789871212402       77.9005889783890808      767.0466990018585420
     170.2257303990359389       77.4224155732863437      766.8805706878811179
     169.4322770868667760       76.8827838555140488      766.6908522532618235
     168.5401850456149475       76.2742733106654924      766.4742053822635626
     167.5384142815850623       75.5886998544565216      766.2268667455730338
     166.4150023139674204       74.8170747198433332      765.9446233779159456
     165.1570649853980228       73.9495728519473943      765.6228021148151583
     163.7508187168276095       72.9755152416095427      765.2562816871874247
     162.1816283603895386       71.8833706144359326      764.8395389961801811
     160.4340845235315101       70.6607829077359781      764.3667444579900803
     158.4921135941638397       69.2946319119866132      763.8319248880428631
     156.3391227159605421       67.7711352277921861      763.2292157376549540
     153.9581807936774283       66.0760005112271500      762.5532268270451368
     151.3322345815843164       64.1946371255131965      761.7995456292375138
     148.4443569846764603       62.1124352928278824      760.9653983031745383
     145.2780235515557479       59.8151189233189413      760.0504792003016519
     141.8174130316384378       57.2891749587776218      759.0579426348456309
     138.0488796913344629       54.5224217024856870      757.9964222053173444
     133.9649214790182725       51.5047536857220862      756.8840453447585332
     129.5634185463682115       48.2286234563880924      755.7486961817710380
     124.8479320852773640       44.6896009226061253      754.6288822716009008
     119.8284634772031012       40.8869325465046600      753.5745458231639304
     114.5219754424947780       36.8240127014886269      752.6470796221029786
     108.9525756958601477       32.5086397557084723      751.9183086423460054
     103.1514001973524728       27.9530124981804491      751.4682982865202803
      97.1561675005668519       23.1734919441982044      751.3819367430683087
      91.0105539912841977       18.1898361749927524      751.7315331203736832
      84.7647130697204432       13.0229131181177813      752.4489733882455766
      78.4732615908466471        7.6993337130400636      753.3683793252713485
      72.1925534533546340        2.2544024237759785      754.3093056708780750
      65.2217968700527422       -3.9508039328823727      755.1684097673169163
      58.4123021867058441      -10.1826205220480599      755.5947370020841163
      51.8360921449866581      -16.3651012365922597      755.4029955189172370
      45.5530286874273855      -22.4271614046482668      754.5995752933274616
      39.6068717939668602      -28.3102243111206455      753.3787059594835682
      34.0311625836299285      -33.9679677822585120      751.9202038539497153
      28.8493223358587443      -39.3655997727133808      750.3694998636364062
      24.0749090431753352      -44.4786947017598706      748.8354356788157702
      19.7124885860982815      -49.2909544231307777      747.3923369560627634
      15.7581282618867764      -53.7916131264978929      746.0847387542379465
      12.1998056911101003      -57.9738313746176388      744.9330528825923921
       9.0190736399529214      -61.8334673720977506      743.9279990082200129
       6.1923344858948042      -65.3700455204045596      743.0431064608609404
       3.6919041569453492      -68.5889950177848391      742.2582471787665099
       1.4884730678385605      -71.5014355657663430      741.5588518552503956
      -0.4469805960726614      -74.1229839645396282      740.9341484832804099
      -2.1421406635820768      -76.4723314651009787      740.3758646634895513
      -3.6228607879215682      -78.5699523891621965      739.8773289904183912
      -4.9129686991892836      -80.4370427722948591      739.4328872827861687
      -6.0342281478886397      -82.0947077447580114      739.0375440662285200
      -7.0063847741226706      -83.5633775936538257      738.6867550837888530
      -7.8472565033706232      -84.8624163482777192      738.3763155999001810
      -8.5728472070898452      -86.0098831476842776      738.1023059488682065
      -9.1974718399408104      -87.0224093936729304      737.8610687302507358
      -9.7338861789166398      -87.9151601212111018      737.6492014548248335
     -10.1934168656217476      -88.7018541091942723      737.4635549567561839
     -10.5860888686832233      -89.3948229822993596      737.3012322184888490
     -10.9207483394687177      -90.0050944811021338      737.1595850160822465
     -11.2051794218755205      -90.5424890882817692      737.0362074657023186
     -11.4462140274421404      -91.0157223424924808      736.9289264965265147
     -11.6498339546758363      -91.4325075666894236      736.8357897502983178
     -11.8212650364199430      -91.7996555211026219      736.7550515935118938
     -11.9650632485119459      -92.1231687923902882      736.6851579463481130
     -12.0851929107560530      -92.4083296618527186      736.6247305623243165
     -12.1850972614161321      -92.6597808485948633      736.5725512837611859
     -12.2677617942106565      -92.8815989705105949      736.5275466800474078
     -12.3357708182053543      -93.0773608625725899      736.4887733644413856
     -12.3913577425186272      -93.2502030802974389      736.4554041892702116
     -12.4364496072180941      -93.4028750295454984      736.4267154557167032
     -12.4727063732405163      -93.5377862120829491      736.4020751401785674
     -12.5015554812372098      -93.6570481083522282      736.3809321851567802
     -12.5242221671550258      -93.7625112146829309      736.3628068716429880
     -12.5417559843929993      -93.8557977202024460      736.3472821791553997
     -12.5550539569502195      -93.9383302841597185      736.3339960745186090
     -12.5648807557370112      -94.0113573380186693      736.3226346621884204
     -12.5718862578183987      -94.0759752976731534      736.3129261234962541
     -12.5771486967587709      -94.1408919317248944      736.3035356192655172
     -12.5804535719055188      -94.2066082984728013      736.2944436485488495
     -12.5814660765529762      -94.2725486032498736      736.2857933796685757
     -12.5798667229594141      -94.3381457307710178      736.2777238496173595
     -12.5753563166768600      -94.4028475345655096      736.2703680898380298
     -12.5676607172609600      -94.4661229019399826      736.2638513168512873
     -12.5565353226980037      -94.5274675219802276      736.2582892126800971
     -12.5417692181433260      -94.5864092880792384      736.2537863191995484
     -12.5231889335564173      -94.6425132712476511      736.2504345693286041
     -12.5006617595124414      -94.6953862059455389      736.2483119763364812
     -12.4740985758065204      -94.7446804363082009      736.2474815005373330
     -12.4434561533970101      -94.7900972773408910      736.2479901102349231
     -12.4087388966817525      -94.8313897528499012      736.2498680510782378
     -12.3699999999997594      -94.8683646794879252      736.2531283349766227
     -12.3274994860584801      -94.9007496238781414      736.2577512093117775
     -12.2815447209132085      -94.9283297615728259      736.2636996903615909
     -12.2323302928143711      -94.9510840099925559      736.2709351246578535
     -12.1800942565366288      -94.9690498371010960      736.2794022748257703
     -12.1251163474486834      -94.9823217978021859      736.2890299375733321
     -12.0677156570380824      -94.9910493653754173      736.2997317706191325
     -12.0082477952800879      -94.9954340869141021      736.3114073162962541
     -11.9471015718875648      -94.9957261000889446      736.3239432068371570
     -11.8846952347260739      -94.9922200565324601      736.3372145339369581
     -11.8214723094301952      -94.9852505046146831      736.3510863631280472
     -11.7578970894444339      -94.9751867912609669      736.3654153718182442
     -11.6944498302605950      -94.9624275486567484      736.3800515885519644
     -11.6316217054782918      -94.9473948370887086      736.3948402101419788
     -11.5699095854247318      -94.9305280197140746      736.4096234727936690
     -11.5087924491666787      -94.9119536087519435      736.4244920179258997
     -11.4400581553192087      -94.8890320235110210      736.4414597738298198
     -11.3627635816181680      -94.8609102017460941      736.4608229361494978
     -11.2758394223802298      -94.8265913356090948      736.4829200407002645
     -11.1780719900430796      -94.7849129403748947      736.5081379360958636
     -11.0680825542154064      -94.7345216710467355      736.5369185159793233
     -10.9443039299725768      -94.6738444464008069      736.5697662825643874
     -10.8049540009668910      -94.6010554023378063      736.6072568128419107
     -10.6480058399875332      -94.5140381616774192      736.6500461956270556
     -10.4711540724175904      -94.4103428792558361      736.6988815008231768
     -10.2717771197818948      -94.2871375046226632      736.7546123310219173
     -10.0468949653047428      -94.1411527073747578      736.8182034892986394
      -9.7931221061598333      -93.9686199429395970      736.8907487755452621
      -9.5066154041346795      -93.7652022143133479      736.9734858976414671
      -9.1830166251918577      -93.5259172282595017      737.0678124554086708
      -8.8173895774559803      -93.2450528802803262      737.1753029295327906
      -8.4041519257920214      -92.9160753678642948      737.2977265935112428
      -7.9370019886741634      -92.5315307738677006      737.4370662797923615
      -7.4088411174563449      -92.0829417424251631      737.5955379968727357
      -6.8116926241399920      -91.5607019640984277      737.7756115515649071
      -6.1366186599555803      -90.9539726846784191      737.9800326391271028
      -5.3736369429235475      -90.2505874522764060      738.2118474099222567
      -4.5116397651916529      -89.4369739166534572      738.4744314274347516
      -3.5383182443565420      -88.4981047618295378      738.7715263683209059
      -2.4400952729666980      -87.4174937809693233      739.1072900084617459
      -1.2020710318285976      -86.1772575251621902      739.4863682867619445
       0.1920147201402767      -84.7582674099115110      739.9140029149114071
       1.7597989411489878      -83.1404206567804920      740.3961945559515243
       3.5202846341635441      -81.3030591204388600      740.9399505257499641
       5.4937953502956294      -79.2255596191456561      741.5536577415905413
       7.7018815926450790      -76.8881022568373282      742.2476364563141260
      10.1671542892858469      -74.2725849041688093      743.0349476040805712
      12.9129978227634581      -71.3635756746483736      743.9325438578364356
      15.9631979000001927      -68.1488681771904083      744.9608717266185067
      19.3421104069763814      -64.6181691494774526      746.1278063022427887
      23.0730358705387388      -60.7631398612699840      747.4260444763534679
      27.1755250601295408      -56.5780350882414496      748.8337306224353824
      31.6627348604362560      -52.0606245917961985      750.3085868517830477
      36.5393608989815064      -47.2141048932467911      751.7819709821262677
      41.8006504462564195      -42.0496346971608830      753.1541020533481969
      47.4324515267849591      -36.5886613116341692      754.2915915862255360
      53.4113422612130506      -30.8644241641855359      755.0281025255959548
      59.7033409373265727      -24.9242098776329044      755.1983412181108406
      66.2573508019613371      -18.8334327100318362      754.8331298408620569
      73.0088699783958504      -12.6647964826436059      754.0913552102088033
      79.8829823584721197       -6.4877133815317496      753.1788444018246764
      86.0412882353153918       -1.0306508478016583      752.4120907973070871
      92.1741916323203014        4.3458410120739472      751.8643477604945247
      98.2254337224714504        9.6102917307673685      751.6897460570174871
     104.1435904935832610       14.7360183327592615      751.9258354964717910
     109.8835079117719857       19.6979298578952324      752.4972295508861180
     115.4060251723148269       24.4729499651662650      753.3230230031933843
     120.6786339719680541       29.0407712696492659      754.3265214421502378
     125.6758500648794694       33.3844722054698622      755.4387746814511502
     130.3792519539791783       37.4909566819366518      756.6008496116717197
     134.7772177677417176       41.3511568860327472      757.7648995514327908
     138.8644506427453678       44.9599875019355153      758.8942191477485721
     142.6413652302313722       48.3161578384974248      759.9625315583911060
     146.1144843349434552       51.4219264324911691      760.9536507023757395
     149.2964627012075312       54.2827596572361060      761.8606312966414862
     152.2018354523777646       56.9066852050018497      762.6815195412546018
     154.8461052918698329       59.3037587569288220      763.4177605851234603
     157.2454206395699146       61.4855676584964215      764.0731863024740278
     159.4162689566608719       63.4647658424353978      764.6531659288689298
     161.3751943820773249       65.2546552233489194      765.1639301987914905
     163.1385473030625235       66.8688227259489167      765.6120601737608240
     164.7222710450640477       68.3208367408963966      766.0041206233917137
     166.1417280825392311       69.6240023842691613      766.3464128687805896
     167.4115658939074081       70.7911720082689868      766.6448215447167058
     168.5456204528154274       71.8346057403676070      766.9047318330593725
     169.5568535776320118       72.7658755521861167      767.1309971233984015
     170.4573195912196582       73.5958059338018273      767.3279409861778504
     171.2581564663350093       74.3344444152354242      767.4993810830460461
     171.9695966980446542       74.9910556944926014      767.6486658880960476
     172.6009934569010511       75.5741338422353124      767.7787177517634518
     173.1608580431156383       76.0914278415516492      767.8920779148597830
     173.6569052056779867       76.5499765091685305      767.9909506388900127
     174.0961034529631775       76.9561495828646258      768.0772447483102496
     174.4847280224082056       77.3156924215743686      768.1526116708705558
     174.8284146712302629       77.6337723378808278      768.2184795951054639
     175.1322128846825876       77.9150250657466330      768.2760837078130862
     175.4006374684303751       78.1636002643591894      768.3264926834294783
     175.6377177984289801       78.3832052804036152      768.3706317132637196
     175.8470442498611419       78.5771466459939631      768.4093024164499184
     176.0318115227592557       78.7483689881606779      768.4431999884360494
     176.1948587331460203       78.8994911778509902      768.4729279323919400
     176.3387062521098301       79.0328396604732006      768.4990106947461754
     176.4655893579763415       79.1504789935717241      768.5219044951668366
     176.5774888247125887       79.2542396765660015      768.5420066082015182
     176.6761586081850055       79.3457433978867215      768.5596633212282995
     176.7631508153193067       79.4264258506110110      768.5751767629144524
     176.8398381532493602       79.4975572823433083      768.5888107688026594
     176.9134217744786497       79.5730314532008265      768.6011090855880639
     176.9797317928065183       79.6563236555816019      768.6105768511480392
     177.0378057579297888       79.7465576913422041      768.6170481773556276
     177.0868023950151553       79.8427457074260047      768.6204022033133469
     177.1260086402065781       79.9438059013434810      768.6205626140116465
     177.1548459236140616       80.0485801723070551      768.6174970837428191
     177.1728753698225773       80.1558518375869369      768.6112165260108213
     177.1798016813564232       80.2643634283208627      768.6017740466587611
     177.1754755232847174       80.3728345122846832      768.5892635648835949
     177.1598942832147259       80.4799794424901620      768.5738180842719203
     177.1332011281025416       80.5845248981763831      768.5556076090238093
     177.0956823201757118       80.6852270645952103      768.5348367104866156
     177.0477627903788402       80.7808882871061229      768.5117417567927305
     176.9900000000000091       80.8703730315158680      768.4865878242401322
