  -15.109999999984838       -71.022305229502791        601.75604447335968     
  -15.009999999984839       -70.920056402987711        601.79642170674151     
  -14.909999999984839       -70.817807576472632        601.83679894012334     
  -14.809999999984839       -70.715558749957552        601.87717617350518     
  -14.368576039389165       -70.264207930292059        602.05541095627825     
  -14.345884076629616       -70.241005664657180        602.06457334304059     
  -14.318735962047153       -70.213247477756795        602.07552858134522     
  -14.287472139268530       -70.181281738018725        602.08813587396367     
  -14.252484750114661       -70.145509698186842        602.10223347845806     
  -14.214212755803089       -70.106380488715914        602.11764091126508     
  -14.173136469341333       -70.064385507693586        602.13416138472530     
  -14.129771565319476       -70.020052275787577        602.15158443801943     
  -14.084662640006389       -69.973937831714807        602.16968872126529     
  -14.038376400544980       -69.926621749870591        602.18824489118992     
  -13.991494567048273       -69.878698866939317        602.20701857678478     
  -13.944418557670044       -69.830579628420338        602.22584853667229     
  -13.890586916607326       -69.775557745801009        602.24735436688024     
  -13.829034488598069       -69.712647999781879        602.27191035283784     
  -13.758659551907563       -69.640726105649961        602.29994132958996     
  -13.678204899321535       -69.558509577454558        602.33192896824653     
  -13.586236422234141       -69.464536118718627        602.36841868356521     
  -13.481118915075875       -69.357139277689924        602.41002721214795     
  -13.360988782581170       -69.234421089541883        602.45745083960810     
  -13.223723311269024       -69.094221425936993        602.51147422582471     
  -13.066906171604785       -68.934083793304723        602.57297983528497     
  -12.887788797319008       -68.751217344795407        602.64295789463608     
  -12.683247295936184       -68.542454929223155        602.72251678343127     
  -12.449734565236280       -68.304207095099770        602.81289373912375     
  -12.183227332563174       -68.032412115053646        602.91546574140193     
  -11.879167905372846       -67.722482315163845        603.03176044720817     
  -11.532400531719627       -67.369247310541525        603.16346709628669     
  -11.137102430352048       -66.966895195595981        603.31244742898377     
  -10.686709776345173       -66.508913355853693        603.48074690018757     
  -10.173839237697146       -65.988031407742611        603.67060690467179     
  -9.5902060732939916       -65.396169891055990        603.88447944858888     
  -8.9265403511068335       -64.724399797734179        604.12504684819851     
  -8.1725035640369725       -63.962919877677834        604.39525080043700     
  -7.3166088599431678       -63.101060953787290        604.69833780569547     
  -6.3461493362448627       -62.127329188805724        605.03793176453291     
  -5.2471404938461932       -61.029503256957803        605.41815004023192     
  -4.0042851886605577       -59.794803378316885        605.84378689606547     
  -2.6009725764452138       -58.410152551763154        606.32059858015805     
  -1.0193271450006589       -56.862550940160794        606.85573807223363     
  0.75966915796680001       -55.139581282241323        607.45840514244560     
   2.7559480305706647       -53.230053245357922        608.14079895990506     
   4.9899687527747361       -51.124772634696924        608.91948482540784     
   7.4820979408606991       -48.817378840532434        609.81730943050195     
   10.251635007846907       -46.305115888208590        610.86600900847588     
   13.316021077240050       -43.588928250079526        612.10512454897071     
   16.691690134114793       -40.672057105323354        613.56726932332992     
   20.392081721583626       -37.559734773153444        615.27827743221110     
   24.430288015527406       -34.257305964609117        617.22694488195611     
   28.817361307566340       -30.770928683706241        619.36304661466227     
   33.561175653238493       -27.108941102490682        621.59463165549073     
   38.666710236913474       -23.283575783727095        623.77955495831725     
   44.136214288348647       -19.312862367876111        625.71980810631419     
   49.968900963320436       -15.222145745444831        627.16044663033597     
   56.157995397820144       -11.045977476459470        627.81780273046468     
   62.672022534786997       -6.8312784320188102        627.56684616083146     
   69.442314536876083       -2.6292074546400421        626.57288235327360     
   76.377154175546622        1.5157846288096386        625.16719434480297     
   82.316934823672341        4.9641474911413495        623.93561705085745     
   88.238677393336047        8.3349308993141324        622.92721223805438     
   94.079587349202683        11.622221601799341        622.37677555311461     
   99.784085066630510        14.824949429820958        622.44263913795044     
   105.31147752130835        17.941779260075844        623.11832353254363     
   110.63335709678320        20.967544029432297        624.28586974712380     
   115.72704650216160        23.895327177880688        625.82058285334369     
   120.57500160855945        26.717282240641875        627.60691900877237     
   125.16472169857742        29.425272245229969        629.54254254163629     
   129.48848003077424        32.011515010804224        631.54073260600376     
   133.54291572423011        34.469162360610483        633.53127986922414     
   137.32852465784043        36.792772719163509        635.46013510392311     
   140.84910927701691        38.978630472512208        637.28815575343685     
   144.11207706556425        41.024993271010430        638.99100330806459     
   147.12887066643532        42.932247364646628        640.55898034697077     
   149.91322209094653        44.702689223557428        641.99233237700582     
   152.47870714714264        46.340008058359970        643.29515981641282     
   154.83837432626268        47.848991034082680        644.47364561046334     
   157.00482177007962        49.235286466890933        645.53535282738972     
   158.99024847994104        50.505175257065211        646.48864983495992     
   160.80648003753453        51.665360574166016        647.34225779374265     
   162.46497269983635        52.722781944536877        648.10490845956110     
   163.97680143050229        53.684456697807178        648.78509684431720     
   165.35263783166516        54.557349199408584        649.39091229141070     
   166.60272345778239        55.348266536571835        649.92993211945281     
   167.73684271163484        56.063778755088478        650.40916333893904     
   168.76429855517108        56.710160854211082        650.83502008690630     
   169.69389332034518        57.293353254093006        651.21332666402850     
   170.53391589857074        57.818937546984621        651.54933808052510     
   171.29213577366144        58.292124597125891        651.84777182965945     
   171.97580376118410        58.717752378859970        652.11284615974239     
   172.59165890756782        59.100291294008606        652.34832139379046     
   173.14594075402704        59.443855058263999        652.55754186487241     
   173.64440604880809        59.752215573634295        652.74347682425059     
   174.09234896336315        60.028820499430033        652.90875927431762     
   174.49462390486610        60.276812493301257        653.05572211500123     
   174.85567009535652        60.499049315715695        653.18643130393684     
   175.17953718837899        60.698124177710625        653.30271594601982     
   175.46991130381394        60.876385865840064        653.40619537089367     
   175.73014097127614        61.035958303698976        653.49830334671788     
   175.96326257590889        61.178759310136506        653.58030963024305     
   176.17202499401486        61.306518394040495        653.65333907830404     
   176.35891318799980        61.420793487855747        653.71838855292344     
   176.52617060006270        61.522986569883287        653.77634184757289     
   176.67582024231604        61.614358161583965        653.82798285034380     
   176.80968442842627        61.696040712865539        653.87400714391663     
   176.94273405317603        61.777194272151164        653.91962851528262     
   177.07416564541182        61.857345161017406        653.96461020406491     
   177.20232331929111        61.935484322196345        654.00839021094555     
   177.32559044748945        62.010627399163205        654.05042393423332     
   177.44241023791199        62.081827205571273        654.09019072222634     
   177.55130562761693        62.148185753237080        654.12720005004360     
   177.65089826119174        62.208865675794868        654.16099720311888     
   177.73992633059635        62.263100891701832        654.19116835674436     
   177.81726088886552        62.310206388790910        654.21734526353271     
   177.88192048968727        62.349586987156741        654.23920937492517     
   177.93308396436160        62.380744960353965        654.25649533871592     
   177.97010115555722        62.403286412556369        654.26899385042611     
   177.99250145245219        62.416926326246738        654.27655384669811     
   178.40000000000001        62.665058975718480        654.41408271583532     
   178.50000000000000        62.725950640477755        654.44783225186802     
   178.59999999999999        62.786842305237030        654.48158178790072     
   178.69999999999999        62.847733969996305        654.51533132393342     
