     175.4599999999999795       82.0220530429148482      809.2539421063238478
     175.4020940574941392       82.0851104913978418      809.2344927372562324
     175.3377481144863168       82.1412384869211962      809.2142691631634079
     175.2677346319528056       82.1897779809922469      809.1935081992969572
     175.1928963234873891       82.2301666145193764      809.1724533369786059
     175.1141349737187909       82.2619463996453817      809.1513516903521577
     175.0323994680200030       82.2847701501632685      809.1304508541104497
     174.9486731621541651       82.2984066110932986      809.1099956946559359
     174.8639607212407441       82.3027442629985586      809.0902250974263552
     174.7792745532884169       82.2977938056788929      809.0713686922820216
     174.6956209523864061       82.2836893601654396      809.0536435763357304
     174.6139860487097906       82.2606884693642542      809.0372510486475903
     174.5353216340878930       82.2291710293437603      809.0223733626655758
     174.4605308888647244       82.1896373500197797      809.0091704886044681
     174.3904539717221382       82.1427056335597428      808.9977768566865279
     174.3241312729395531       82.0931520195413214      808.9874898038410720
     174.2484460002183368       82.0365872545044397      808.9757217905365678
     174.1620867719038870       81.9720245649940296      808.9622567605811128
     174.0635616306717566       81.8983398829760603      808.9468463379636205
     173.9511741114289123       81.8142532286781545      808.9292047823712437
     173.8229964178192688       81.7183077184708679      808.9090031094565347
     173.6768394432399987       81.6088459417989185      808.8858622300924708
     173.5102193754667042       81.4839834391064954      808.8593449380439324
     173.3203206381727455       81.3415790060594048      808.8289465478073907
     173.1039549517504383       81.1792015509380747      808.7940839543676930
     172.8575163447468981       80.9940932456009222      808.7540828556694805
     172.5769320217700056       80.7831287408142060      808.7081628490750518
     172.2576091007892103       80.5427702704325554      808.6554200892192057
     171.8943773802267287       80.2690185541501080      808.5948071831242032
     171.4814284927182371       79.9573595358226612      808.5251100097030985
     171.0122520568427831       79.6027071768014736      808.4449212004499259
     170.4795697588532732       79.1993427774357599      808.3526101291097348
     169.8752686900898823       78.7408516441999069      808.2462894628973800
     169.1903357352242665       78.2200583772299751      808.1237786713281821
     168.4147953484093705       77.6289626483596464      807.9825654311168819
     167.5376536558331679       76.9586780989642563      807.8197666847107712
     166.5468524575705089       76.1993779339934179      807.6320923019575275
     165.4292373247231751       75.3402519403527577      807.4158159707499181
     164.1705445340299434       74.3694810159522888      807.1667602209740835
     162.7554119629851357       73.2742368347649773      806.8803054709665048
     161.1674191754909486       72.0407159238655908      806.5514367322768976
     159.3891616425836730       70.6542190563600343      806.1748460666643723
     157.4023632110021822       69.0992881827058909      805.7451138131971220
     155.1880292581923868       67.3599128725612957      805.2569964668437024
     152.7266425424883209       65.4198172631708417      804.7058534024988603
     149.9984021939033880       63.2628371619105110      804.0882461154204748
     146.9835036430515345       60.8733911518751185      803.4027403097184106
     143.6624571679849964       58.2370413366201873      802.6509309206487615
     140.0166009841527739       55.3411315994574053      801.8387445242791500
     136.0316833559644181       52.1755370054055945      800.9789920211603658
     131.7000308457695894       48.7333499690862197      800.0935150173751254
     127.0200133751852434       45.0114235052122851      799.2143216430885104
     121.9972404406252338       41.0108079355097317      798.3850421280915270
     116.6457370269606315       36.7369642545947457      797.6617967831883789
     110.9889144651647825       32.1997406588846431      797.1130688393179753
     105.0601387188177824       27.4131497236876811      796.8181920147561641
      98.9027078914342894       22.3949544483940883      796.8641748604625263
      92.5690220420850096       17.1660736508145639      797.3376685845187239
      86.1153811964824598       11.7486908534027066      798.2189242550499557
      79.5987463911926056        6.1692139879535173      799.3461307500338080
      73.0785671724893291        0.4629306615618222      800.5300938957261678
      65.7371463018088917       -6.1222208348556242      801.7003081200726911
      58.5545410792719778      -12.7364391783331747      802.4338598573137915
      51.6125838795649088      -19.2971802315722520      802.5261025595880255
      44.9861251576561187      -25.7249371820554131      801.9841199666893772
      38.7389884992787756      -31.9530646227380117      801.0110026935167298
      32.9187485794103623      -37.9276700092645598      799.7914669274672406
      27.5562242895569334      -43.6073319538459003      798.4715932142722750
      22.6665422237932219      -48.9621236723544300      797.1576443004278190
      18.2508434299091284      -53.9713786213403921      795.9196822549473609
      14.2977866593474463      -58.6216013621082510      794.7978204644654170
      10.7854557691886335      -62.9053324306442718      793.8070455118979680
       7.6838901761694274      -66.8203393676458006      792.9334371060662079
       4.9585566008030462      -70.3713417793390903      792.1588577320308104
       2.5734356564824381      -73.5703234244298585      791.4700406354816096
       0.4932155192224863      -76.4351217197674089      790.8569836423514516
      -1.3154969378083163      -78.9876245250387541      790.3117719305686251
      -2.8836422551399261      -81.2520957582013779      789.8277898469156071
      -4.2395243361675625      -83.2537906074524017      789.3992342378712692
      -5.4088061473748708      -85.0178950726207745      789.0208368029572057
      -6.4145983769743822      -86.5687669015666330      788.6877199591372118
      -7.2775962044050129      -87.9294308333810477      788.3953316243558902
      -8.0162404642981286      -89.1212752299852013      788.1394223704030537
      -8.6468900489933151      -90.1639005567278815      787.9160420237643621
      -9.1839976820264830      -91.0750774534839849      787.7215423323956429
      -9.6402839400962108      -91.8707804000235342      787.5525786173400320
     -10.0269059648989085      -92.5652707572024980      787.4061072654346845
     -10.3536183334603571      -93.1712096393691240      787.2793782254509551
     -10.6289243285339658      -93.6997864855442231      787.1699229029417211
     -10.8602164800484964      -94.1608534186720334      787.0755384096206626
     -11.0539057717080311      -94.5630586802673889      786.9942692862719014
     -11.2155393345855501      -94.9139747926698050      786.9243877648093530
     -11.3499067869207124      -95.2202188123848430      786.8643734790348390
     -11.4611356327501053      -95.4875632499080353      786.8128933428135952
     -11.5527763106666992      -95.7210370695999586      786.7687821265520824
     -11.6278775991142407      -95.9250167463865182      786.7310240967003665
     -11.6890531480477868      -96.1033077200583108      786.6987359456838931
     -11.7385399300184812      -96.2592168098109227      786.6711511319152805
     -11.7782493971744007      -96.3956162743302514      786.6476056734655913
     -11.8098121027906355      -96.5150002539766803      786.6275253640542360
     -11.8346165046592677      -96.6195343396828008      786.6104143488796581
     -11.8538426186667323      -96.7110989941001407      786.5958450054462219
     -11.8684911369736756      -96.7913275024787936      786.5834490094341618
     -11.8794085716378728      -96.8616390808004724      786.5729094800590246
     -11.8873089320549230      -96.9232677113432146      786.5639541001816042
     -11.8927923946442604      -96.9772872170937887      786.5563491084806174
     -11.8963613762575537      -97.0246330293708894      786.5498940658860647
     -11.8986459072254647      -97.0721029884140876      786.5436425396314917
     -11.8994811785592969      -97.1200980519269450      786.5375734769868359
     -11.8986367198779242      -97.1681885381727426      786.5317796692036154
     -11.8958931159749959      -97.2159515376390004      786.5263512508921622
     -11.8910454867302828      -97.2629756562619434      786.5213745013255675
     -11.8839068134561732      -97.3088655898563246      786.5169306891700671
     -11.8743110676743324      -97.3532464743013293      786.5130949760402927
     -11.8621161007150988      -97.3957679589574354      786.5099353936817579
     -11.8472062554484658      -97.4361079543525648      786.5075119087383655
     -11.8294946648611621      -97.4739760093329721      786.5058755880006629
     -11.8089252060375749      -97.5091162775749609      786.5050678757728519
     -11.7854740823510173      -97.5413100385310514      786.5051199935155637
     -11.7591510112611086      -97.5703777434847410      786.5060524703026203
     -11.7299999999989613      -97.5961805633341442      786.5078748108306854
     -11.6982054993779307      -97.6185378153799945      786.5105774610974549
     -11.6639851999475734      -97.6373121250459803      786.5141397521722411
     -11.6274824012885638      -97.6524940429571870      786.5185379249920743
     -11.5888709152120501      -97.6641178479218297      786.5237375057932923
     -11.5483537797758338      -97.6722604114954152      786.5296936859789412
     -11.5061615971519444      -97.6770395343901043      786.5363518355368342
     -11.4625505133671304      -97.6786117775683493      786.5436481429786681
     -11.4177998624916714      -97.6771698171705225      786.5515103730707551
     -11.3722095021252798      -97.6729393583764107      786.5598587320824890
     -11.3260968709783576      -97.6661756488238382      786.5686068288948718
     -11.2797938029138596      -97.6571596372288298      786.5776627191485204
     -11.2336431349568393      -97.6461938273035202      786.5869300186266173
     -11.1879951494590131      -97.6335978808981650      786.5963090713300971
     -11.1432038927855892      -97.6197040274392407      786.6056981571517781
     -11.0988459382291982      -97.6045761116711788      786.6151619357175377
     -11.0485812657644988      -97.5859262723702869      786.6260677391492209
     -10.9916393228247458      -97.5630303640764538      786.6386349325637184
     -10.9271413147247287      -97.5350340345431590      786.6531167658499726
     -10.8540833568039563      -97.5009315668787337      786.6698056236471075
     -10.7713171068749443      -97.4595413638812147      786.6890390396969224
     -10.6775275450677682      -97.4094775649422502      786.7112065694275316
     -10.5712075245352004      -97.3491172298512595      786.7367576211439655
     -10.4506286712318506      -97.2765624667261051      786.7662103510272118
     -10.3138081660353205      -97.1895968254517442      786.8001617292154606
     -10.1584709003033087      -97.0856352273600010      786.8392988822704410
      -9.9820064597793223      -96.9616666625496606      786.8844118097223372
      -9.7814203657872874      -96.8141888673072515      786.9364075572583488
      -9.5532789924385373      -96.6391342086348857      786.9963259044095594
      -9.2936475912199299      -96.4317860694025200      787.0653565883083047
      -8.9980208987691146      -96.1866851717724813      787.1448580356131970
      -8.6612458906548433      -95.8975255334480607      787.2363775117656814
      -8.2774363860392501      -95.5570401683853987      787.3416725225524715
      -7.8398794186711118      -95.1568772838277965      787.4627332244255058
      -7.3409335819460146      -94.6874686707300128      787.6018055319818814
      -6.7719199404025243      -94.1378933385379923      787.7614145811023718
      -6.1230065818098458      -93.4957413344272794      787.9443882619918895
      -5.3830884575765348      -92.7469852574937050      788.1538807550514321
      -4.5396648045785390      -91.8758703830241643      788.3933965044467413
      -3.5787171216203042      -90.8648386815457485      788.6668160297643908
      -2.4845913389830034      -89.6945074014355725      788.9784266660627736
      -1.2398884284371214      -88.3437291428770521      789.3329641003392680
       0.1746317263263231      -86.7897669690509304      789.7356749228843000
       1.7801276496526164      -85.0086238762219466      790.1924169466183230
       3.5997277747769196      -82.9755684954323414      790.7098234705140385
       5.6585456106029985      -80.6658938781364299      791.2955706466807442
       7.9836398711444412      -78.0559260405533450      791.9588039668756210
      10.6038830932713690      -75.1242504770679318      792.7107998011273367
      13.5496661477628919      -71.8530243265562518      793.5659572904505694
      16.8522334906631990      -68.2287159265724199      794.5392733529662337
      20.5421051998011315      -64.2412797025519922      795.6300419817389411
      24.6466162582047161      -59.8848751663786913      796.8221465385940974
      29.1865285864592181      -55.1586471651263892      798.0810113826350971
      34.1724869384063794      -50.0681216202852042      799.3468037508285988
      39.6023338736858790      -44.6274440583457164      800.5280389624443842
      45.4596616804892051      -38.8618347733316014      801.4970466057757221
      51.7131713435503002      -32.8091605594772204      802.0887458522036013
      58.3162128279176102      -26.5212263221454023      802.1146185949205574
      65.2100921248274261      -20.0680712944254722      801.5470408235410105
      72.3258776782771520      -13.5298390537622382      800.5477226919483655
      79.5837658668574193       -6.9839607850675716      799.3420537861560433
      86.0141483508361944       -1.2738207952959266      798.3192597853229699
      92.4232050246357062        4.3518527026332290      797.5239921731166532
      98.7494366672620174        9.8615903053843965      797.1204487351940315
     104.9308318864758576       15.2282945222893211      797.1376630012947544
     110.9082827607741990       20.4256658276612058      797.4929903296524571
     116.6315068284670815       25.4285472268717427      798.1001367998750311
     122.0605001108554433       30.2138018207885395      798.8786868148972644
     127.1660211656090951       34.7612374253742615      799.7582440853983599
     131.9293340349972823       39.0544412082520296      800.6807311336092425
     136.3413690411001937       43.0814216653680973      801.6010383342909336
     140.4014554396165408       46.8349578632889845      802.4863876995675582
     144.1160073563119965       50.3126009542442816      803.3149161636563349
     147.4991871097460603       53.5164276671300883      804.0745426020102968
     150.5696893688450757       56.4524952021651671      804.7603506884859144
     153.3472374027255967       59.1301354742620191      805.3719451751477436
     155.8520383862606309       61.5612529226661565      805.9120328735486964
     158.1043881097759254       63.7596329059710030      806.3852903053773389
     160.1243366610843850       65.7403011987324675      806.7974899997088869
     161.9314125148625578       67.5189608217254715      807.1548607368032435
     163.5444025036144922       69.1115188721128249      807.4636443860071040
     164.9811842956324881       70.5337053515700916      807.7298087194371874
     166.2586077436267828       71.8007799749621256      807.9588781123778745
     167.3924192101938502       72.9273185708202334      808.1558489730492738
     168.3972224615185098       73.9270674113138995      808.3251631926400478
     169.2864702678117794       74.8128536486393472      808.4707192414077781
     170.0724808376136821       75.5965406350858444      808.5959058881173860
     170.7664734962365856       76.2890180093879025      808.7036479152573065
     171.3786185433863523       76.9002177947634209      808.7964566361106336
     171.9180968835502767       77.4391491788955619      808.8764805876350010
     172.3931657299243625       77.9139460098209042      808.9455536201388668
     172.8112273773815843       78.3319222747602595      809.0052388840022104
     173.1788986828069596       78.6996318995107060      809.0568680648666486
     173.5020794599959117       79.0229301068760464      809.1015757588143060
     173.7860184821246889       79.3070343115001322      809.1403292007835262
     174.0353761873288363       79.5565831212360592      809.1739537329638097
     174.2542835074901575       79.7756924812265567      809.2031544765289937
     174.4463964953158666       79.9680083561907082      809.2285346860886648
     174.6149466198864957       80.1367556179553731      809.2506112466885497
     174.7627867458324431       80.2847830060155587      809.2698277346162286
     174.8924329154074542       80.4146041735382653      809.2865654164238549
     175.0061021241829451       80.5284349320734947      809.3011525119827638
     175.1057463270246899       80.6282268754576990      809.3138720008629434
     175.1930829374026075       80.7156976051898027      809.3249682088650161
     175.2696220948275254       80.7923578024606570      809.3346523739585336
     175.3366909762648334       80.8595354011492873      809.3431073583537909
     175.3954554208519596       80.9183971154408397      809.3504916457109175
     175.4523397578579420       80.9815004002269063      809.3570058412096841
     175.5029178571092530       81.0506245266007852      809.3614763260721929
     175.5464530027122123       81.1250208903170886      809.3638159363017621
     175.5823112266318446       81.2038572743707618      809.3639690587206132
     175.6099662546690752       81.2862321140472659      809.3619110249132973
     175.6290038425356386       81.3711887146010326      809.3576474330498058
     175.6391252373209966       81.4577295017870711      809.3512133107287809
     175.6401495676894342       81.5448303086473345      809.3426720811551149
     175.6320150239886857       81.6314546480010819      809.3321143115257428
     175.6147787352811065       81.7165678836995255      809.3196562343557616
     175.5886152880630107       81.7991511897986072      809.3054380411325610
     175.5538138635782275       81.8782151720603082      809.2896219540696165
     175.5107739986761146       81.9528130184328774      809.2723900865387350
     175.4599999999999795       82.0220530429148482      809.2539421063238478
