  -7.7700000001072818       -13.954987464989680        902.19882824883541     
  -7.6700000001072812       -13.966550688232388        902.20911468692020     
  -7.5700000001072816       -13.978113911475097        902.21940112500499     
  -7.4700000001072819       -13.989677134717805        902.22968756308978     
  -7.0574881334758075       -14.037376802759066        902.27212034084334     
  -7.0506344894549073       -14.038169304917464        902.27282533669211     
  -7.0424352911488386       -14.039118925005184        902.27366883382729     
  -7.0329935425790531       -14.040214514247412        902.27464028178747     
  -7.0224278684019641       -14.041443126902147        902.27572752376716     
  -7.0108710278001896       -14.042790140522277        902.27691694652412     
  -6.9984682505670159       -14.044239397735566        902.27819364861398     
  -6.9853754160184067       -14.045773369936654        902.27954162498941     
  -6.9717570973662113       -14.047373342844249        902.28094396577899     
  -6.9577844959134101       -14.049019623332670        902.28238306687786     
  -6.9436332908653338       -14.050691766322865        902.28384084979609     
  -6.9299512471500861       -14.052313067389740        902.28525057597813     
  -6.9137344818862267       -14.054240558858799        902.28692181466158     
  -6.8945138234995085       -14.056533243495529        902.28890311141049     
  -6.8717334251809037       -14.059261944866513        902.29125203649937     
  -6.8447348215853410       -14.062511840114919        902.29403686757064     
  -6.8127380818069661       -14.066385589912048        902.29733858782072     
  -6.7748195421338986       -14.071007220971694        902.30125325948006     
  -6.7298855156597543       -14.076526958802944        902.30589484382688     
  -6.6766412774803419       -14.083127260950940        902.31139855265781     
  -6.6135545135780500       -14.091030364782515        902.31792483242407     
  -6.5388122990665423       -14.100507738404172        902.32566410155766     
  -6.4502705391061639       -14.111891904884526        902.33484238426831     
  -6.3453946677073239       -14.125591188695575        902.34572801067293     
  -6.2211902637616205       -14.142107987707227        902.35863958365769     
  -6.0741221238714216       -14.162061161947715        902.37395544714013     
  -5.9000202510889475       -14.186212973380439        902.39212492729405     
  -5.6939712151229660       -14.215500569574338        902.41368165524386     
  -5.4501934725912573       -14.251071036941379        902.43925931150216     
  -5.1618955985334649       -14.294317149058520        902.46961014938790     
  -4.8211171155221422       -14.346907431897220        902.50562664000586     
  -4.4185529300862108       -14.410797982209383        902.54836650699633     
  -3.9433646174468242       -14.488202919665014        902.59908124016101     
  -3.3829853964955885       -14.581482869358863        902.65924782394632     
  -2.7229312512506114       -14.692882746357668        902.73060278808987     
  -1.9466391324568100       -14.824006291144304        902.81517664235582     
  -1.0353655343242933       -14.974849094104997        902.91532511016021     
   3.1804011543792449E-002  -15.142118230738630        903.03375109273111     
   1.2777614111754763       -15.316443104394805        903.17350765641254     
   2.7268988572733486       -15.477939880271926        903.33796695389424     
   4.4042241203468819       -15.589475270121387        903.53073135496311     
   6.3339384188444150       -15.587001607030384        903.75544689974106     
   8.5373961590307239       -15.366770899292970        904.01544491986738     
   11.030544271349934       -14.770641597656489        904.31306832577775     
   13.821382774122492       -13.574199617148302        904.64842716683052     
   16.908208143627167       -11.490279664583147        905.01639740249493     
   20.282790544782003       -8.2174580255446106        905.40178522182362     
   23.949285333238564       -3.5854094184312841        905.77714697839292     
   27.954175935179268        2.2168772045156286        906.10423663125971     
   32.405612280662112        8.4804504841796025        906.34204990377611     
   37.458644547843001        14.048256054375099        906.45297948132111     
   43.262418364530731        17.644887816867914        906.38495688756052     
   49.892586181196620        18.298737520227625        906.01730080052585     
   57.314787442274792        15.581158108769122        905.13088466164982     
   65.406856882687194        9.6696904860593307        903.58332769285710     
   73.996458141240794        1.2961886032250938        901.50094832400305     
   82.870194024876469       -8.4404800848273123        899.19551114526007     
   90.578199332814251       -17.018274234746716        897.36179958652406     
   98.197272450121957       -25.063221196654993        895.97248804353376     
   105.59272550968686       -32.070114215344027        895.14468083074121     
   112.63222606530914       -37.698653643079624        894.79452167834904     
   119.21581330632813       -41.771298470017314        894.81659928076522     
   125.27915934618196       -44.254784488580619        895.11189127827288     
   130.79016026442025       -45.230684763490032        895.59258477336925     
   135.74335305944516       -44.861491510326999        896.18398126837451     
   140.15378760954934       -43.358396486309857        896.82525449372918     
   144.05151444700519       -40.955567699943643        897.47032957950080     
   147.47783361307927       -37.889339271089398        898.08843666257019     
   150.47882348750454       -34.381472615523492        898.66046456999925     
   153.10026787274072       -30.627665379117385        899.17535604147145     
   155.38589571205847       -26.791311264155905        899.62847250724451     
   157.37632612237135       -23.001613971918896        900.02000021515357     
   159.10849272414185       -19.354940558551590        900.35341757499384     
   160.61544235270620       -15.918270797083171        900.63416609090518     
   161.92639752992531       -12.733741856805644        900.86860386267074     
   163.06697911645034       -9.8234704538610256        901.06325470565594     
   164.05950274453332       -7.1940532860231325        901.22431987867822     
   164.92332148796223       -4.8406279517117117        901.35740021342326     
   165.67518708428599       -2.7504088520397421        901.46737409364937     
   166.32959750897214      -0.90559196661541974        901.55838041054324     
   166.89911298840281       0.71437905681374136        901.63386460490210     
   167.39463319922308        2.1311289871118624        901.69665683218057     
   167.82563493899738        3.3661621580090086        901.74906142420832     
   168.20037315115934        4.4400729234540881        901.79294496071623     
   168.52604984008337        5.3720640103315880        901.82981616571647     
   168.80895586480761        6.1796924031289375        901.86089476755683     
   169.05459036832644        6.8787760750721887        901.88716884780524     
   169.26776202283469        7.4834087584995874        901.90944150028827     
   169.45267556649924        8.0060426639472411        901.92836820373884     
   169.61300640748249        8.4576099401419977        901.94448646345336     
   169.75196545069025        8.8476624864883302        901.95823919628322     
   169.87235579463970        9.1845165432897247        901.96999314609957     
   169.97662255383824        9.4753935228625288        901.98005339865733     
   170.06689677319727        9.7265521179911794        901.98867485537733     
   170.14503419497635        9.9434091571435541        901.99607134281769     
   170.21264949443554        10.130648262900213        902.00242288365098     
   170.27114649935641        10.292316355182276        902.00788153454994     
   170.32174483648987        10.431908613338091        902.01257610244852     
   170.36550339368426        10.552442810617325        902.01661598152384     
   170.40334094729289        10.656524059648792        902.02009428745498     
   170.43605426834691        10.746401026292517        902.02309042910861     
   170.46433398647906        10.824014626612657        902.02567224271684     
   170.48877846955094        10.891040146149180        902.02789776552368     
   170.51294115376422        10.957236539826280        902.03009326432289     
   170.53680542180643        11.022560654373317        902.03225860599173     
   170.56007091248523        11.086192867478914        902.03436672403541     
   170.58244459698525        11.147336278851064        902.03639135514254     
   170.60364448408365        11.205226582702522        902.03830735639087     
   170.62340319646529        11.259141458092842        902.04009100519318     
   170.64147137181612        11.308409369039722        902.04172027905872     
   170.65762084401763        11.352417677762997        902.04317511257273     
   170.67164756205887        11.390619986470597        902.04443762930180     
   170.68337420724575        11.422542635186330        902.04549234664341     
   170.69265247290195        11.447790294975313        902.04632635192070     
   170.69936497498432        11.466050607204526        902.04692944839690     
   170.70342676619612        11.477097830058668        902.04729427277948     
   171.10478643387611        12.568712209608233        902.08334383449289     
   171.20478643387611        12.840691301543261        902.09232569406083     
   171.30478643387610        13.112670393478290        902.10130755362877     
   171.40478643387610        13.384649485413318        902.11028941319671     
