  -14.359999999999999       -113.54168712043615        422.58239512977008     
  -14.260000000000000       -113.51324066133907        422.63152522209322     
  -14.160000000000000       -113.48479420224199        422.68065531441636     
  -14.060000000000000       -113.45634774314490        422.72978540673950     
  -13.363557571693704       -113.25823453264204        423.07194821474400     
  -13.201072736024313       -113.21201335032438        423.15177716451950     
  -13.006594075812403       -113.15653626055919        423.24701837298448     
  -12.782519243655415       -113.09240907072763        423.35634465275916     
  -12.531618212568921       -113.02034339051202        423.47824995578770     
  -12.257001629641341       -112.94115294770452        423.61107670595516     
  -11.962084452577585       -112.85574832733278        423.75304411499792     
  -11.650545198873115       -112.76512995261680        423.90227677330410     
  -11.326281157520096       -112.67037914348030        424.05683273041802     
  -10.993360062289037       -112.57264719160936        424.21473050656573     
  -10.655968843074390       -112.47314248674937        424.37397465833396     
  -10.318392600877219       -112.37312545399075        424.53256450006194     
  -9.9476183499954267       -112.26275210462006        424.70594070114828     
  -9.5404808082411598       -112.14093548065011        424.89540189541742     
  -9.0935383745959300       -112.00647527335451        425.10235494099788     
  -8.6030558498781264       -111.85804720870155        425.32832622693775     
  -8.0649880796363735       -111.69419197472017        425.57497564530547     
  -7.4749652730763394       -111.51330387792939        425.84411418339641     
  -6.8282809811369960       -111.31361950151796        426.13772640625371     
  -6.1198839990979392       -111.09320674556292        426.45799950053600     
  -5.3443758027625421       -110.84995476191315        426.80736105298411     
  -4.4960155405822908       -110.58156545509635        427.18852835664336     
  -3.5687350942774634       -110.28554740550786        427.60457279050433     
  -2.5561672924751218       -109.95921327876329        428.05900371419995     
  -1.4516910163887287       -109.59968200704293        428.55587736209742     
 -0.24849766783774513       -109.20388724877748        429.09993740075663     
   1.0603157375394299       -108.76859382604468        429.69679510051731     
   2.4816207642501480       -108.29042396442446        430.35315840671149     
   4.0220921407033092       -107.76589515925880        431.07712047840789     
   5.6879951110905420       -107.19147128345291        431.87851933693889     
   7.4849173938202913       -106.56362802485523        432.76938090458344     
   9.4174373613570364       -105.87893275191534        433.76445759548824     
   11.489181762394939       -105.13384979783693        434.88079166459443     
   13.704810291476921       -104.32332406774123        436.13268569977311     
   16.069015812952216       -103.44121887210619        437.53357502122651     
   18.585710388814086       -102.48059006572245        439.09736690790237     
   21.259135777535676       -101.43289569215463        440.83510858464848     
   24.096494824188941       -100.28651091989065        442.74787863530082     
   27.106359518725402       -99.027322570014150        444.82951867496070     
   30.298455978545395       -97.638583718363904        447.06589605519252     
   33.683836773107728       -96.100644056638401        449.43315451164653     
   37.275036177057160       -94.390875730849757        451.89607462863705     
   41.086185235146424       -92.483908140735238        454.40674970093403     
   45.133062363581061       -90.352283405656038        456.90380168456869     
   49.432541367245562       -87.967879901357620        459.31364861107403     
   53.989018816695271       -85.311079698353765        461.58679926480232     
   58.789843101145642       -82.373735274899900        463.71091133410340     
   63.817483218020747       -79.152509906338480        465.67973005322330     
   69.045614045466280       -75.650634817896758        467.50475632650750     
   74.427316461114955       -71.881365154461818        469.24776977379440     
   79.907567393595187       -67.861900178882507        470.98796670787550     
   85.427777549986160       -63.610930522650037        472.81044058470331     
   90.933168062752941       -59.144730013609362        474.78502319640626     
   96.384243807652467       -54.472714396080320        476.93246467923734     
   101.74448716294467       -49.604672940279109        479.26270387211224     
   106.97828381018084       -44.551875204385695        481.78222508898563     
   112.05539825178754       -39.326072836667791        484.48140149191295     
   117.24474674401768       -33.612930817284095        487.48489609792529     
   122.22112617470739       -27.736035483896160        490.57288330062408     
   126.96913696430030       -21.716910971554508        493.68275937494906     
   131.47596196561065       -15.581315107721316        496.75597927226772     
   135.73372237618909       -9.3590139656879394        499.73850729374442     
   139.74304905383551       -3.0833430837822289        502.57954789028531     
   143.50647794115338        3.2091933730450775        505.23894824978015     
   147.02726615895335        9.4800825171095902        507.68876412438237     
   150.30978291853401        15.690187145675193        509.91256530796682     
   153.35987787591748        21.801130602879763        511.90407701650736     
   156.18670255939807        27.776472405620602        513.66396708789716     
   158.80212704317816        33.582791084078572        515.19850825976027     
   161.21823020104105        39.190794629562895        516.51974521491923     
   163.44706643480066        44.576042619631096        517.64361534258126     
   165.50054334625037        49.719274013798568        518.58829388528125     
   167.39030074501051        54.606411454892495        519.37289647209286     
   169.12760287237455        59.228320507649684        520.01650956564060     
   170.72325208001263        63.580397758621530        520.53750332355889     
   172.18748593788393        67.662061142879537        520.95314659117196     
   173.52970615563345        71.476232865342581        521.27972968512995     
   174.75880949734702        75.028692567885159        521.53184531093211     
   175.88331099348358        78.327477589483351        521.72215308902423     
   176.91127119915308        81.382369454491254        521.86156684681725     
   177.85026317179248        84.204431933308655        521.95943481014876     
   178.70736599758644        86.805605992961176        522.02371081019146     
   179.48917461383655        89.198362905430031        522.06111631998101     
   180.20181999215623        91.395412833372433        522.07729313627283     
   180.85099417996418        93.409466365989786        522.07694480659575     
   181.44197565150210        95.253045604767436        522.06396504875420     
   181.97965383058445        96.938338604544214        522.04155321939334     
   182.46855252401133        98.477090796888518        522.01231724394074     
   182.91285222385383        99.880527452703944        521.97836458013649     
   183.31641065895980        101.15930201751726        521.94138306613456     
   183.68276179517551        102.32347217021079        521.90274567748861     
   184.01514404987324        103.38248287363143        521.86355546424977     
   184.31655090235319        104.34515446636020        521.82464322962460     
   184.58974336475609        105.21969309299465        521.78661995181210     
   184.83726150446060        106.01370897330818        521.74992274892827     
   185.06143691055604        106.73423975377005        521.71485210376886     
   185.26440563888718        107.38777736338810        521.68160191787354     
   185.44812128058027        107.98029710705427        521.65028369717061     
   185.61436788754827        108.51728799143351        521.62094594642417     
   185.76477255933142        109.00378349682046        521.59358966104810     
   185.90081755205787        109.44439218900590        521.56818064742356     
   186.02385181494947        109.84332771337688        521.54465927196497     
   186.13510189481252        110.20443783409014        521.52294813073865     
   186.24566801532319        110.56416699055518        521.50102826094314     
   186.35452656717911        110.91959920612787        521.47917083327070     
   186.46033855398332        111.26624689748041        521.45764109591573     
   186.56181195467747        111.59972601671075        521.43671162329599     
   186.65771550402664        111.91581266496013        521.41665975154933     
   186.74689162718337        112.21049787520988        521.39776392469219     
   186.82826852680785        112.48003977288198        521.38029894580461     
   186.90087139862783        112.72101236416972        521.36453024857678     
   186.96383272225370        112.93035025863458        521.35070742186019     
   187.01640154413491        113.10538870148005        521.33905732076687     
   187.05795164420078        113.24389836867402        521.32977717117228     
   187.08798846148164        113.34411446136937        521.32302811178590     
   187.10615465001919        113.40475972192010        521.31892961449250     
   187.51223414602134        114.76039889677816        521.22731349414732     
   187.61223414602134        115.09423480531436        521.20475236480024     
   187.71223414602133        115.42807071385056        521.18219123545316     
   187.81223414602132        115.76190662238676        521.15963010610608     
