  -12.829999999876559       -90.523664140729863        750.81584777434625     
  -12.729999999876560       -90.523372628872281        750.83556172889860     
  -12.629999999876560       -90.523081117014698        750.85527568345094     
  -12.529999999876560       -90.522789605157115        750.87498963800329     
  -12.076620191932001       -90.521467949257072        750.96436872729100     
  -12.047376711759643       -90.521382701044800        750.97013377368171     
  -12.012388666971848       -90.521284227231547        750.97702737791099     
  -11.972093926150782       -90.521175553149192        750.98496125307418     
  -11.926996991265085       -90.521059915932682        750.99383395366317     
  -11.877662767783432       -90.520940627439472        751.00353223909315     
  -11.824709573707635       -90.520820937637581        751.01393258401140     
  -11.768801469548254       -90.520703905153937        751.02490281181099     
  -11.710640000289811       -90.520592281153426        751.03630382665631     
  -11.650955448557873       -90.520488411882354        751.04799141875924     
  -11.590497705343964       -90.520394164111920        751.05981811754634     
  -11.530923097836006       -90.520312030948645        751.07146002035711     
  -11.461966924889953       -90.520230195869061        751.08492041952434     
  -11.382154125764483       -90.520153090465129        751.10048034292640     
  -11.289778545191318       -90.520087269791389        751.11846326426473     
  -11.182867034008355       -90.520042195419876        751.13924120359343     
  -11.059138090147203       -90.520031274691220        751.16324161189914     
  -10.915954256869663       -90.520073231071507        751.19095511581020     
  -10.750267403142878       -90.520193898410781        751.22294420142509     
  -10.558555917871306       -90.520428551705152        751.25985292033408     
  -10.336752761063126       -90.520824907171715        751.30241770864109     
  -10.080163240152228       -90.521446941939260        751.35147942589697     
  -9.7833713331981951       -90.522379692671791        751.40799675368748     
  -9.4401333849881848       -90.523735182948002        751.47306115772494     
  -9.0432580911665976       -90.525659584474710        751.54791373680814     
  -8.5844719102005644       -90.528341610155181        751.63396449636753     
  -8.0542694781114026       -90.532021925041235        751.73281495620017     
  -7.4417493553767340       -90.537002978751602        751.84628562909108     
  -6.7344366653917920       -90.543658011628708        751.97645093785184     
  -5.9180961093837006       -90.552436922511504        752.12568579274318     
  -4.9765417669058083       -90.563865002951019        752.29673064389374     
  -3.8914544196504282       -90.578527957546100        752.49278578398389     
  -2.6422233894842257       -90.597032768572134        752.71765155344269     
  -1.2058386839919346       -90.619928360396898        752.97593951477234     
  0.44312873790770035       -90.647562152359853        753.27339115419420     
   2.3324049865878487       -90.679837975960268        753.61735532774208     
   4.4916763503352133       -90.715827260239649        754.01749239109290     
   6.9519419883645996       -90.753169377939003        754.48678811278228     
   9.7444392657202066       -90.787180741197417        755.04296586557120     
   12.899012353720023       -90.809581100128185        755.71036587337619     
   16.441946016656878       -90.806363304552207        756.51907303863993     
   20.394104888011775       -90.752293928653557        757.48048202985217     
   24.767606489985212       -90.607477782600341        758.58287522738510     
   29.562127256053948       -90.314761097219431        759.79203725928437     
   34.762497690663167       -89.797984572523291        761.04515904067330     
   40.339522467462352       -88.965031455506960        762.24729043940840     
   46.255807132411121       -87.718068737175969        763.27148406491892     
   52.474435459436208       -85.968282015996465        763.96143431896598     
   58.965168782763712       -83.651923009153023        764.16029202642062     
   65.700568887122373       -80.753469064336656        763.88661312662339     
   72.649210533215168       -77.292836968936257        763.30239123154888     
   79.767391666624562       -73.301959195890021        762.61584790748498     
   86.994820642812400       -68.816829962596444        762.07043828203632     
   94.256220625504056       -63.874394635965587        761.92680676985628     
   101.46465149105933       -58.504402517787426        762.37247514378305     
   108.52641902272829       -52.723102903929728        763.38716694726429     
   115.34768685133889       -46.548970449298125        764.83213356845818     
   121.09165156288483       -40.807062348429824        766.34215465266550     
   126.53092901216974       -34.819728318675857        767.96981238548597     
   131.62601239562838       -28.632242044854237        769.62679301309095     
   136.34958277358496       -22.299719016967508        771.24007657155232     
   140.68704696568798       -15.884871847750915        772.75429446539601     
   144.63768008330274       -9.4550168419148974        774.13295736213490     
   148.21143586002026       -3.0786107739113628        775.35587124621088     
   151.42645509121257        3.1781640071072363        776.41623060193695     
   154.30633032188086        9.2544366835718268        777.31723209746292     
   156.87737656930756        15.097085837196111        778.06868969147843     
   159.16712186760685        20.662497942483533        778.68460005546285     
   161.20301638077018        25.917468498974880        779.18111000768454     
   163.01146820774403        30.839248135356652        779.57495903559516     
   164.61719710116824        35.414922048092066        779.88237720805159     
   166.04286377127383        39.640334385775063        780.11837560359595     
   167.30891840162002        43.518753749919000        780.29635029968085     
   168.43360899590539        47.059442998595145        780.42792058385044     
   169.43309517907082        50.276256421528622        780.52293048057004     
   170.32162259763595        53.186347678890762        780.58955510642659     
   171.11172411841338        55.809037282878876        780.63446665120239     
   171.81442404899877        58.164861573015600        780.66302691853048     
   172.43942776417055        60.274808420047151        780.67948281775125     
   172.99529118315400        62.159725533995939        780.68715146834040     
   173.48957237367364        63.839876163688359        780.68858888872956     
   173.92896445440144        65.334620859792153        780.68573833984431     
   174.31940990372743        66.662204368572219        780.68005700219464     
   174.66619767968172        67.839627440342568        780.67262162809607     
   174.97404519511193        68.882585146528243        780.66421494807344     
   175.24716738723026        69.805455663252630        780.65539516358683     
   175.48933501831416        70.621326020627052        780.64655110282479     
   175.70392393334981        71.342043825040506        780.63794608954004     
   175.89395780200596        71.978285925477550        780.62975030931443     
   176.06214501641503        72.539637346244419        780.62206562963092     
   176.21091063262503        73.034675350651796        780.61494516311222     
   176.34242460366005        73.471054708393723        780.60840788827363     
   176.45862697160635        73.855591435229840        780.60244945922022     
   176.56125051927916        74.194343143831532        780.59705011839981     
   176.65184125634858        74.492684815103615        780.59218042685097     
   176.73177701948396        74.755379304807661        780.58780536357881     
   176.80228439669941        74.986642271566950        780.58388721548795     
   176.86445413765193        75.190201476833977        780.58038757696238     
   176.91925517918580        75.369350589006856        780.57726869885425     
   176.96754739446732        75.526997742608017        780.57449436588058     
   177.01009316091458        75.665709175538666        780.57203043530217     
   177.04756783394294        75.787748305790885        780.56984513504517     
   177.08056920825436        75.895110623542365        780.56790919339119     
   177.11381111616896        76.003178936785787        780.56596702943295     
   177.14664403004667        76.109868251414156        780.56407470587510     
   177.17865489197592        76.213837690729605        780.56225444951906     
   177.20944061456555        76.313781329223659        780.56052670365386     
   177.23861316532876        76.408444551046287        780.55890998775681     
   177.26580448402080        76.496639723372112        780.55742082233814     
   177.29067113892725        76.577261000538229        780.55607380021900     
   177.31289871302101        76.649298065114209        780.55488164581675     
   177.33220588103597        76.711848636370149        780.55385519241395     
   177.34834805900340        76.764129616677295        780.55300343981594     
   177.36112059345842        76.805486741931418        780.55233362383206     
   177.37036144301533        76.835402626624116        780.55185128565938     
   177.37595331036852        76.853503114059677        780.55156033382775     
   177.77782519057433        78.154334564258875        780.53065043875313     
   177.87782519057433        78.478027640154835        780.52544731404987     
   177.97782519057432        78.801720716050795        780.52024418934661     
   178.07782519057432        79.125413791946755        780.51504106464336     
