     179.9317182597789895       90.5460175942431391      700.7559535649511417
     179.7850803661170289       90.5766163589918847      700.7035353128017050
     179.6348708387501176       90.5882747991723960      700.6522543930425400
     179.4828453264089774       90.5809072060439178      700.6026957619155837
     179.3307750591883121       90.5546683222913771      700.5554229532776844
     179.1804227345005529       90.5099507996289105      700.5109708032965727
     179.0335185399322313       90.4473797632786614      700.4698383738359553
     178.8917365310670959       90.3678046282104219      700.4324821038154596
     178.7566715462998559       90.2722883466775983      700.3993092150356006
     178.6298167938725214       90.1620942990761733      700.3706713947651679
     178.5125421868788465       90.0386710714800955      700.3468587698785086
     178.4060734264539576       89.9036353948950477      700.3280941739219543
     178.3114717364547914       89.7587535555495037      700.3145276857942463
     178.2296140264509461       89.6059216254238464      700.3062313824218563
     178.1611730917192915       89.4471449118325097      700.3031941923148906
     178.0996855766832994       89.2863220690787784      700.3027256647937975
     178.0304679938576840       89.1053672159009835      700.3021122827645968
     177.9525582808525996       88.9017966748919974      700.3013129351313637
     177.8648773452510454       88.6728300124447912      700.3002752894449259
     177.7662155776345116       88.4153571341025213      700.2989328312088446
     177.6552178115044001       88.1259024655246037      700.2972015758654152
     177.5303669646696676       87.8005860620818339      700.2949756515499757
     177.3899663233368642       87.4350816264514492      700.2921214959316103
     177.2321201942940831       87.0245715646271947      700.2884708879156506
     177.0547130061825953       86.5636992439344368      700.2838123258513860
     176.8553868924843471       86.0465187949597379      700.2778803850668510
     176.6315178385169702       85.4664430043586663      700.2703426254412307
     176.3801905390971285       84.8161901110212284      700.2607835443268414
     176.0981721898132264       84.0877306590444249      700.2486849873376968
     175.7818855213055542       83.2722359940622141      700.2334023412616943
     175.4273814789180506       82.3600305334816198      700.2141357432954010
     175.0303120433497384       81.3405506165179304      700.1898954551440966
     174.5859037720127276       80.2023135676918741      700.1594604790411722
     174.0889327020286146       78.9329016075692209      700.1213294498988944
     173.5337012753545309       77.5189664325631611      700.0736628442926985
     172.9140178996406121       75.9462616677119797      700.0142156312227826
     172.2231796143598217       74.1997119614076297      699.9402596896172781
     171.4539580553828273       72.2635291995756575      699.8484956829526027
     170.5985884667420578       70.1213880855092384      699.7349546752843708
     169.6487608665680114       67.7566750132080813      699.5948906737246489
     168.5956113949734743       65.1528241881815973      699.4226666167243138
     167.4297112329898027       62.2937438428645791      699.2116392986439450
     166.1410574982144794       59.1643413118084709      698.9540535313427654
     164.7190665144694321       55.7511583383724414      698.6409574640204028
     163.1525673100607037       52.0431092896130423      698.2621553562930785
     161.4297968975887443       48.0323049842288370      697.8062200822600971
     159.5384013326398644       43.7149285632360431      697.2605933246752556
     157.4654496436528746       39.0921092457845205      696.6118065300190665
     155.1974714314418122       34.1707165927798968      695.8458589534603789
     152.7205328953482137       28.9639749402095816      694.9487886705553592
     150.0203698623135722       23.4917796899014917      693.9074659668057166
     147.0825999504723143       17.7805905984500221      692.7106236188938055
     143.8930459878707211       11.8628083378890601      691.3501158523167760
     140.4383638410213848        5.7759643802002021      689.8225724117141908
     136.7096724944898085       -0.4378855432548781      688.1365934762856114
     132.7049131735396372       -6.7332080379193595      686.3178760074524689
     128.4271171047657276      -13.0621677081653083      684.4067756824141497
     123.8845388501444802      -19.3756966563893585      682.4590531362971433
     119.0905757490136523      -25.6245378187547814      680.5458665744469045
     114.0633054330560725      -31.7602642840353582      678.7526095861990143
     108.8246793970806578      -37.7362964069361624      677.1766272710290195
     102.9492669849496167      -43.9699186997369793      675.8394411789385003
      96.8884246983390227      -49.9179812826996425      675.0210720338531019
      90.6771407241747625      -55.5434225924919716      674.8396439618638851
      84.3640201269433589      -60.8077246153070377      675.2012285754074128
      78.0059231182666508      -65.6719026392379135      675.8827421360999779
      71.6614002159400343      -70.1038043982897250      676.6431302343947891
      65.3898628538942148      -74.0801277295108491      677.2393760769111850
      59.2504849292399456      -77.5881858633728285      677.4424018211564089
      53.3012277943389918      -80.6272167805277888      677.0534765713074421
      47.5906901510924385      -83.2197169852312015      676.0160315161581366
      42.1481854938345535      -85.4229570351778307      674.5145779871660352
      36.9979953086841249      -87.2992173694163540      672.7449253446227431
      32.1592869872605576      -88.9066844954961084      670.8723093666695831
      27.6441771045792635      -90.2960946661799966      669.0256647180117398
      23.4570981399188092      -91.5094804645107018      667.2965798882009949
      19.5954252051604740      -92.5805274123276689      665.7424812783325478
      16.0510959323580273      -93.5356685974406048      664.3926063859061060
      12.8122201906414546      -94.3952882372757358      663.2547374158765479
       9.8656997812700009      -95.1732659786568149      662.3101250102627091
       7.1983421883357090      -95.8777222823734263      661.5170950732500614
       4.7941882914325040      -96.5157589171884922      660.8418948153600923
       2.6353520075434944      -97.0939640903586678      660.2595827791467400
       0.7030222357488292      -97.6183989541943333      659.7518014412401044
      -1.0217856482602339      -98.0945898261371099      659.3050156352353497
      -2.5576860327272488      -98.5275331252084499      658.9091652513880035
      -3.9225466621713290      -98.9217135568725325      658.5566630352672064
      -5.1332435232155351      -99.2811330696032144      658.2416666972073926
      -6.2055161716948790      -99.6093471248715048      657.9595612612980631
      -7.1538979719895472      -99.9095049166542424      657.7065977722485286
      -7.9917006950031952     -100.1843907547202974      657.4796452978432626
      -8.7310373091160347     -100.4364645457418135      657.2760231184856821
      -9.3828705118062778     -100.6678999893715343      657.0933884370043643
      -9.9570775959158411     -100.8806196750305304      656.9296617212296496
     -10.4625246829779499     -101.0763266986983524      656.7829770203599082
     -10.9071452689270920     -101.2565327261817316      656.6516485004967763
     -11.2980195024475112     -101.4225826312384839      656.5341472816935493
     -11.6414517359905716     -101.5756759575790795      656.4290846705729336
     -11.9430447272878340     -101.7168855153773990      656.3351992767242109
     -12.2077694868692213     -101.8471734439709451      656.2513464455396388
     -12.4400302153805775     -101.9674050672445418      656.1764890649159270
     -12.6437240940013531     -102.0783608472732453      656.1096892056793877
     -12.8222959139568928     -102.1807467125191238      656.0501003068716273
     -12.9787876818152057     -102.2752030041249327      655.9969597677181810
     -13.1158834349969666     -102.3623122507307528      655.9495818936380829
     -13.2359495611732232     -102.4426059505788231      655.9073511881264267
     -13.3410709468858339     -102.5165705104455185      655.8697160019722787
     -13.4460696558359452     -102.5945458352363602      655.8313999650966934
     -13.5491669226096505     -102.6759545096400075      655.7929358331346066
     -13.6489719527743922     -102.7604648098452742      655.7547259710166827
     -13.7441301143682466     -102.8477390088019803      655.7171685616481227
     -13.8333402408875905     -102.9374351819226945      655.6806525681703306
     -13.9153712923744077     -103.0292089083052787      655.6455526747693057
     -13.9890781643932609     -103.1227148648848981      655.6122242895925183
     -14.0534164455528572     -103.2176083155440267      655.5809987011514295
     -14.1074559375998732     -103.3135465010780081      655.5521784848070865
     -14.1503927677444352     -103.4101899388284664      655.5260332578836824
     -14.1815599404958128     -103.5072036426153659      655.5027958801088062
     -14.2004361956201031     -103.6042582742351499      655.4826591901505708
     -14.2066530596136253     -103.7010312372611196      655.4657733590431690
     -14.1999999999817206     -103.7972077221845666      655.4522439271099756
     -14.1804898126933523     -103.8920276726932315      655.4421867176712340
     -14.1482969312864846     -103.9847464348432169      655.4356708222508132
     -14.1036936997748104     -104.0750952591007774      655.4326619279881925
     -14.0471097041489799     -104.1628279306781337      655.4330793929027550
     -13.9791269215961691     -104.2477212673395286      655.4367980640133737
     -13.9004729362336121     -104.3295754254394581      655.4436507850682574
     -13.8120123001151676     -104.4082140038425024      655.4534315249366045
     -13.7147361420179674     -104.4834839348942808      655.4658990446920370
     -13.6097501493136832     -104.5552551522752083      655.4807810123284071
     -13.4982610697574366     -104.6234200274501802      655.4977784690483986
     -13.3815618999633159     -104.6878925695339717      655.5165705500869535
     -13.2610159453322840     -104.7486073876365111      655.5368193657062648
     -13.1380399519351148     -104.8055184199707810      655.5581749537357155
     -13.0140865240109704     -104.8585974399716463      655.5802802231096393
     -12.8910568734260131     -104.9076662454216802      655.6026965826163178
     -12.7516227053341460     -104.9595386329620084      655.6285792585423451
     -12.5935932906353703     -105.0141897570045444      655.6584239333521964
     -12.4144859056193972     -105.0715625224171248      655.6927892622170475
     -12.2114880069849026     -105.1315610375374945      655.7323036377373455
     -11.9814149622053492     -105.1940427336542569      655.7776725168423582
     -11.7206629625204748     -105.2588089020890294      655.8296863693792602
     -11.4251567699837757     -105.3255933609341071      655.8892293522147838
     -11.0902920016261888     -105.3940489200117128      655.9572888913982069
     -10.7108717442222297     -105.4637312660934469      656.0349664879265674
     -10.2810374375087310     -105.5340798435011607      656.1234902791197783
      -9.7941941820607532     -105.6043952624425231      656.2242302299226822
      -9.2429309467157807     -105.6738127359934083      656.3387173569851711
      -8.6189366036184616     -105.7412710373833420      656.4686691875898532
      -7.9129133503721807     -105.8054764978480478      656.6160248412228384
      -7.1144899434108950     -105.8648616535519551      656.7829948489030585
      -6.2121383320997321     -105.9175383268320445      656.9721332960988320
      -5.1930988296975080     -105.9612452285210651      657.1864433423736500
      -4.0433209768075953     -105.9932906364812482      657.4295319369429080
      -2.7474298427201518     -106.0104913836669169      657.7058359486939025
      -1.2887307617966204     -106.0091103095719944      658.0209502873281053
       0.3507305193361121     -105.9847954923565112      658.3820991424415752
       2.1900305993123292     -105.9325259160012251      658.7988042049153137
       4.2491270733010333     -105.8465695366734565      659.2838181814356631
       6.5484804278574416     -105.7204605676163283      659.8544067622797229
       9.1085011782276926     -105.5470024098859767      660.5340748286688495
      11.9487802056464751     -105.3182996692232507      661.3548385157025677
      15.0871623156033046     -105.0256859995175631      662.3593232193150016
      18.5415827672005058     -104.6558548284003365      663.5794293204257883
      22.3312935591405726     -104.1874514848876601      665.0178985791557125
      26.4743285005452798     -103.5919854237926359      666.6574365964529534
      30.9867470940266614     -102.8320870692452758      668.4536600031141234
      35.8818290496282088     -101.8593548149484320      670.3261067632508912
      41.1685711997736377     -100.6123190857165355      672.1490966099564730
      46.8492555400203585      -99.0157513186299099      673.7441187519732466
      52.9169021181111887      -96.9827847097777180      674.8767833813433299
      59.3507098389784744      -94.4258996409238449      675.2960680657431567
      66.0935807482849782      -91.3050581800210495      675.0343127034027475
      73.0603948669278083      -87.6200940737128064      674.3383721380621409
      80.1546693373635577      -83.3920560959485897      673.5202165790802837
      87.2772514805305377      -78.6584927576828221      672.9240251877304217
      94.3327675340081839      -73.4669027100034668      672.8911304145252643
     101.2370789731100587      -67.8636062303592240      673.6811756891738696
     107.9319193029839710      -61.8695785981779593      675.2197858556003212
     114.3741442911136517      -55.5075484898905671      677.3108719597519212
     120.5271488544328662      -48.8125700778457272      679.7659649443813805
     125.9323805826709730      -42.3666863675871923      682.2105530578392063
     131.0440054602212285      -35.7196581740653372      684.7008689244252082
     135.8440130545075419      -28.9217144472739740      687.1369728507579566
     140.3180888362966527      -22.0284526222630070      689.4392913291035256
     144.4571441474992923      -15.0992178061704863      691.5499535191901259
     148.2622816588630599       -8.1951393134915556      693.4397466497968026
     151.7417251814136421       -1.3764601742287144      695.0999611020432667
     154.9065083968241368        5.2997536393000022      696.5319090652005798
     157.7706497380181645       11.7814133893426138      697.7449535619728067
     160.3510351100275955       18.0229686346957436      698.7545175825765682
     162.6669140618255938       23.9868503113205769      699.5800432977553100
     164.7389312235477803       29.6442712082932545      700.2430137682234772
     166.5881418199375616       34.9751745233864568      700.7653287008818097
     168.2352627050047431       39.9676826233425899      701.1681413982547610
     169.7001452030514486       44.6172272878913034      701.4711001668932795
     171.0014355571267402       48.9255050133913727      701.6919144434895088
     172.1563848567497530       52.8993709627306501      701.8461653503912885
     173.1807713127723218       56.5497546960865094      701.9472892641259705
     174.0889019940117919       59.8906533771266538      702.0066756769255107
     174.8936669937344561       62.9382354054703086      702.0338338300426813
     175.6066251691837010       65.7100698516885302      702.0365945695443770
     176.2381061852948960       68.2244839869326540      702.0213239067368249
     176.7973183314987580       70.5000379761410443      701.9931331797466783
     177.2924586520797163       72.5551110393912921      701.9560769210149829
     177.7308184936840973       74.4075940913854197      701.9133311822181440
     178.1188774919054936       76.0746675340264602      701.8673524501025440
     178.4623815931510649       77.5726495698589389      701.8200277298909668
     178.7664323216617959       78.9168959403986037      701.7727641294738987
     179.0355601854903682       80.1217454259509765      701.7265766577280601
     179.2737841847448692       81.2005012054473241      701.6821739023340569
     179.4846662427079877       82.1654380067941048      701.6400271801746840
     179.6713607492899314       83.0278282682884026      701.6004259945934791
     179.8366594359311250       83.7979818261304672      701.5635222719812418
     179.9830318519250056       84.4852947497308406      701.5293654419840550
     180.1126617392243361       85.0983038836592129      701.4979300780213407
     180.2274796143648814       85.6447444353358094      701.4691375196734953
     180.3291918674361227       86.1316085874045427      701.4428726490986037
     180.4193066824336711       86.5652036313280746      701.4189967840439976
     180.4991570729534374       86.9512085324128350      701.3973574747396924
     180.5699213134409433       87.2947281634557584      701.3777958460933633
     180.6326410300134455       87.6003446999511652      701.3601520056562322
     180.6882371970183954       87.8721658676380599      701.3442689379190824
     180.7375242665998485       88.1138698843074764      701.3299952232478063
     180.7812226392387345       88.3287470514808888      701.3171868522779278
     180.8199696640348009       88.5197380354200192      701.3057083514436272
     180.8543293388504765       88.6894689371244169      701.2954333904176565
     180.8815339729255527       88.8610921297875223      701.2825473269226677
     180.8939423519971967       89.0346294494924706      701.2645669549658578
     180.8910525057766279       89.2079748890995745      701.2415980328416936
     180.8726046590223859       89.3790113089385017      701.2138250107415161
     180.8385748608688459       89.5456409232015744      701.1815048821450773
     180.7891676874052962       89.7058148782065103      701.1449609780856917
     180.7248075258406175       89.8575616627863667      701.1045765764698672
     180.6461281367297715       89.9990140635416651      701.0607882628112293
     180.5539603350080995       90.1284343701838679      701.0140790247924087
     180.4493177427486330       90.2442375444903462      700.9649710951814541
     180.3333806547613563       90.3450120869865998      700.9140185788974122
     180.2074781278123794       90.4295383655120588      700.8617999127870917
     180.0730684588791064       90.4968042068281591      700.8089102128543573
     179.9317182597789895       90.5460175942431391      700.7559535649511417
