     170.7047864338761087       11.4807954631459612      902.0474163769408733
     170.6712969103590183       11.4890922787160417      902.0431752694497618
     170.6354887766353272       11.4898927329617955      902.0387403221975546
     170.5977919655322239       11.4831886587860090      902.0341642405767288
     170.5586600069813130       11.4690653048108047      902.0295014084504146
     170.5185640855410156       11.4477007146200869      902.0248071996222734
     170.4779868279954940       11.4193639881607574      902.0201372660242214
     170.4374158822486720       11.3844124291710997      902.0155468212988126
     170.3973373536298936       11.3432875973711322      902.0110899199921732
     170.3582291609323818       11.2965103012242167      902.0068187372983175
     170.3205543685634211       11.2446745858845496      902.0027828536195784
     170.2847545406895335       11.1884407915057320      901.9990285468310276
     170.2512431465049758       11.1285277794273529      901.9955980930787973
     170.2203990201438728       11.0657044483574580      901.9925290738048034
     170.1925598402766013       11.0007806903473977      901.9898536819936226
     170.1660711661386642       10.9344213481637631      901.9873576521461018
     170.1354275838450008       10.8575778511251784      901.9844628799934299
     170.0999812276021146       10.7685909566074915      901.9811047083360336
     170.0589844766808767       10.6655382231043401      901.9772076650410781
     170.0115750016545064       10.5461922510461381      901.9726835402030929
     169.9567586943815911       10.4079723998804283      901.9674290827800860
     169.8933902183400733       10.2478890522118622      901.9613232288497784
     169.8201508920402603       10.0624794237908528      901.9542237496785901
     169.7355235934018083        9.8477338801625098      901.9459631764727874
     169.6377643464948903        9.5990117466248410      901.9363438176494583
     169.5248702222867792        9.3109457337946928      901.9251316307764910
     169.3945431489313762        8.9773344155767330      901.9120486413720528
     169.2441491794214130        8.5910227901540850      901.8967635103758766
     169.0706726968575140        8.1437719693442308      901.8788797370852990
     168.8706649383755121        7.6261206687081673      901.8579208414183768
     168.6401860726367374        7.0272436564770233      901.8333116983974378
     168.3747398555469488        6.3348159605187195      901.8043550055174364
     168.0691995995828734        5.5348967567672851      901.7702016704170092
     167.7177238186583850        4.6118537865410332      901.7298137553093511
     167.3136594689867422        3.5483581149191643      901.6819185862108270
     166.8494302488413439        2.3254901252507123      901.6249528636838022
     166.3164070517902644        0.9230106480277745      901.5569963060722785
     165.7047575706156124       -0.6801345836949914      901.4756958165447713
     165.0032725188647760       -2.5049946839154003      901.3781837922224440
     164.1991674512118493       -4.5713832238502974      901.2609984703219652
     163.2778624904281628       -6.8961378960957607      901.1200206257973377
     162.2227486238264191       -9.4907776686141840      900.9504498322212385
     161.0149604859711019      -12.3584939454045273      900.7468547354852717
     159.6331944688440956      -15.4904754347439635      900.5033442696276325
     158.0536432356912826      -18.8616595777690925      900.2139184094897928
     156.2501634714678005      -22.4259486217282742      899.8730678322490348
     154.1948396395117697      -26.1110380255899379      899.4766914710784249
     151.8592740475722564      -29.8135819424313020      899.0233828089722010
     149.2171082947539844      -33.3959084890688160      898.5160718282356811
     146.2482070978628883      -36.6865532369205667      897.9638230983969152
     142.9434151021135904      -39.4888551042715505      897.3830804932349565
     139.3027350348671121      -41.6028400897143342      896.7968099013064602
     135.3112215045196081      -42.8537968069274271      896.2313178130079905
     130.8907085395501042      -43.0872095474392154      895.7116234244945190
     125.9099008702562372      -42.1168514725748437      895.2707269131605017
     120.2805505629365967      -39.7304020621859237      894.9674053506815881
     114.0098425499611494      -35.7819711953278130      894.8877849312693797
     107.1766388404964232      -30.2658776238727079      895.1349970646509746
      99.9023857412453822      -23.3432986288991593      895.8200310414393925
      92.3381187236303731      -15.3483516861015339      897.0501791661496327
      84.6358715856774069       -6.7809347447204438      898.7789207961493503
      75.7035452361355397        3.0090390077899034      901.0551026826175303
      66.9446987722811286       11.5297076406065102      903.2085077960111903
      58.4603315964188255       17.6958171119938932      904.9043332769235803
      50.2205758213967641       20.6560749829518429      905.9416882118948706
      42.4730182843204673       19.8382109293850633      906.3613748592756565
      35.9517957381250497       15.7484075528642364      906.3973219456771631
      30.6548935490268519        9.8208525972368790      906.2411007099667586
      26.1888776219266042        3.4063729758674697      905.9729933258325900
      22.2889487111257445       -2.3927425544538097      905.6346872922192688
      18.8214209384696112       -6.9201531429171990      905.2675086518268017
      15.7322141114364182      -10.0485009676182742      904.9082232476487206
      12.9827025394550244      -12.0203054593130449      904.5776798044015550
      10.5178947900046751      -13.1800547824496626      904.2802495630699013
       8.2870309418699826      -13.8095342025392362      904.0128606359098740
       6.2670732714607915      -14.1039149760120441      903.7732339281911891
       4.4534104558414169      -14.1963070831300477      903.5604937916939434
       2.8432637265267569      -14.1768823849344834      903.3737397794800472
       1.4287069525449443      -14.1040691339602375      903.2114348513784989
       0.1966191203766934      -14.0132626993458320      903.0714919874571933
      -0.8693120880854827      -13.9241548310413101      902.9515454357441513
      -1.7866663522170607      -13.8464152140608299      902.8491837128378847
      -2.5729402925151970      -13.7837188206943839      902.7621008115406767
      -3.2447266765242655      -13.7364064908710137      902.6881786455207930
      -3.8172752500850682      -13.7031442020201233      902.6255225884049196
      -4.3043038706304291      -13.6819032290873377      902.5724680922480729
      -4.7179651184090661      -13.6705046644550201      902.5275708740588243
      -5.0689046117937906      -13.6668971940064630      902.4895887162529107
      -5.3663694769397088      -13.6692788528988185      902.4574598167951081
      -5.6183404707279720      -13.6761322578247384      902.4302805776665082
      -5.8316712516267302      -13.6862152781590716      902.4072844209023287
      -6.0122248775091602      -13.6985314922705896      902.3878224204058824
      -6.1650019123721869      -13.7122938993790342      902.3713460591468447
      -6.2942573004081943      -13.7268888644390969      902.3573921467539094
      -6.4036049208821169      -13.7418435337290372      902.3455697844262886
      -6.4961098111072246      -13.7567978962794832      902.3355491926895411
      -6.5743686684262981      -13.7714815952610934      902.3270521912342019
      -6.6405795724256036      -13.7856950894194732      902.3198441193097779
      -6.6966020119067107      -13.7992945717223243      902.3137269978408312
      -6.7440083287856627      -13.8121800204950578      902.3085337534396331
      -6.7841276504513175      -13.8242858021557335      902.3041233455909378
      -6.8180833041418403      -13.8355733176639184      902.3003766592125885
      -6.8468246114100486      -13.8460252631120628      902.2971930442827215
      -6.8711538601008080      -13.8556411476411583      902.2944874017831580
      -6.8917491528901866      -13.8644337753873170      902.2921877306065426
      -6.9091837395429305      -13.8724264525540839      902.2902330633785368
      -6.9239423567697909      -13.8796507277042895      902.2885717304599211
      -6.9392632688158438      -13.8876680870939317      902.2868394837521464
      -6.9544582481264303      -13.8962324746770012      902.2851123821160400
      -6.9693472953581193      -13.9053354438966359      902.2834094201286916
      -6.9837549449352725      -13.9149661424091953      902.2817491341789946
      -6.9975124453418349      -13.9251111407749413      902.2801493783983915
      -7.0104598483573488      -13.9357542884878516      902.2786271105461537
      -7.0224479807451692      -13.9468765988693733      902.2771981904681979
      -7.0333402735692294      -13.9584561636548870      902.2758771935424420
      -7.0430144263110730      -13.9704680974782391      902.2746772413026974
      -7.0513638852494154      -13.9828845119345129      902.2736098511877572
      -7.0582991181076711      -13.9956745184936775      902.2726848071017685
      -7.0637486697321918      -14.0088042592584667      902.2719100521865130
      -7.0676599864881418      -14.0222369644112987      902.2712916049340492
      -7.0700000001072816      -14.0359330351692879      902.2708334994608776
      -7.0707512115064297      -14.0498122093253137      902.2705387868858224
      -7.0699160764116140      -14.0637921120506775      902.2704084790921115
      -7.0675211413607695      -14.0778268232673796      902.2704405140149220
      -7.0636123817021996      -14.0918690935836217      902.2706308304988170
      -7.0582545525987426      -14.1058705123566863      902.2709734320814050
      -7.0515303087284469      -14.1197816863554806      902.2714604741122457
      -7.0435391044129396      -14.1335524296254498      902.2720823731066275
      -7.0343958884465785      -14.1471319653164418      902.2728279369880511
      -7.0242296102585433      -14.1604691402696083      902.2736845146498581
      -7.0131815561987585      -14.1735126530619375      902.2746381630491896
      -7.0014035366786951      -14.1862112959766726      902.2756738298503478
      -6.9890559466059932      -14.1985142110114975      902.2767755494419362
      -6.9763057230109773      -14.2103711595714106      902.2779266500033373
      -6.9633242249608767      -14.2217328049414409      902.2791099691322643
      -6.9507187547572418      -14.2321996822253976      902.2802680885775999
      -6.9357198108822660      -14.2440473423302816      902.2816558987167355
      -6.9178737868982072      -14.2574253393499006      902.2833188210377102
      -6.8966422389517579      -14.2724986266209601      902.2853110287160234
      -6.8713863390288408      -14.2894503625659191      902.2876970759286905
      -6.8413485131626137      -14.3084853776683634      902.2905538300504986
      -6.8056307554821345      -14.3298344214483304      902.2939727655204933
      -6.7631690194127989      -14.3537593458835637      902.2980626898129231
      -6.7127029825350810      -14.3805594324824071      902.3029529860059483
      -6.6527403587298020      -14.4105791343039353      902.3087974736140495
      -6.5815147870258599      -14.4442175805288624      902.3157790104257856
      -6.4969361573302118      -14.4819402760400155      902.3241149841101105
      -6.3965320350064525      -14.5242935129520507      902.3340638745918341
      -6.2773786151510542      -14.5719220760354169      902.3459331081686514
      -6.1360193702336820      -14.6255908316248409      902.3600884738746117
      -5.9683692505511656      -14.6862106686018059      902.3769654336858821
      -5.7696019595179600      -14.7548688813239401      902.3970827328212181
      -5.5340174682428058      -14.8328632209839384      902.4210588062094303
      -5.2548865852731383      -14.9217371041105800      902.4496315825230113
      -4.9242691126352174      -15.0233101993394218      902.4836824059527771
      -4.5328019895419915      -15.1396927353314261      902.5242649217444750
      -4.0694539848085789      -15.2732616373099042      902.5726398919174471
      -3.5212441164669119      -15.4265592478467148      902.6303170023719531
      -2.8729222099860263      -15.6020466720209487      902.6991047646390598
      -2.1066119126965597      -15.8015973682277817      902.7811695718736473
      -1.2014189805631039      -16.0255433571686794      902.8791047845763842
      -0.1330110972891085      -16.2709737621314297      902.9960101980047966
       1.1268158698060082      -16.5288170748293730      903.1355804614464660
       2.6105339880199412      -16.7789973756093644      903.3021941283084288
       4.3550377848523478      -16.9826434571127223      903.5009689182323882
       6.4008035662280385      -17.0700882380487258      903.7376598712910436
       8.7877613761914635      -16.9240075960467031      904.0180292038248808
      11.5431937526951920      -16.3612284128633156      904.3458870884854832
      14.6600630087899617      -15.1280937749835545      904.7191745292594760
      18.0842021758179214      -12.9320583615480196      905.1245715573408006
      21.7441601510943912       -9.5147629081720240      905.5360617918204298
      25.6096219553513791       -4.7780762824087581      905.9196066645666860
      29.7194742484319328        1.0273814331637878      906.2354799366868292
      34.1563310122973647        7.1400483711223277      906.4429990975855844
      38.9654933575609519       12.3481045558859606      906.5086370169651673
      44.0518184447410022       15.4515647043507656      906.4085389158456110
      49.5645965409964688       15.9414000575034080      906.0929133891569336
      56.1692432881307582       13.4664991055443508      905.3574360463761650
      63.8690149930932520        7.8096733315121512      903.9581475897030032
      72.2893710463460337       -0.4166618013397156      901.9467939653885651
      81.1045164640755587      -10.1000254249341808      899.6121014943707905
      88.8182799419981279      -18.6881967833919020      897.6734200068984819
      96.4921591589985326      -26.7831437644108270      896.1249450456278964
     104.0088121788772781      -33.8743508068153432      895.1543645968313285
     111.2546095806571316      -39.6153360908314411      894.7012584254287049
     118.1510760497196770      -43.8121948778487180      894.6657932108489604
     124.6484178221076888      -46.3927175045863933      894.9530556433854827
     130.6896119892904267      -47.3741599795408490      895.4735461222439881
     136.1754846143707027      -46.8691862137265858      896.1366447237410284
     141.0048401842315684      -45.1139528829053802      896.8536990861520053
     145.1596137918967884      -42.4222802956157352      897.5575786657667550
     148.7074601282956223      -39.0921253052582216      898.2130502267434622
     151.7405386802550993      -35.3670367419781684      898.8048573117628166
     154.3412616979091752      -31.4417488158034715      899.3273292739706903
     156.5769517846051428      -27.4715845027218677      899.7802535434105948
     158.5024887732748766      -23.5772793221095220      900.1669325980578833
     160.1633422125924540      -19.8482215393340873      900.4929167404977761
     161.5976902365682690      -16.3460661594223815      900.7649879121827325
     162.8378345738795190      -13.1089897682067580      900.9903529898563193
     163.9112096090742909      -10.1561632391078671      901.1760595790906336
     164.8411429986384746       -7.4919686759505026      901.3286191315593214
     165.6474755247125756       -5.1098726795731251      901.4538019565246714
     166.3471016497072128       -2.9958230201640834      901.5565643950764070
     166.9544374473286723       -1.1310493495358480      901.6410650045418151
     167.4818189250152614        0.5057474655997081      901.7107329037321506
     167.9398361496048153        1.9367678489730129      901.7683608006773284
     168.3376104090079650        3.1839662010988516      901.8162042622059289
     168.6830224836602383        4.2682920603671430      901.8560761661229890
     168.9829000805838461        5.2092312638958909      901.8894306610160356
     169.2431718740682811        6.0245688457391555      901.9174345295961075
     169.4689946640161793        6.7303084936673514      901.9410259972129325
     169.6648591072938643        7.3406968482910075      901.9609621591581572
     169.8346784361410187        7.8683133585502540      901.9778566703923843
     169.9818636355435331        8.3241970901299105      901.9922094165309545
     170.1093877524491234        8.7179905573999275      902.0044297511944933
     170.2198413669925969        9.0580873527847565      902.0148546614225324
     170.3154807611815329        9.3517752991002183      902.0237629796650936
     170.3982699529927345        9.6053703558198489      902.0313865342819781
     170.4699174979124336        9.8243388904962554      902.0379189359564407
     170.5319087705310892       10.0134074735885630      902.0435225384521800
     170.5855343043311905       10.1766603104841273      902.0483339863199035
     170.6319146713252337       10.3176249756300447      902.0524686646938335
     170.6720223106876517       10.4393473981303124      902.0560242980066050
     170.7067006669836644       10.5444571626900938      902.0590838665741558
     170.7366809528488432       10.6352242014598559      902.0617179782234416
     170.7625968068194879       10.7136079050615507      902.0639868332876858
     170.7849970988252437       10.7812996019509644      902.0659418490537291
     170.8054832873845044       10.8487686312951048      902.0676574548408553
     170.8223676971078646       10.9165935293192824      902.0689191189046596
     170.8353872842809835       10.9839449434520979      902.0697049012396747
     170.8443348254070600       11.0499979718175751      902.0699998566653903
     170.8490598072348803       11.1139428641808315      902.0697959754832027
     170.8494690393007147       11.1749953188145490      902.0690920903940651
     170.8455268613835756       11.2324063089083417      902.0678937368186325
     170.8372548600397067       11.2854713673652345      902.0662129591211169
     170.8247310385767150       11.3335392583211032      902.0640680589814338
     170.8080884075101835       11.3760199655618557      902.0614832848365268
     170.7875129802717140       11.4123919311646134      902.0584884632646663
     170.7632411733333697       11.4422084814472562      902.0551185745962357
     170.7355566220331582       11.4651033814012937      902.0514132761092014
     170.7047864338761087       11.4807954631459612      902.0474163769408733
