     173.7260147694609600       28.0497990371491603      858.7309881648401415
     173.6780808673805723       28.0608406663880601      858.7223730354369309
     173.6279342038611730       28.0631412111729333      858.7136527937735764
     173.5761744716402291       28.0566696333435281      858.7049307548218167
     173.5234219354038601       28.0415040199454566      858.6963103986410033
     173.4703092452263604       28.0178314531537609      858.6878940280972756
     173.4174729815898672       27.9859465515940897      858.6797814479331237
     173.3655450410427079       27.9462486607340495      858.6720686053571399
     173.3151439482782052       27.8992376942598455      858.6648462191510589
     173.2668661651032380       27.8455086546219910      858.6581984655367705
     173.2212774798222199       27.7857448861328926      858.6522017048073394
     173.1789045369225448       27.7207101452188844      858.6469232553382653
     173.1402265403788761       27.6512396050379934      858.6424202176297058
     173.1056671242702976       27.5782299465308540      858.6387383436585878
     173.0755863257884641       27.5026287260132243      858.6359109359816557
     173.0481552071710780       27.4268434308685549      858.6335423489980485
     173.0166584047232732       27.3396675649982086      858.6308159023866438
     172.9805007596351345       27.2393852076079952      858.6276769155966804
     172.9390022232734623       27.1240212580058824      858.6240621127900567
     172.8913863882340820       26.9913023559600553      858.6198981739960345
     172.8367676361860106       26.8386120748266990      858.6151000017050592
     172.7741367694054588       26.6629396713769182      858.6095686310577548
     172.7023449805406017       26.4608216619157091      858.6031886882788058
     172.6200859960469813       26.2282755281260869      858.5958252695513693
     172.5258761974172899       25.9607249689625164      858.5873200677048089
     172.4180324723579361       25.6529163512584688      858.5774865123748896
     172.2946474630185776       25.2988264336212119      858.5661036048602455
     172.1535617430193952       24.8915621291917297      858.5529080147139211
     171.9923322469176412       24.4232541405252945      858.5375838533332171
     171.8081959681944113       23.8849478749579305      858.5197493429001270
     171.5980275068196192       23.2664972789421256      858.4989393521283318
     171.3582884617678985       22.5564702644794934      858.4745824750956444
     171.0849659188013732       21.7420783668003708      858.4459710002911379
     170.7734963979356451       20.8091482391009635      858.4122217890010234
     170.4186706590263896       19.7421585240953377      858.3722258212837914
     170.0145138376378213       18.5243723478902176      858.3245840827648863
     169.5541346975725219       17.1381027146321934      858.2675277203334190
     169.0295376567975723       15.5651546095627609      858.1988212212488634
     168.4313921519959081       13.7874922187884668      858.1156490753223807
     167.7487565652421324       11.7881800507384948      858.0144893391473033
     166.9687593332492099        9.5526394219135558      857.8909821390989237
     166.0762492361538989        7.0702418309435977      857.7398077619376409
     165.0534415139719897        4.3362217325295163      857.5545976729652011
     163.8796077949284609        1.3538348192315723      857.3279122123763045
     162.5308714652249193       -1.8632577860534447      857.0513272653478225
     160.9801379366933531       -5.2883971502832967      856.7156733883102788
     159.1972583725288075       -8.8794626125890197      856.3114896719066564
     157.1495625396987634      -12.5769659431674654      855.8297580934369080
     154.8028454289842841      -16.3032667776684193      855.2629594427509119
     152.1227553606773313      -19.9636182726126812      854.6064326657289030
     149.0761968334117569      -23.4497692468094634      853.8599017250663792
     145.6317823434089291      -26.6464427511084381      853.0288741749678820
     141.7578727229224853      -29.4396870314916299      852.1255737299583188
     137.4191534217562776      -31.7238402145990506      851.1702232788730953
     132.5759929246091531      -33.4035662878177106      850.1947717627682550
     127.1828533202095741      -34.3932461191309358      849.2467970618886284
     121.2023684543061677      -34.6205047355331814      848.3978738304858780
     114.6295201233487262      -34.0422381079162264      847.7519888676908977
     107.5100608842297589      -32.6715414960423942      847.4468323836510990
      99.9450147203487091      -30.6028880614634673      847.6442260383470284
      92.0831899623117778      -28.0252655554675272      848.5052385932528978
      82.8513633153054485      -24.7820414809745344      850.2560894696068772
      73.6929018445502351      -21.7723111610774289      852.3386389298810855
      64.8368596793074943      -19.5646195211336682      854.2206882191925388
      56.4725297248017810      -18.6325568498507756      855.4835792671212857
      48.7799198493882429      -19.2427605557456438      855.9220866841707220
      41.9732151509930773      -21.3234452682395315      855.7359247452266118
      36.1703218459043399      -24.3851037404854694      855.2283654964151083
      31.2597631546377777      -27.7052235994907221      854.5980730977852318
      27.0165579098132298      -30.6496978770342920      853.9484738344549442
      23.2461176415675865      -32.8596583097796398      853.3288583344561857
      19.7979253041230159      -34.2835074559239601      852.7564844137582440
      16.5595260529521795      -35.0540673472450379      852.2313184211955104
      13.4929427579235828      -35.3461804893918767      851.7543584342904524
      10.6229800850343601      -35.3209865614087875      851.3299641791700196
       7.9860404307265220      -35.1121314080182572      850.9561656666322733
       5.6049798874139860      -34.8190225198160164      850.6289304158605091
       3.4852161553841352      -34.5075069315545306      850.3437397545369549
       1.6186799577304123      -34.2161900998093529      850.0959872453704520
      -0.0111451692168407      -33.9642688117665941      849.8812823273724462
      -1.4251884213703667      -33.7584214428712599      849.6955896792184149
      -2.6460128692613063      -33.5979858469264911      849.5352688045563809
      -3.6960555519275466      -33.4784909661318721      849.3970675878401835
      -4.5965936269065208      -33.3938897707629465      849.2780982159399628
      -5.3671967626363672      -33.3378684801241505      849.1758078657351234
      -6.0254921294393382      -33.3045435413229569      849.0879488451695352
      -6.5871229658473949      -33.2887764051620465      849.0125496983081348
      -7.0658215517595027      -33.2862641735070994      848.9478876776631751
      -7.4735449892192936      -33.2935089598228089      848.8924626975167484
      -7.8206407827712496      -33.3077296130930307      848.8449728534558290
      -8.1160215925419905      -33.3267531229421650      848.8042916094962038
      -8.3673367167720283      -33.3489061134372449      848.7694467495950903
      -8.5811332262850755      -33.3729164375058147      848.7396011588612055
      -8.7630031477897159      -33.3978287963922256      848.7140354530340574
      -8.9177152972818714      -33.4229349593182974      848.6921324256144317
      -9.0493317188927573      -33.4477174820376320      848.6733632390901221
      -9.1613094740015661      -33.4718051236538798      848.6572752541809450
      -9.2565889454536823      -33.4949380007901922      848.6434813698041353
      -9.3376700052671584      -33.5169406309269604      848.6316507354330270
      -9.4066774311750443      -33.5377012475094460      848.6215006947396660
      -9.4654169077250412      -33.5571560326389147      848.6127898227123296
      -9.5154228507763818      -33.5752771650410580      848.6053119258863262
      -9.5579991752842748      -33.5920638021594016      848.5988908852913255
      -9.5942540008977240      -33.6075352998199364      848.5933762329592582
      -9.6251291674212851      -33.6217261222316921      848.5886393644584587
      -9.6514253177783296      -33.6346820137465272      848.5845703012532795
      -9.6738232023018984      -33.6464570976277528      848.5810749273580313
      -9.6962462324740315      -33.6590453225268220      848.5775437013085138
      -9.7184195974005050      -33.6724258817745010      848.5740145714496521
      -9.7400724216271879      -33.6865743744501742      848.5705250974356204
      -9.7609413847144637      -33.7014627990822575      848.5671119615301450
      -9.7807740223616300      -33.7170594966593313      848.5638105249329328
      -9.7993318696484426      -33.7333291451991570      848.5606544033613545
      -9.8163934069931997      -33.7502328029205074      848.5576750673307060
      -9.8317567726602917      -33.7677279954275775      848.5549014722082575
      -9.8452422093200145      -33.7857688410200794      848.5523597226734864
      -9.8566942161889095      -33.8043062073533278      848.5500727757155346
      -9.8659833825776584      -33.8232878922276115      848.5480601857324245
      -9.8730078831601045      -33.8426588213039210      848.5463378946974444
      -9.8776946198750064      -33.8623612560082350      848.5449180697094107
      -9.8799999999998604      -33.8823350057596357      848.5438089895875464
      -9.8799069785837030      -33.9024566376630361      848.5430178739551366
      -9.8774284749950940      -33.9226014555676230      848.5425479510604418
      -9.8726104227628433      -33.9427054639113521      848.5423955669730276
      -9.8655277159662340      -33.9627045348508432      848.5425531614862393
      -9.8562831741441865      -33.9825345557205978      848.5430094023283800
      -9.8450061741903987      -34.0021315582583199      848.5437493651385239
      -9.8318509670090837      -34.0214318348170650      848.5447547565787545
      -9.8169946998570659      -34.0403720478452740      848.5460041774854290
      -9.8006351682456287      -34.0588893395641961      848.5474734225331304
      -9.7829883240226039      -34.0769214489749004      848.5491358125029819
      -9.7642855687895711      -34.0944068430755038      848.5509625549190105
      -9.7447708641327644      -34.1112848684807943      848.5529231285320293
      -9.7246976922306132      -34.1274959285528539      848.5549856868918823
      -9.7043259022277333      -34.1429816897345830      848.5571174760689246
      -9.6839182943911855      -34.1576854490727868      848.5592852812213778
      -9.6598982348166214      -34.1741226577531876      848.5618714752087044
      -9.6316283184742773      -34.1924590377832658      848.5649554546863556
      -9.5983595974725588      -34.2128769843689540      848.5686309943250762
      -9.5592122300778293      -34.2355790763397678      848.5730087136701059
      -9.5131527681164521      -34.2607925091500292      848.5782189591800488
      -9.4589674888831450      -34.2887746891069938      848.5844151715762109
      -9.3952310694363579      -34.3198203122700676      848.5917778197664347
      -9.3202697719297660      -34.3542703622234029      848.6005189955876631
      -9.2321181542769857      -34.3925236019579259      848.6108877788624341
      -9.1284681364798690      -34.4350513105339431      848.6231765003676628
      -9.0066090349918966      -34.4824162275659845      848.6377280519450323
      -8.8633569222970152      -34.5352969160499796      848.6549444190545728
      -8.6949713763678886      -34.5945190254018371      848.6752966426894318
      -8.4970573615475313      -34.6610952023967585      848.6993364561875524
      -8.2644496486187577      -34.7362755956495874      848.7277098898772465
      -7.9910768811595663      -34.8216109097176911      848.7611731950717058
      -7.6698022120595120      -34.9190295716031898      848.8006115119214883
      -7.2922375180713406      -35.0309294008253715      848.8470607981203102
      -6.8485288007953828      -35.1602815975834488      848.9017336565502774
      -6.3271118896986813      -35.3107398664641607      848.9660498676594216
      -5.7144405468269168      -35.4867384862912374      849.0416726841895070
      -4.9946942976309092      -35.6935477312786489      849.1305523587486732
      -4.1494816771656549      -35.9372298378596895      849.2349791004464805
      -3.1575669122390906      -36.2243991811772688      849.3576489771480738
      -1.9946646403495301      -36.5616311433406764      849.5017486778594957
      -0.6333669843335266      -36.9542802723848141      849.6710692674828351
       0.9567135278832850      -37.4043575158644046      849.8701660471608648
       2.8084899049942171      -37.9069839086404983      850.1045920329926275
       4.9565408298136138      -38.4448051980508652      850.3812448031316080
       7.4357372984910075      -38.9796728068287806      850.7088696968257864
      10.2790496975075527      -39.4410261512326272      851.0987117611649637
      13.5132216634363633      -39.7113519785523010      851.5650488823007436
      17.1474471967898587      -39.6132401198309054      852.1213499572553474
      21.1466816965910276      -38.9175801755785713      852.7614774612983410
      25.4080574319774044      -37.4222304490301667      853.4537339166759011
      29.8140549587678727      -35.1031696410554659      854.1471768459457508
      34.3412230771712927      -32.2045185989199609      854.7881189807770852
      39.0774754128176554      -29.2047525474165361      855.3214823671912654
      44.1692902123585185      -26.6739541603689219      855.6775790408628382
      49.8250046011902086      -25.0676262016678386      855.7509662382633451
      56.2921929921224091      -24.6557524844202831      855.3500939834984820
      63.6963647283478736      -25.5569819398388063      854.2678534676737172
      71.9576325986014069      -27.6621709184477922      852.5483227009850680
      80.8509673442479766      -30.5998648404282747      850.4892721663143220
      90.0976324740162227      -33.8347559112004177      848.5932256120753436
      98.1764614322238316      -36.4474535238991777      847.5259029546622287
     106.1439302030426575      -38.5640814013272930      847.1799316331749878
     113.8398887378933182      -39.9551561514242479      847.4339924590645978
     121.1332891702816141      -40.4755602500084066      848.1301936791568323
     127.9179868867895493      -40.0631057635005661      849.1144104121399323
     134.1096531036146757      -38.7347876617660489      850.2485956797065683
     139.6516159002969459      -36.5779051104757187      851.4193100095873206
     144.5249167781208541      -33.7296678243247570      852.5439108803021782
     148.7532993947050102      -30.3489819843290007      853.5729912265923076
     152.3890602518098945      -26.5941181780913283      854.4834011726829885
     155.4962593980640122      -22.6104628188818211      855.2687961924597175
     158.1417800058165710      -18.5251317118520973      855.9332821450889242
     160.3896647598486709      -14.4453898763736976      856.4867116607101707
     162.2983497194815641      -10.4585879146801997      856.9416366371377762
     163.9196585229657330       -6.6327803030419776      857.3114482001301440
     165.2986846800966418       -3.0179249893024456      857.6092595979193902
     166.4741043784723047        0.3523512050033511      857.8472501547976208
     167.4787058308986332        3.4585467771670002      858.0363099604305717
     168.3400262938411629        6.2928481289932217      858.1858897284555496
     169.0810203008367978        8.8567382612726213      858.3039888414128882
     169.7206874446652023       11.1588111132980821      858.3972276708675508
     170.2746738847529286       13.2127476336020884      858.4709776002403032
     170.7558441236604949       15.0355380190662480      858.5295246971409142
     171.1747931537897216       16.6460132073844456      858.5762425387168832
     171.5402850922811240       18.0636954058886552      858.6137577876409068
     171.8596166240999423       19.3079449741455562      858.6440990423706126
     172.1389106345349660       20.3973638561019612      858.6688246121047996
     172.3833489164880177       21.3494093881832043      858.6891283655539837
     172.5973540217684103       22.1801727584999853      858.7059249615756471
     172.7847301037782017       22.9042806970402424      858.7199169169248307
     172.9487716090069966       23.5348851057463513      858.7316464086920860
     173.0923473385969942       24.0837119909130806      858.7415347008495701
     173.2179659863503218       24.5611474516113582      858.7499118195352139
     173.3278279270377880       24.9763441631261145      858.7570387178856208
     173.4238668664541194       25.3373365626416174      858.7631237589464490
     173.5077840085618845       25.6511567464679082      858.7683349580815957
     173.5810766354003647       25.9239459846406817      858.7728091314054382
     173.6450624583214335       26.1610588672732263      858.7766587310271689
     173.7009007220044055       26.3671585689622319      858.7799768242625760
     173.7496106266662821       26.5463027185574951      858.7828409916841110
     173.7920875667968517       26.7020199744705913      858.7853163299690777
     173.8291175240796065       26.8373777816797343      858.7874577708333845
     173.8613898591369775       26.9550419871723150      858.7893118926283478
     173.8895086922524058       27.0573290766986752      858.7909183521369414
     173.9140030277081905       27.1462518104383079      858.7923110290746536
     173.9353357527342041       27.2235590073982614      858.7935189507820724
     173.9544823511486697       27.3022506818340958      858.7942998641717622
     173.9685699595360688       27.3814683724805406      858.7941895104270316
     173.9773451237620634       27.4602509924281861      858.7931759120826882
     173.9806315803228927       27.5376411328669306      858.7912602533892823
     173.9783299107392907       27.6126972926275336      858.7884563686333195
     173.9704168989737809       27.6845056250848884      858.7847902011858423
     173.9569444235959566       27.7521911506601668      858.7802992084104972
     173.9380377744572286       27.8149283768213067      858.7750316974301086
     173.9138933246509282       27.8719512648319565      858.7690460834787700
     173.8847755184617085       27.9225624813104432      858.7624100671871474
     173.8510131587331102       27.9661418716157826      858.7551997304753968
     173.8129949951159574       28.0021540906452699      858.7474985531815719
     173.7711646296790491       28.0301553248109983      858.7393963544894859
     173.7260147694609600       28.0497990371491603      858.7309881648401415
