     178.9121720022153568       89.9529649377598872      745.8382485083188840
     178.7926963155489375       89.9772373711278419      745.8004651826572626
     178.6704190437655484       89.9861694655823641      745.7636456538194807
     178.5467812747365315       89.9796790391811783      745.7282174328043993
     178.4232376779556546       89.9578786755533031      745.6945908155545339
     178.3012369246337698       89.9210744831481747      745.6631534750478068
     178.1822021096849085       89.8697624547323244      745.6342652330163219
     178.0675113608051561       89.8046224971805884      745.6082530474368468
     177.9584787984151433       89.7265102353347146      745.5854062481580513
     177.8563359796486907       89.6364467277436319      745.5659720472232266
     177.7622139176846758       89.5356062667157317      745.5501513415053978
     177.6771257111710156       89.4253024709895783      745.5380948114925559
     177.6019497290515403       89.3069729210727132      745.5298993277372119
     177.5374131997108975       89.1821626280458020      745.5256046283514024
     177.4840760497089320       89.0525066404637045      745.5251898784223386
     177.4363899645958327       88.9207259201201481      745.5266797837052763
     177.3824499389606899       88.7716221614279419      745.5283278926002595
     177.3214454735436334       88.6029393187224059      745.5301442334426838
     177.2524637221632133       88.4121334962828200      745.5321371409006588
     177.1744773115273119       88.1963379113394410      745.5343122075353222
     177.0863309164870998       87.9523240774324364      745.5366708767778618
     176.9867265207622040       87.6764589447878251      745.5392085734097236
     176.8742073064774729       87.3646577639575241      745.5419122402820449
     176.7471401354277418       87.0123324896661785      745.5447571161548694
     176.6036966120310865       86.6143356208924047      745.5477025478126052
     176.4418327536337188       86.1648994900353955      745.5506865785212085
     176.2592673389974607       85.6575711805290041      745.5536189927054238
     176.0534590606329743       85.0851434835662701      745.5563724215994625
     175.8215826701487856       84.4395826196031862      745.5587710246459210
     175.5605043751916696       83.7119538723392793      745.5605761547697057
     175.2667568163938654       82.8923468401878267      745.5614682909543944
     174.9365140139269670       81.9698027362836825      745.5610243782734869
     174.5655667119078203       80.9322471012524431      745.5586895548281063
     174.1492985451199047       79.7664324755703831      745.5537420708482159
     173.6826633793113217       78.4578970540467679      745.5452500257905513
     173.1601639987939620       76.9909471540097314      745.5320183795230378
     172.5758319907510270       75.3486734997267718      745.5125245582127036
     171.9232081568833905       73.5130138622198359      745.4848409127987452
     171.1953220228900534       71.4648774551695851      745.4465423559059900
     170.3846679797820798       69.1843495608789567      745.3945977859800678
     169.4831742725443178       66.6509979195772218      745.3252445240559609
     168.4821593323050593       63.8443029384097400      745.2338462258398977
     167.3722709139617564       60.7442223798879866      745.1147384294765743
     166.1434109638186385       57.3319079765032953      744.9610707423466920
     164.7846446981685347       53.5905873567595421      744.7646573764320692
     163.2840951319325313       49.5066034668362960      744.5158546463147786
     161.6288324540445558       45.0705845792547848      744.2034925648899844
     159.8047767408410209       40.2786892512302259      743.8148967061365511
     157.7966437231283692       35.1338343250439209      743.3360451416325532
     155.5879754195643443       29.6467731340951310      742.7519113107438216
     153.1613081109889833       23.8368514699145742      742.0470439924529273
     150.4985364200749132       17.7322404780239218      741.2064262589055943
     147.5815324142440090       11.3694444362447875      740.2166328918848421
     144.3930985155583073        4.7921655263446379      739.0672765342452522
     140.9181094754310664       -1.9496841194477075      737.7526708807478144
     137.1464049288773595       -8.8010554186654613      736.2779758708386453
     133.0759540605219513      -15.7032244098378513      734.6663859098612193
     128.7114274124391784      -22.5952411112073435      732.9565883050781849
     124.0640654938676732      -29.4152319345314304      731.2032769911731975
     119.1512381920514088      -36.1016538830940661      729.4770892890551295
     113.9954955571505195      -42.5945714202238079      727.8633548139166578
     107.9734377946329857      -49.5579776276328161      726.3122536870220074
     101.7206743187856262      -56.1380418615684462      725.1741942757881816
      95.2810024068644736      -62.2824170993389785      724.6065246490804839
      88.7040985194385456      -67.9569657542676993      724.7046695964007768
      82.0449190966089077      -73.1239541640826474      725.3098344992339435
      75.3615369581295624      -77.7514906221614268      726.1756651045317312
      68.7141071317188192      -81.8190722056793476      727.0401505615664064
      62.1640190680775078      -85.3187658417727448      727.6455332316845670
      55.7725956822205404      -88.2564724801645042      727.7589008681507039
      49.5986032225106044      -90.6566272961658512      727.2218362241576415
      43.6906095675732757      -92.5852343004321199      726.1456806872995458
      38.0903250424515534      -94.1263524853291500      724.7382945158462917
      32.8332898485769391      -95.3608628541028622      723.1777852064499257
      27.9455835672600905      -96.3605077385782067      721.6047034300611358
      23.4418561817548756      -97.1846407386922237      720.1196249840736527
      19.3252883087241898      -97.8795785311321254      718.7856702202337829
      15.5891538860881251      -98.4797746642450136      717.6346343735684741
      12.2190935353635730      -99.0097875068161528      716.6742153911641253
       9.1962831308491921      -99.4846116206339275      715.8819954604081204
       6.4988835827372320      -99.9127360514093539      715.2195990491874227
       4.1022740951387959     -100.3006499148160628      714.6578640433419878
       1.9806023856506816     -100.6535235001349662      714.1756201969876656
       0.1079900190921612     -100.9755453518619817      713.7574733267473448
      -1.5406360757541226     -101.2701645858706740      713.3921207392766064
      -2.9890062729895996     -101.5402656777511226      713.0711188594168561
      -4.2591928313995799     -101.7882953502761580      712.7880086187116149
      -5.3714558301995785     -102.0163554817200122      712.5377096800566505
      -6.3442022741030391     -102.2262718421323058      712.3161089335453653
      -7.1940214493027064     -102.4196455533831198      712.1197850448146482
      -7.9357690811379502     -102.5978921267904695      711.9458258098428587
      -8.5826804121064910     -102.7622715042101902      711.7917073865720567
      -9.1464981580392077     -102.9139115299697096      711.6552139531270313
      -9.6376056874810292     -103.0538265816986296      711.5343833058342398
     -10.0651589954669092     -103.1829325971059461      711.4274688462604672
     -10.4372133710651500     -103.3020593879503508      711.3329118044747474
     -10.7608423084691847     -103.4119608879991716      711.2493198256945561
     -11.0422473597828592     -103.5133238081777876      711.1754495411248627
     -11.2868584098046263     -103.6067750480975889      711.1101916992656697
     -11.4994243717367048     -103.6928881238658278      711.0525580299292869
     -11.6840946340936380     -103.7721888070984591      711.0016693744630629
     -11.8444917891067991     -103.8451601220700979      710.9567448272134698
     -11.9837762821739719     -103.9122468118223566      710.9170917517498083
     -12.1047036695385195     -103.9738593562333051      710.8820965976748312
     -12.2096751781452735     -104.0303776030911109      710.8512164735336682
     -12.3007822421436011     -104.0821540555163551      710.8239714430319509
     -12.3798456549926161     -104.1295168446776955      710.7999375142851477
     -12.4599978836401171     -104.1802755707853834      710.7751372238492422
     -12.5388656427718566     -104.2334722274525234      710.7502242335432356
     -12.6154156353339850     -104.2889154264597948      710.7254520156810713
     -12.6886420547263121     -104.3464075750717939      710.7010704932998806
     -12.7575793483131967     -104.4057457724499614      710.6773229738548707
     -12.8213144661576877     -104.4667227015960833      710.6544431224251639
     -12.8789984418060826     -104.5291275120454912      710.6326520201675976
     -12.9298571612133646     -104.5927466890736639      710.6121553555123000
     -12.9732011868923323     -104.6573649056853412      710.5931407961734294
     -13.0084345168795341     -104.7227658541113016      710.5757755892930163
     -13.0350621719338999     -104.7887330539360846      710.5602044347813262
     -13.0526965192909632     -104.8550506343176210      710.5465476731330909
     -13.0610622570832025     -104.9215040880397112      710.5348998237150226
     -13.0599999999978689     -104.9878809953608680      710.5253285028652499
     -13.0494922487078355     -105.0536995031941672      710.5179087571868877
     -13.0296399479377421     -105.1184845980154847      710.5126874549979448
     -13.0006375727591603     -105.1820442848097770      710.5096479416233706
     -12.9627947028965380     -105.2441978312398589      710.5087455750694971
     -12.9165323414895816     -105.3047761114958405      710.5099087075188891
     -12.8623778465613228     -105.3636218322880325      710.5130400513961604
     -12.8009585352567097     -105.4205896427604046      710.5180183994229992
     -12.7329940368527552     -105.4755461310951006      710.5247006617978514
     -12.6592874857831141     -105.5283697116026644      710.5329241787587762
     -12.5807156602966472     -105.5789504071511686      710.5425092634014845
     -12.4982181857185495     -105.6271895328822552      710.5532619277643107
     -12.4127859334129997     -105.6729992882783478      710.5649767447268914
     -12.3254487572779183     -105.7163022657812235      710.5774397991053775
     -12.2372627187502641     -105.7570308852877758      710.5904316831838514
     -12.1507440384980381     -105.7945184868820832      710.6035092791503303
     -12.0515314527948281     -105.8349329798914340      710.6188450674959540
     -11.9377640546502022     -105.8783774719704809      710.6368059907850920
     -11.8073082535017253     -105.9249449956570004      710.6578129152434258
     -11.6577182931552130     -105.9747160781083153      710.6823476037965293
     -11.4861913030417249     -106.0277557344845150      710.7109604522269137
     -11.2895162129178779     -106.0841097522365573      710.7442790516187188
     -11.0640158108657864     -106.1438001136948799      710.7830176521612202
     -10.8054811847046359     -106.2068193789493478      710.8279876282422265
     -10.5090977659472902     -106.2731238182900029      710.8801090928737949
     -10.1693622051735826     -106.3426250413164098      710.9404238974390182
      -9.7799893653423080     -106.4151798156037216      711.0101104066801554
      -9.3338088496198068     -106.4905776981791661      711.0905006994116775
      -8.8226507173704594     -106.5685260135883539      711.1831012745456064
      -8.2372204345208075     -106.6486315971353207      711.2896190325204770
      -7.5669637198111062     -106.7303785730048418      711.4119953908166281
      -6.7999228787178119     -106.8131012436106886      711.5524530763027542
      -5.9225875867104882     -106.8959509137537935      711.7135626949153675
      -4.9197450583092817     -106.9778551401774109      711.8983399918286068
      -3.7743373317873683     -107.0574674541060176      712.1103902851690464
      -2.4673372774546323     -107.1331050077368587      712.3541245101700952
      -0.9776602137947599     -107.2026707796396749      712.6350823646548633
       0.7178649734049325     -107.2635558366717135      712.9604128931747482
       2.6444322703711576     -107.3125155300500069      713.3395818945891733
       4.8290583822350985     -107.3455111437157115      713.7853984014894877
       7.3001887020369116     -107.3575050104155792      714.3154770819131727
      10.0870380495160070     -107.3421918591571824      714.9542745397337740
      13.2185820918132180     -107.2916413381587262      715.7358447108256314
      16.7225086481821208     -107.1949314781935811      716.7015236224076489
      20.6257483167875755     -107.0319882664936415      717.8674052761048188
      24.9523288674486174     -106.7719195059132318      719.2233840797243829
      29.7207083190278887     -106.3710842866980215      720.7315275771707093
      34.9412203467259133     -105.7698903962748034      722.3150688626406009
      40.6131601403627869     -104.8904218610190355      723.8475158505129912
      46.7219646444367598     -103.6364801350652272      725.1445195161289803
      53.2374594229778282     -101.8977267433757703      725.9620140936220878
      60.1125003033426708      -99.5651563599853375      726.0505249175015479
      67.2752567675854891      -96.5841220729243730      725.4814409073724164
      74.6370095846029216      -92.9422666363390846      724.5374649152306574
      82.1014223014118159      -88.6512544831599030      723.5653549541244729
      89.5702911186003519      -83.7421871926469521      722.9371422214829863
      96.9494891657260069      -78.2593541440777472      723.0076850871211036
     104.1558364558154182      -72.2401100379100285      723.9395226800013461
     111.1219596645633771      -65.7051827104170485      725.5578241817091794
     117.7937790810648266      -58.6936010517880646      727.6493534382473172
     124.1259567842769940      -51.2617541461057300      730.0162731262054194
     129.4683257764763198      -44.3187787271424654      732.2231735325316322
     134.4855601827093778      -37.1536390813247692      734.4068638697557390
     139.1581841329068254      -29.8303622073635957      736.4833845380419461
     143.4720463318601844      -22.4178951711563457      738.3900753470726386
     147.4225317718924657      -14.9882239242271016      740.0913194824211132
     151.0150726625606410       -7.6136449813009754      741.5761696700383254
     154.2601966143056416       -0.3638684436153036      742.8445218611483369
     157.1733608326057094        6.6962883442680372      743.9046085203164012
     159.7745813577056140       13.5089882461795803      744.7711304778690646
     162.0875198912274868       20.0252141359109146      745.4632375953088967
     164.1380437721831527       26.2063714985221949      746.0025006035853039
     165.9525192987816240       32.0248081082287470      746.4110787676912651
     167.5565050210275615       37.4633967827089975      746.7103678250497296
     168.9739198919083378       42.5145576193717645      746.9201234022907556
     170.2265921076994175       47.1789490802772633      747.0579700258848561
     171.3340891842612450       51.4640145243546812      747.1392004408862704
     172.3137389471004610       55.3825246617141360      747.1767786047919344
     173.1807672261039102       58.9512121495135943      747.1814743869581434
     173.9484962424444348       62.1895563999523660      747.1620741034175808
     174.6285647293481134       65.1187465259009599      747.1256260468960591
     175.2311450091500262       67.7608282395977000      747.0776929542472544
     175.7651431838205554       70.1380221392530387      747.0225938992892907
     176.2383788406180258       72.2721981664936948      746.9636260296895216
     176.6577401292723835       74.1844951822969989      746.9032593869241055
     177.0293119167754412       75.8950568841097208      746.8433029278346567
     177.3584815493992721       77.4228601017653091      746.7850435620703138
     177.6500268087966106       78.7856156982742277      746.7293609541163733
     177.9081892382278056       79.9997253771509804      746.6768223663013941
     178.1367354994272034       81.0802804944376589      746.6277612318431238
     178.3390143419443064       82.0410902311511165      746.5823307329729914
     178.5180036445374299       82.8947317104854307      746.5405509043696384
     178.6763507850922679       83.6526145003210218      746.5023472721616145
     178.8164084393522728       84.3250537199533881      746.4675805418374921
     178.9402664642789205       84.9213475825080621      746.4360691791786167
     179.0497803773472469       85.4498562756072033      746.4076063862291903
     179.1465968389790646       85.9180799334676806      746.3819726862975585
     179.2321764709599563       86.3327341201444654      746.3589450927120197
     179.3078142905753509       86.6998217592427238      746.3383036392563099
     179.3746580017451606       87.0247008391135921      746.3198358895770070
     179.4337243557568229       87.3121475189764453      746.3033399127112943
     179.4859137718796660       87.5664144810310177      746.2886261069966167
     179.5320233898826814       87.7912845331366185      746.2755181705700807
     179.5727587108436580       87.9901195795036841      746.2638534496595639
     179.6087439687251219       88.1659051538430703      746.2534828426669264
     179.6405313625279518       88.3212907590992700      746.2442703960654171
     179.6686092671312451       88.4586262870192570      746.2360926951236024
     179.6906945746874840       88.5969955420746373      746.2260381052160483
     179.7005763208842666       88.7368667786642931      746.2122637387470832
     179.6978821770973695       88.8765448455116456      746.1948647320691634
     179.6824333447322886       89.0143275744813565      746.1739920866359626
     179.6542394115604679       89.1485293808669752      746.1498482784752468
     179.6134925374726095       89.2775041708118522      746.1226828273258889
     179.5605605660708761       89.3996673907189461      746.0927877276906202
     179.4959788122666566       89.5135170275592600      746.0604926904936747
     179.4204403901615308       89.6176533573107292      746.0261601768022501
     179.3347850319934196       89.7107972377136065      745.9901802280602396
     179.2399864158107334       89.7918067485952349      745.9529651131890660
     179.1371380720234185       89.8596919963433862      745.9149438235471052
     179.0274379804652085       89.9136279173885100      745.8765564535100339
     178.9121720022153568       89.9529649377598872      745.8382485083188840
