     166.7400000000000091       99.0105236123593926      938.3408329141423110
     166.7091837123447249       99.0337163608011650      938.3362093297232605
     166.6760282368859976       99.0534411775099670      938.3317863591921650
     166.6409285866495225       99.0694685461227209      938.3276164076374926
     166.6043037096983426       99.0816158778346079      938.3237485770542889
     166.5665909397952760       99.0897500402558506      938.3202279928035523
     166.5282401840059947       99.0937892914604248      938.3170951775609865
     166.4897079059313967       99.0937046071853445      938.3143854787847431
     166.4514509620892397       99.0895203998969407      938.3121285543347767
     166.4139203453528637       99.0813146406412670      938.3103479190933740
     166.3775548826727686       99.0692184086826160      938.3090605532707968
     166.3427749235668500       99.0534149106072164      938.3082765703214818
     166.3099760396131899       99.0341380309777009      938.3079989388915010
     166.2795227311785311       99.0116705025553756      938.3082232486035537
     166.2517421024521980       98.9863418183708177      938.3089375032409407
     166.2252546653016623       98.9595594119087139      938.3098957532341728
     166.1943411907283519       98.9282988834175825      938.3110137126814152
     166.1582641660631907       98.8918130299117593      938.3123178444579935
     166.1161639379967028       98.8492305372871840      938.3138389399663311
     166.0670387565160127       98.7995355700979587      938.3156128068467297
     166.0097216567022542       98.7415440792394463      938.3176810585952126
     165.9428537131199732       98.6738763269281947      938.3200920184851839
     165.8648531462972642       98.5949250620819839      938.3229017506643004
     165.7738797041710370       98.5028187080336863      938.3261752313159150
     165.6677936857396105       98.3953788497974813      938.3299876720982411
     165.5441089231439946       98.2700712321489505      938.3344260063890943
     165.3999389972695155       98.1239494062251367      938.3395905457285835
     165.2319359382075277       97.9535900967161268      938.3455968087365591
     165.0362206659312676       97.7550193120889617      938.3525775169593999
     164.8083044724038473       97.5236281982010951      938.3606847407377245
     164.5430009528442099       97.2540776572915746      938.3700921622594251
     164.2343279854664502       96.9401908418941503      938.3809974013149713
     163.8753996669257731       96.5748328167401553      938.3936243207530197
     163.4583085736874182       96.1497770011170303      938.4082251921666966
     162.9739993842751744       95.6555585115208515      938.4250825573382144
     162.4121358177056607       95.0813152863755988      938.4445105677650645
     161.7609640780646032       94.4146189741603905      938.4668555252267197
     161.0071776024418000       93.6412991038666007      938.4924952856970322
     160.1357899380724916       92.7452661485824876      938.5218371361702339
     159.1300250490215547       91.7083418656384310      938.5553137244121444
     157.9712372516616483       90.5101088740730120      938.5933766388006916
     156.6388762050197840       89.1277959097320434      938.6364873324096152
     155.1105157293550292       87.5362206112448007      938.6851053055963803
     153.3619683375461307       85.7078179392684802      938.7396738552643001
     151.3675097015514552       83.6127891021493355      938.8006043171653801
     149.1002380361445887       81.2194122514301569      938.8682606220397702
     146.5325922809352335       78.4945595918555625      938.9429473070538279
     143.6370510364524478       75.4044673102280285      939.0249055798942663
     140.3870770012692333       71.9158101932310387      939.1144421525827966
     136.7595546775388584       67.9973160041821814      939.2150977359148101
     132.7372477949478480       63.6215928670168012      939.3364617888913699
     128.3101234292153947       58.7669497339312201      939.4940131952721458
     123.4775212680907259       53.4194764944344769      939.7106901687704976
     118.2503316251726062       47.5750696144599416      940.0183680549700966
     112.6529122850187292       41.2411656390629773      940.4587599593380673
     106.7244614563499283       34.4379810236401482      941.0832572649032954
     100.5194440465938612       27.1991358779057499      941.9512264695009662
      94.1066698676139879       19.5715065645589235      943.1262496324872018
      87.5581353428029985       11.6136976528770326      944.6223186779576508
      80.9324135434971197        3.3962456242391830      946.3265183076819085
      74.2882908238635480       -4.9964403694232047      948.0890913635851120
      67.1945213337903908      -14.1132563122868699      949.8699979859087534
      60.2349536926541944      -23.2008605268213373      951.3550519023795005
      53.4872123680271727      -32.1314339984202135      952.4017586626828233
      47.0315311372358806      -40.7841036620719564      952.9588570739575744
      40.9566999997653269      -49.0567437611443253      953.1071691221501396
      35.3308132099156040      -56.8687535696555884      952.9440857662079907
      30.1964248965837783      -64.1619771387157698      952.5584738302411552
      25.5723818416971653      -70.8995267868158976      952.0265334715850258
      21.4564550591140168      -77.0628682927731603      951.4101952457931475
      17.8289402403162036      -82.6490146535855530      950.7572775617940124
      14.6574691085666018      -87.6684510552675249      950.1027775606843306
      11.9022750883863431      -92.1433024075955842      949.4710295361131784
       9.5200150420259977      -96.1051978724218401      948.8798431869893193
       7.4681107117282188      -99.5921307627302212      948.3399808460973190
       5.7070726041027973     -102.6454289695059856      947.8555195361121832
       4.2008383601517441     -105.3074649777397553      947.4262920238654715
       2.9168002556457733     -107.6199256480820310      947.0496101882315543
       1.8257004267568027     -109.6226017319349779      946.7214215760435536
       0.9014612936257937     -111.3526153006525732      946.4370634296507205
       0.1209816446320648     -112.8439911345287072      946.1917374976449082
      -0.5360862712931368     -114.1274836676348343      945.9807952774393698
      -1.0875691453721683     -115.2305842206524886      945.7998973565109964
      -1.5490073368516979     -116.1776483703568488      945.6450911646752502
      -1.9338860231988422     -116.9900975731539461      945.5128374002892997
      -2.2538579459028405     -117.6866613799507064      945.4000054155935686
      -2.5189540367450758     -118.2836364389409880      945.3038508986868464
      -2.7377793254844751     -118.7951461112260034      945.2219844385645047
      -2.9176925666740501     -119.2333902357665778      945.1523363648874465
      -3.0649689138969585     -119.6088787363991059      945.0931211400093162
      -3.1849456813282950     -119.9306457060493472      945.0428032038304309
      -3.2821517621851410     -120.2064426257914533      945.0000652903090668
      -3.3604216378305733     -120.4429107184252814      944.9637796809513475
      -3.4229951364182791     -120.6457332856679727      944.9329825219747363
      -3.4726042152510228     -120.8197693783530866      944.9068511322304857
      -3.5115480734972682     -120.9691704066611635      944.8846841123784088
      -3.5417578796163962     -121.0974813945962580      944.8658840275134025
      -3.5648523362952211     -121.2077285723476052      944.8499424228421049
      -3.5821852102730389     -121.3024949125491503      944.8364268580120324
      -3.5948858705000397     -121.3839851114807686      944.8249697493560006
      -3.6038937740193244     -121.4540813758478919      944.8152587944592824
      -3.6099877410715386     -121.5143912322627955      944.8070287695588831
      -3.6138107693939858     -121.5662884356429885      944.8000545139119595
      -3.6158910527901700     -121.6109479189095310      944.7941449374364993
      -3.6166597907776676     -121.6493756031336346      944.7891379083251877
      -3.6164663035200828     -121.6824337768152304      944.7848958958094272
      -3.6155908979197360     -121.7108626564307485      944.7813022597891859
      -3.6138472587101056     -121.7411867643541541      944.7775312536566616
      -3.6111366901212527     -121.7717429116109713      944.7738047747230894
      -3.6073401242909409     -121.8022418709254993      944.7701694023335222
      -3.6023451401861806     -121.8323994909290491      944.7666705970658541
      -3.5960478815758989     -121.8619399567914172      944.7633521327013568
      -3.5883548878164540     -121.8905989331006481      944.7602555484809272
      -3.5791848127648240     -121.9181265505095837      944.7574196284501795
      -3.5684700084775045     -121.9442901996744553      944.7548799143864926
      -3.5561579519954201     -121.9688770984741666      944.7526682584053788
      -3.5422124954370204     -121.9916966013845325      944.7508124208704885
      -3.5266149217993092     -122.0125822231520374      944.7493357187038328
      -3.5093647912739367     -122.0313933525281129      944.7482567285748019
      -3.4904805654904525     -122.0480166357397707      944.7475890487967263
      -3.4699999998694224     -122.0623670135377097      944.7473411230496367
      -3.4480495182476760     -122.0743454467326359      944.7475162421624191
      -3.4247740291072590     -122.0838827201679919      944.7481123597569876
      -3.4002665118134794     -122.0909828763783622      944.7491220039631798
      -3.3746366973977606     -122.0956798224508333      944.7505324889259555
      -3.3480103128019696     -122.0980365156145524      944.7523260688302571
      -3.3205281180565880     -122.0981437872758590      944.7544801562089560
      -3.2923447465651590     -122.0961188214959066      944.7569676019588769
      -3.2636273611708133     -122.0921033082381086      944.7597570336705530
      -3.2345541410246326     -122.0862612957789679      944.7628132481263492
      -3.2053126164400272     -122.0787767704372442      944.7660976530914922
      -3.1760978708681469     -122.0698509951772905      944.7695687528721464
      -3.1471106308453525     -122.0596996416448121      944.7731826715241823
      -3.1185552662233293     -122.0485497527566423      944.7768937070794664
      -3.0906377241755036     -122.0366365750616637      944.7806549097465449
      -3.0648027805926619     -122.0247876577991235      944.7842440064723633
      -3.0351277521014044     -122.0102705818802349      944.7884860340234354
      -3.0010748553459892     -121.9925052884777870      944.7934997731363183
      -2.9620277807172810     -121.9707956599572043      944.7994255697583412
      -2.9172781328545221     -121.9443084217427327      944.8064292275134903
      -2.8660094586907463     -121.9120483366363032      944.8147065930950248
      -2.8072785148569768     -121.8728290218551251      944.8244889534851154
      -2.7399933703954931     -121.8252386157783604      944.8360493821427326
      -2.6628878741276840     -121.7675994085403914      944.8497101912385006
      -2.5744919401230151     -121.6979204277127877      944.8658516682990012
      -2.4730970214884080     -121.6138418378670991      944.8849222973655060
      -2.3567160546165522     -121.5125698730124384      944.9074506855403115
      -2.2230370662218011     -121.3908008784829207      944.9340594330647036
      -2.0693695481236256     -121.2446329021578038      944.9654811948652195
      -1.8925826255301679     -121.0694631572863642      945.0025771774915029
      -1.6890339814451851     -120.8598696010002982      945.0463582877752060
      -1.4544884635346054     -120.6094748637364376      945.0980090835612373
      -1.1840253045325748     -120.3107908682258937      945.1589145500850009
      -0.8719329509985303     -119.9550427529594856      945.2306895048025126
      -0.5115906395068763     -119.5319712478561485      945.3152100697463993
      -0.0953361081222980     -119.0296135529671773      945.4146460726627765
       0.3856807920158352     -118.4340641957523985      945.5314923441685551
       0.9416582967200324     -117.7292194850359408      945.6685955237095413
       1.5843157774496786     -116.8965122865725590      945.8291709722817586
       2.3270778703509358     -115.9146482112501531      946.0168014438424962
       3.1852670404681360     -114.7593602601011895      946.2354049336606749
       4.1763010960675553     -113.4032068264984332      946.4891531478876914
       5.3198915168410359     -111.8154479222570217      946.7823137754435265
       6.6382381426837620     -109.9620464797254868      947.1189785640326591
       8.1562157798129391     -107.8058548530985945      947.5026244501948440
       9.9015481242804082     -105.3070592298716122      947.9354360779972239
      11.9049624191488146     -102.4239623714061054      948.4172946266191957
      14.2003055829124207      -99.1141809964250626      948.9443211147745387
      16.8239485768260444      -95.3364450433522848      949.5082693579779516
      19.8132414246492132      -91.0529379610409961      950.0969241528944167
      23.2056416051846028      -86.2314784036967552      950.6911248863094670
      27.0361558874794525      -80.8476340272080165      951.2624885804819996
      31.3329639879071742      -74.8868398194364318      951.7712154566970639
      36.1118249601357704      -68.3469723960892281      952.1641386563831020
      41.3706651032610040      -61.2417272122493870      952.3735863702395363
      47.0857002204977988      -53.6042997658772862      952.3176946860337466
      53.2094264299808941      -45.4900489887776232      951.9027610556092895
      59.6730128054672022      -36.9775850423125689      951.0414378550133279
      66.4104603531619375      -28.1697679298821413      949.7560590503655931
      73.3552756893870850      -19.1846488048179893      948.1589046586743734
      80.4340152966367157      -10.1455894923870638      946.4083095264677468
      87.0666137480916973       -1.7995814892060724      944.8062549248832056
      93.6812279909578791        6.4009066803986956      943.3860392483636588
     100.2054717995219022       14.3819019231581926      942.2740105547702569
     106.5520700988254390       22.0786206098896471      941.4679804398888336
     112.6358998365218440       29.4333869215576307      940.9030198260031739
     118.3883665266621108       36.3972645253557303      940.5160654646747389
     123.7594243532878124       42.9315818066930817      940.2518431429087968
     128.7175670121934274       49.0089530999921337      940.0658022349050498
     133.2482710581971901       54.6136494546434292      939.9248080665269072
     137.3514100411241259       59.7412201998858592      939.8062135719517300
     141.0382484439034556       64.3974186456402578      939.6960233511294973
     144.3285752239498834       68.5966684644052975      939.5870451217098207
     147.2488650668169043       72.3604225273838466      939.4789064924805189
     149.8287693918754826       75.7151285581127240      939.3735544023617194
     152.0986962296879881       78.6903626734563773      939.2726328164535516
     154.0887549969837096       81.3173433136902588      939.1773944833011001
     155.8279920934833456       83.6277095337247687      939.0886975350947523
     157.3438650033474175       85.6525662569846133      939.0070394262464788
     158.6619123968208100       87.4217792716300153      938.9326112236014978
     159.8055781864958931       88.9634904830486732      938.8653593693702533
     160.7961515998579216       90.3038162957081028      938.8050463898566704
     161.6527920341696927       91.4666917712308560      938.7513055893588216
     162.3926129087112997       92.4738261389624228      938.7036873437880331
     163.0308038885647193       93.3447396675102539      938.6616963575665977
     163.5807755531046155       94.0968569464381801      938.6248203213601755
     164.0543146235135623       94.7456366100794867      938.5925509808714651
     164.4617411928743138       95.3047220731440348      938.5643988576559877
     164.8120620516520489       95.7861017551692555      938.5399028798790368
     165.1131162473589029       96.2002704964098427      938.5186360779506458
     165.3717105541010142       96.5563864406454115      938.5002083408807039
     165.5937436507474274       96.8624196522826253      938.4842670541352163
     165.7843186028686091       97.1252902348944076      938.4704962719667947
     165.9478437886528468       97.3509948164321059      938.4586149283062468
     166.0881227649887251       97.5447210462320413      938.4483744648182437
     166.2084337867588602       97.7109502830713694      938.4395561528459666
     166.3115998091821268       97.8535490021990171      938.4319683056373833
     166.4000498496866385       97.9758496610863148      938.4254435155021383
     166.4758725847781875       98.0807218767906051      938.4198360040968510
     166.5408630252904914       98.1706348116858294      938.4150191398723564
     166.5965630622901585       98.2477116610260879      938.4108831521259617
     166.6442966143287947       98.3137771017938746      938.4073330538558366
     166.6852000406257446       98.3703985094570754      938.4042867738580753
     166.7202484181507600       98.4189216861273763      938.4016734908522039
     166.7502782160661354       98.4605017760949863      938.3994321576834636
     166.7760068399830402       98.4961299768343821      938.3975102012778962
     166.7980494631299564       98.5266565877984846      938.3958623819203240
     166.8184372344788642       98.5582099654700414      938.3939889707544353
     166.8355465013831633       98.5919095094048004      938.3916575279570225
     166.8491062435865615       98.6273783604067233      938.3888882341620956
     166.8588979805849988       98.6642107615767685      938.3857080711539993
     166.8647567777074983       98.7019786300595712      938.3821502173932458
     166.8665720010828295       98.7402380539200664      938.3782534301024043
     166.8642876939552195       98.7785357316151789      938.3740614024851538
     166.8579024866501754       98.8164153427493943      938.3696220906939516
     166.8474689822326127       98.8534238196093327      938.3649870094899370
     166.8330925828606155       98.8891174764794698      938.3602104987234043
     166.8149297401905358       98.9230679460479081      938.3553489650865913
     166.7931856282789340       98.9548678680727107      938.3504601053180068
     166.7681112501439884       98.9841362740518775      938.3456021182759059
     166.7400000000000091       99.0105236123593926      938.3408329141423110
