      55.0817617319966431      -16.7529478270882279      123.4906368072843321
      55.0890254044868044      -16.7434993341799903      123.4919305800212896
      55.0952080448354380      -16.7333244969730970      123.4933201710773858
      55.1002365055921928      -16.7225454119977179      123.4947887555641017
      55.1040522712627521      -16.7112916876931017      123.4963185480944503
      55.1066122717066378      -16.6996987477233851      123.4978910418882805
      55.1078895076143453      -16.6879060493886122      123.4994872571805331
      55.1078734828109376      -16.6760552354023339      123.5010879961170076
      55.1065704415964603      -16.6642882373069874      123.5026741014380463
      55.1040034132764944      -16.6527453480732568      123.5042267164727150
      55.1002120705742726      -16.6415632797657018      123.5057275443258646
      55.0952524139515987      -16.6308732192422433      123.5071591046660728
      55.0891963003447032      -16.6207988902161361      123.5085049872775187
      55.0821308430115621      -16.6114546229243452      123.5097501026123865
      55.0741577200240400      -16.6029434219787220      123.5108809311217755
      55.0656402264028273      -16.5947579066102513      123.5119664262970502
      55.0558330709324437      -16.5853354428679722      123.5132152022678014
      55.0445416085564148      -16.5744901126613087      123.5146515554453543
      55.0315420273700298      -16.5620083761599943      123.5163033119686418
      55.0165770497861857      -16.5476450710077003      123.5182023127809714
      54.9993510251373223      -16.5311188646177065      123.5203849563401519
      54.9795243366206918      -16.5121070949893678      123.5228928027856199
      54.9567070392037564      -16.4902399310647780      123.5257732425075687
      54.9304516397984273      -16.4650937799941097      123.5290802306534914
      54.9002449275261526      -16.4361838662362523      123.5328750869852286
      54.8654987614150542      -16.4029559067411022      123.5372273574467528
      54.8255397270357037      -16.3647768082267149      123.5422157295460437
      54.7795975846122758      -16.3209243176145975      123.5479289878683460
      54.7267924519414564      -16.2705755660421261      123.5544669883237958
      54.6661206996991922      -16.2127944618099953      123.5619416196231981
      54.5964395889115934      -16.1465179097899991      123.5704777074090828
      54.5164507557564946      -16.0705408664380016      123.5802137997823706
      54.4246827532474029      -15.9835002837216251      123.5913027518736271
      54.3194729987369698      -15.8838580563145868      123.6039120007048382
      54.1989496562426751      -15.7698831703309672      123.6182233896239353
      54.0610142086202146      -15.6396333706781157      123.6344323974831525
      53.9033257456381563      -15.4909368114874368      123.6527465289257890
      53.7232883093348050      -15.3213743534891123      123.6733825215627576
      53.5180429908630373      -15.1282634586329987      123.6965621048261994
      53.2844668299406266      -14.9086449671058183      123.7225058870938312
      53.0191808986623201      -14.6592745055490319      123.7514250610361444
      52.7185701840192067      -14.3766208253725782      123.7835105273004501
      52.3788179231342212      -14.0568739702400123      123.8189182516671139
      51.9959569128899943      -13.6959672340319933      123.8577512895035539
      51.5659418078438208      -13.2896180532087342      123.9000385808792544
      51.0847474613640244      -12.8333906033426892      123.9457087102949515
      50.5484935469512919      -12.3227831683453299      123.9945630043825133
      49.9535961315633230      -11.7533454644751743      124.0462454457498609
      49.2969455103672658      -11.1208298090862741      124.1002156864017110
      48.5761077113463315      -10.4213768533084910      124.1557252516331147
      47.7895450755068296       -9.6517335061863836      124.2118035652198813
      46.9368494054790943       -8.8094950505462837      124.2672585364426112
      46.0189793595756527       -7.8933566212218764      124.3206973489617013
      45.0384917674589218       -6.9033512416238940      124.3705699229226269
      43.9997348129489012       -5.8410406003901238      124.4152357705121830
      42.9088975239520138       -4.7096593035469052      124.4530513350544538
      41.7738813422944801       -3.5142750466810946      124.4824603700226504
      40.6040014906314752       -2.2619371108968207      124.5020886200864538
      39.4095264289039378       -0.9617795548374032      124.5108350574151075
      38.2010983056165614        0.3749549656722544      124.5079576317064465
      36.9891064336637214        1.7350158943148537      124.4931523148963635
      35.5993758726621294        3.3127242373155612      124.4615577581119226
      34.2298770693071575        4.8757493333696029      124.4156304410464173
      32.8913019900447452        6.3979883067704577      124.3575989486175928
      31.5938927813864936        7.8558299777470824      124.2904203916830994
      30.3480264818227887        9.2302483737399577      124.2173591640333541
      29.1644488190018976       10.5080858988170291      124.1415138672596470
      28.0541662627194412       11.6824985960637537      124.0654098844076003
      27.0272889752512100       12.7526948078880231      123.9907624709596945
      26.0907637337713467       13.7222147081005570      123.9185665689589797
      25.2468454839761165       14.5965210150459761      123.8494133315728050
      24.4931611677297560       15.3812217487508462      123.7837984394748929
      23.8241412912423840       16.0814374938078508      123.7222430360136514
      23.2327794546544801       16.7020806828797461      123.6652423275267978
      22.7117922080852885       17.2484048664647958      123.6131582627132559
      22.2541041002166367       17.7261922442300630      123.5661651871028397
      21.8530424528008353       18.1416021186409537      123.5242498009284020
      21.5024095584412898       18.5009212327658012      123.4872376760668118
      21.1965030941329502       18.8103300604188561      123.4548405635514996
      20.9301144512767010       19.0757230836570777      123.4267021331078382
      20.6985166887659453       19.3025885431665891      123.4024318781173122
      20.4974463102285824       19.4959403362211674      123.3816274854313235
      20.3230807797776514       19.6602913115759179      123.3638930683479771
      20.1720124811279398       19.7996558957950270      123.3488522423079417
      20.0412198605337686       19.9175718105385329      123.3361554828580609
      19.9280367893509407       20.0171334711682896      123.3254847835174957
      19.8301211082683650       20.1010313042437510      123.3165555913327296
      19.7454232535243115       20.1715929829806022      123.3091160343651183
      19.6721557894141483       20.2308242083355090      123.3029451043236691
      19.6087644465917386       20.2804474718065251      123.2978502619691881
      19.5539010788082805       20.3219379153641313      123.2936647702569388
      19.5063987844836184       20.3565558705550522      123.2902449632719026
      19.4652493023269777       20.3853759653548217      123.2874675865607514
      19.4295826845084108       20.4093128801081676      123.2852272919185310
      19.3986491745509504       20.4291439478158949      123.2834343326235000
      19.3718031659173775       20.4455288546121743      123.2820124797015922
      19.3484890862721919       20.4590267217248538      123.2808971629444557
      19.3282290368554577       20.4701108532598894      123.2800338296843421
      19.3106120121819416       20.4791814236370477      123.2793765083542610
      19.2952845288402131       20.4865763600452695      123.2788865593922196
      19.2819425009447230       20.4925806530733041      123.2785315936373820
      19.2703242121592595       20.4974343061990290      123.2782845430267287
      19.2602042476281419       20.5013391110992202      123.2781228641570834
      19.2513882636187112       20.5044644143046888      123.2780278575825008
      19.2437084869420758       20.5069520208543068      123.2779840872886012
      19.2370198497550895       20.5089203625334946      123.2779788861339796
      19.2311966777574277       20.5104680419934233      123.2780019344405247
      19.2254570074666482       20.5118270942097212      123.2780523149401404
      19.2196224188043594       20.5130218315882509      123.2781345833360831
      19.2137404185467382       20.5140144809587710      123.2782527409350308
      19.2078579259387965       20.5147687793098470      123.2784105666906669
      19.2020207667478822       20.5152505043566222      123.2786115525705384
      19.1962731844050367       20.5154279821155612      123.2788588418499955
      19.1906573741621500       20.5152725648920224      123.2791551711915190
      19.1852130458996797       20.5147590734645746      123.2795028173227649
      19.1799770208543592       20.5138661977040293      123.2799035490709088
      19.1749828671004146       20.5125768503898698      123.2803585854431958
      19.1702605781200859       20.5108784695748625      123.2808685603666135
      19.1658362982426560       20.5087632654922665      123.2814334946114059
      19.1617320981255723       20.5062284086914310      123.2820527753295892
      19.1579658028040463       20.5032761568175523      123.2827251435368368
      19.1545614083833442       20.4999231810724467      123.2834466423294373
      19.1515383537662629       20.4961911862849639      123.2842126951838821
      19.1489008499125113       20.4920974675735543      123.2850201906650085
      19.1466484686287686       20.4876640484574501      123.2858654538160579
      19.1447762550403482       20.4829174965346894      123.2867442727782930
      19.1432748961347095       20.4778886814655365      123.2876519324065470
      19.1421309428577366       20.4726124779871839      123.2885832544862410
      19.1413270825690240       20.4671274173671982      123.2895326440724091
      19.1408424580323349       20.4614752913449109      123.2904941413925997
      19.1406530285407257       20.4557007132050437      123.2914614786850791
      19.1407319682582262       20.4498506411690606      123.2924281412832670
      19.1410500964099093       20.4439738697697848      123.2933874322064582
      19.1415763335719475       20.4381204952886755      123.2943325394763576
      19.1422781780100806       20.4323413616757605      123.2952566053502323
      19.1431593831038072       20.4264588519783388      123.2961888858267514
      19.1443624204227412       20.4196802423514079      123.2972537960108355
      19.1459714383581598       20.4118710772973131      123.2984693925969992
      19.1480881033839907       20.4028755953180223      123.2998563552040281
      19.1508347169008779       20.3925130571874256      123.3014384220817306
      19.1543578735268341       20.3805734499818350      123.3032428952038799
      19.1588327558319342       20.3668124690821450      123.3053012235476444
      19.1644681730781308       20.3509456644082576      123.3076496743944546
      19.1715124650631097       20.3326416191665729      123.3103301034581563
      19.1802604066605440       20.3115140095534130      123.3133908354001136
      19.1910612638965077       20.2871123724426745      123.3168876666330505
      19.2043281679444711       20.2589113855648151      123.3208850019700407
      19.2205489884884990       20.2262984418432303      123.3254571352716624
      19.2402989013399157       20.1885592776809695      123.3306896812619584
      19.2642548553831823       20.1448613961406409      123.3366811603977879
      19.2932121487335095       20.0942350133325327      123.3435447300868049
      19.3281033207092214       20.0355512547982073      123.3514100422869575
      19.3700195518503619       19.9674973461262724      123.3604251912534551
      19.4202347355127998       19.8885485901603865      123.3707586992194649
      19.4802323337227001       19.7969370077639546      123.3826014076542918
      19.5517350630018321       19.6906166844769146      123.3961681269203581
      19.6367373627642614       19.5672261226737199      123.4116988153610492
      19.7375404846803839       19.4240483004750395      123.4294589547354803
      19.8567899127889120       19.2579697458028747      123.4497386670286829
      19.9975146909999815       19.0654408217737945      123.4728499645645030
      20.1631681089263850       18.8424406814976457      123.4991213500437084
      20.3576690735835726       18.5844520666505986      123.5288886901448393
      20.5854432406100756       18.2864530504890368      123.5624787645737257
      20.8514627790312836       17.9429363217849023      123.6001863035995854
      21.1612825703598766       17.5479695669211146      123.6422450743909422
      21.5210677358184626       17.0953125605625154      123.6887910199961027
      21.9376008991317626       16.5786079740240737      123.7398251025772282
      22.4182408513010749       15.9916546060370717      123.7951672276455071
      22.9707709520194427       15.3287547181264188      123.8544041217849383
      23.6030046890894205       14.5850878423021513      123.9168748213411106
      24.3218859944202848       13.7569525012801890      123.9817232346541971
      25.1320369986019294       12.8414617337110197      124.0480279337466953
      26.0344425802770125       11.8357203012135805      124.1149345336952905
      27.0260590788861457       10.7363655084175722      124.1816434319025149
      28.1006700575692818        9.5403893287408312      124.2471912296145149
      29.2505057083678821        8.2473179096723275      124.3101319321929310
      30.4674259454470437        6.8618740129967088      124.3683739122501777
      31.7430340116763823        5.3952586562758746      124.4193322495064251
      33.0685740499139058        3.8649560927653615      124.4602909815375682
      34.4345438309574021        2.2936973419904323      124.4888311326367187
      35.8300046554345641        0.7075730973063444      124.5032198787281175
      37.0541115986859992       -0.6587412651286556      124.5035952194549935
      38.2814155359531014       -1.9986630133300802      124.4928012303304001
      39.5014490426666072       -3.2971600894268005      124.4714419868682427
      40.7032363922916574       -4.5416847773154645      124.4405321791487466
      41.8759436094196857       -5.7223648624789636      124.4013891808338599
      43.0094998112820335       -6.8319925506973522      124.3555246162478340
      44.0951071262208387       -7.8658637060793239      124.3045449668151150
      45.1255896796533662       -8.8215211649865406      124.2500614440732249
      46.0955545466745065       -9.6984456469616429      124.1936111645093916
      47.0013608405924757      -10.4977526104326113      124.1365928772068656
      47.8410021659110072      -11.2219160779430922      124.0802146520408087
      48.6139481584091868      -11.8744712666277241      124.0254665414565949
      49.3209517174099830      -12.4597125542737590      123.9731138017904328
      49.9638349612384900      -12.9824135418545890      123.9237067278286730
      50.5452678622014346      -13.4475859335595214      123.8776027561551132
      51.0685524490431959      -13.8602846293883974      123.8349951327968768
      51.5374230149403303      -14.2254595457896169      123.7959444094036741
      51.9558695907344728      -14.5478498407072916      123.7604074292747782
      52.3279889102769715      -14.8319146138487827      123.7282654145171819
      52.6578655058722305      -15.0817922520246928      123.6993461726272017
      52.9494797041677003      -15.3012805269540966      123.6734441428713041
      53.2066386334639105      -15.4938332293971506      123.6503351513849793
      53.4329283217841891      -15.6625692235530813      123.6297877320467222
      53.6316837906228940      -15.8102893360697880      123.6115717744543616
      53.8059737753052829      -15.9394976319280879      123.5954643441330489
      53.9585968466202388      -16.0524247835271296      123.5812534614974112
      54.0920860417820819      -16.1510520145881351      123.5687405759233854
      54.2087195299148306      -16.2371345929519180      123.5577419068666956
      54.3105352859167994      -16.3122242613822088      123.5480889591334233
      54.3993481685641243      -16.3776902633891517      123.5396284659359054
      54.4767681729307469      -16.4347387907398002      123.5322218972785748
      54.5442189495326559      -16.4844308059703870      123.5257447134603410
      54.6029559455182465      -16.5276982609491547      123.5200854744862085
      54.6540837329403288      -16.5653587717543118      123.5151448604432147
      54.6985722524051994      -16.5981288368910533      123.5108346576421923
      54.7372718224692321      -16.6266356979368268      123.5070767495264619
      54.7709268537380467      -16.6514279463544526      123.5038021391601859
      54.8001882686036765      -16.6729849804199830      123.5009500209603459
      54.8256246690541502      -16.6917254137439777      123.4984669125138055
      54.8477323211679817      -16.7080145327675034      123.4963058522825889
      54.8669440399242632      -16.7221708955077091      123.4944256653413817
      54.8836370650640433      -16.7344721581053619      123.4927902966880424
      54.8981400203892136      -16.7451602096521697      123.4913682098794965
      54.9107390469059666      -16.7544456895507707      123.4901318475727834
      54.9216831959366374      -16.7625119554403703      123.4890571498409599
      54.9311891626828057      -16.7695185636302071      123.4881231257674017
      54.9409313996057449      -16.7759420403459529      123.4872682772057431
      54.9513572636393661      -16.7813458853728044      123.4865528154172267
      54.9623485284026856      -16.7856475782569596      123.4859878666133000
      54.9737780311646560      -16.7887805582689751      123.4855823574103653
      54.9855116712661740      -16.7906945717766440      123.4853429629369685
      54.9974103930111582      -16.7913559367360143      123.4852740679850456
      55.0093321583924961      -16.7907476869607244      123.4853777465709612
      55.0211339060584663      -16.7888695707873516      123.4856537635357512
      55.0326734869705732      -16.7857378874883203      123.4860996005131994
      55.0438115632829792      -16.7813851514136658      123.4867105075675937
      55.0544134544797856      -16.7758595790757532      123.4874795809736696
      55.0643509133527687      -16.7692243986728577      123.4883978669149940
      55.0735038137477630      -16.7615569851593875      123.4894544902871019
      55.0817617319966431      -16.7529478270882279      123.4906368072843321
