  -13.399999999999999        64.030276332839648        354.60136156237473     
  -13.299999999999999        64.047629911663691        354.64817120330525     
  -13.199999999999999        64.064983490487734        354.69498084423577     
  -13.100000000000000        64.082337069311777        354.74179048516629     
  -12.690861747878337        64.153337198393032        354.93330663189386     
  -12.685856757101552        64.154205743412618        354.93564945010507     
  -12.679869787486117        64.155243436414594        354.93845182011739     
  -12.672976377476651        64.156436537175793        354.94167832765976     
  -12.665263477805677        64.157769314652569        354.94528821560806     
  -12.656828344931217        64.159224281284594        354.94923590574854     
  -12.647777304854998        64.160782449385039        354.95347158113918     
  -12.638224403522250        64.162423604562278        354.95794182128054     
  -12.628289961399739        64.164126590998279        354.96259028167060     
  -12.618099050972734        64.165869603437415        354.96735840880706     
  -12.607779916780437        64.167630480913758        354.97218618132831     
  -12.597013532982755        64.169463315073216        354.97722282604599     
  -12.584080928698969        64.171659026692438        354.98327235453314     
  -12.568547105463015        64.174287869742201        354.99053794535700     
  -12.549890090821778        64.177432982774164        354.99926330649157     
  -12.527483717201024        64.181192422268069        355.00974066036036     
  -12.500577066447480        64.185681357167667        355.02232025858166     
  -12.468269968671919        64.191034347762496        355.03742170057768     
  -12.429483847792561        64.197407568785479        355.05554737115853     
  -12.382927102598355        64.204980739863416        355.07729835565584     
  -12.327054105125006        64.213958380729736        355.10339323552728     
  -12.260016794755316        64.224569791566935        355.13469020998798     
  -12.179607758744291        64.237066838619398        355.17221302627547     
  -12.083193637298509        64.251718156536043        355.21718122718949     
  -11.967637704568876        64.268797697878398        355.27104523244634     
  -11.829210603191264        64.288564577343038        355.33552675147587     
  -11.663488520935665        64.311229749130774        355.41266497017710     
  -11.465238700567246        64.336903049595946        355.50486885473617     
  -11.228293225794982        64.365511301863990        355.61497576903855     
  -10.945413755987385        64.396674205060293        355.74631641762369     
  -10.608152616553895        64.429519214359644        355.90278593501023     
  -10.206719845520711        64.462409048337918        356.08892081140732     
  -9.7298720641409790        64.492545219131827        356.30998138836117     
  -9.1648481702606830        64.515397373672272        356.57204003417075     
  -8.4973897841241470        64.523890580094616        356.88207597328710     
  -7.7119020528335467        64.507260536217345        357.24807909324119     
  -6.7918334311835906        64.449460218955821        357.67916634726919     
  -5.7203808360749981        64.326972448846249        358.18571374931298     
  -4.4816558206943737        64.105856091443741        358.77949980183985     
  -3.0624692372904150        63.737840417620070        359.47383285552286     
  -1.4548868832232775        63.155306505501976        360.28357788619309     
  0.34036067207263931        62.265106049851262        361.22488116891731     
   2.3097306112116982        60.941467332916012        362.31418880379215     
   4.4225342381716191        59.018926514014147        363.56588438584163     
   6.6277917166105702        56.287688009929596        364.98769045577842     
   8.8551137188137616        52.496788015567759        366.57331917145871     
   11.025134841644968        47.376296424366657        368.29361849815893     
   13.080391721403885        40.701207336577035        370.09250637860123     
   15.050524806501887        32.424828664490377        371.90233509113057     
   17.125985687706375        22.837197946031331        373.69648058781280     
   19.677583237532669        12.619517489875204        375.56194315886319     
   23.181345583155199        2.7138244082416674        377.74603729976650     
   28.079650672308752       -5.9328772488624892        380.62944404040365     
   34.671374009602253       -12.583010117564118        384.62116542923820     
   43.081542353683275       -16.805181686794967        389.99788958079392     
   53.275016887929056       -18.525524990025058        396.71762182891155     
   65.066256057983949       -18.047786742719474        404.35187591289946     
   77.535783350994393       -16.121451675744350        412.06986504963140     
   90.544745042042308       -13.564136797315683        419.65873245845950     
   103.47768437266268       -11.218441144644045        426.72922498203559     
   115.58788153116251       -9.7997508694470490        433.28837237746188     
   126.26113340100808       -9.7581998972795532        439.47688988367702     
   135.23253592612929       -11.232460041381479        445.28841290996911     
   142.52760102203840       -14.087263597828487        450.63030190705098     
   148.37982633616801       -18.003345052802313        455.35582403390970     
   153.12801312971229       -22.589215914326168        459.29775027519980     
   157.02982716717378       -27.475564213918851        462.45861666705298     
   160.26853005889566       -32.364498439208568        464.93791940546953     
   162.97876285430505       -37.043969731822287        466.86084167449712     
   165.26138101413551       -41.381456813875481        468.34563844903670     
   167.19290084906362       -45.308247695941198        469.49191352188575     
   168.83217459742110       -48.801807044116572        470.37884774629583     
   170.22535098194049       -51.870040856870581        471.06751735940600     
   171.40958855246154       -54.538813531757867        471.60444531313669     
   172.41560060860951       -56.843161824347241        472.02494003655858     
   173.26928071765550       -58.821632774496273        472.35579190208523     
   173.99274265632258       -60.512822759800954        472.61735893566379     
   174.60500529154962       -61.953391877653203        472.82514955437978     
   175.12246916407037       -63.177033253387805        472.99101345001867     
   175.55927365164399       -64.214039860436358        473.12403523519220     
   175.92758541429745       -65.091231434647042        473.23120524995915     
   176.23784508660862       -65.832088059569514        473.31792387753171     
   176.49898542932547       -66.456993624861809        473.38838136476312     
   176.71862686801086       -66.983529427519784        473.44584432696547     
   176.90325294156224       -67.426781915131826        473.49287215132682     
   177.05836689210315       -67.799643536053594        473.53148066961040     
   177.18863034641822       -68.113095021460865        473.56326615238424     
   177.29798514676688       -68.376463249192000        473.58949945133304     
   177.38975957819875       -68.597652438374510        473.61119768617726     
   177.46676038407531       -68.783348611273055        473.62917903483384     
   177.53135202702344       -68.939198542342140        473.64410479569187     
   177.58552464457273       -69.069965115837419        473.65651184302681     
   177.63095208587899       -69.179661340787732        473.66683780967321     
   177.66904131790935       -69.271665362829850        473.67544074251782     
   177.70097437254333       -69.348818757730754        473.68261453762437     
   177.72774388219719       -69.413510252316073        473.68860113545861     
   177.75018312893278       -69.467746835233015        473.69360021422210     
   177.76899141560250       -69.513214018798720        473.69777693911374     
   177.78475545984980       -69.551326810720184        473.70126819197651     
   177.79796741630594       -69.583272760243261        473.70418760349662     
   177.80904004594547       -69.610048263689336        473.70662963571874     
   177.81831947256484       -69.632489152408169        473.70867291175455     
   177.82609590484191       -69.651296440155846        473.71038293996219     
   177.83325702038047       -69.668618705252669        473.71195704781587     
   177.84032656676769       -69.685724635949612        473.71351171800575     
   177.84721572519112       -69.702399030527687        473.71502738002948     
   177.85383799766714       -69.718432062201956        473.71648494149701     
   177.86011028792046       -69.733621924665869        473.71786602986390     
   177.86595393721024       -69.747777379028719        473.71915322563956     
   177.87129570253259       -69.760720169664864        473.72033028402700     
   177.87606866545275       -69.772287278043891        473.72138234207466     
   177.88021306074981       -69.782332985588326        473.72229610859654     
   177.88367701509964       -69.790730718977329        473.72306003431822     
   177.88641718715161       -69.797374654047900        473.72366445997136     
   177.88839930156490       -69.802181057510566        473.72410174033109     
   177.88959857083535       -69.805089349066307        473.72436634251653     
   178.29000000007201       -70.776084040796064        473.81270938259934     
   178.39000000007201       -71.018589341933676        473.83477300016716     
   178.49000000007200       -71.261094643071289        473.85683661773498     
   178.59000000007200       -71.503599944208901        473.87890023530281     
