  -13.759999999997868       -101.49320353914517        710.88017924512656     
  -13.659999999997869       -101.48596779991206        710.90303712173954     
  -13.559999999997869       -101.47873206067895        710.92589499835253     
  -13.459999999997869       -101.47149632144584        710.94875287496552     
  -12.975475121048490       -101.43643736468550        711.05950497395474     
  -12.929175953657923       -101.43308727766602        711.07008798050970     
  -12.873788103111572       -101.42907403937210        711.08273565504373     
  -12.810007965800290       -101.42444527179174        711.09728244431483     
  -12.738637486407587       -101.41925618939034        711.11353863716067     
  -12.660574084010129       -101.41356905613067        711.13129311402622     
  -12.576799375116586       -101.40745255337187        711.15031635474838     
  -12.488366834660507       -101.40098105895447        711.17036364737237     
  -12.396388549672732       -101.39423383934357        711.19117844065363     
  -12.302021232163451       -101.38729415860752        711.21249578447100     
  -12.206451667451921       -101.38024831018515        711.23404580529336     
  -12.110155248051006       -101.37313081206895        711.25572055246050     
  -12.000055148750675       -101.36497084849431        711.28045466360481     
  -11.874184210122429       -101.35561304340928        711.30867028338571     
  -11.730298543131937       -101.34487807417813        711.34084508489286     
  -11.565839740804719       -101.33255875972696        711.37751886131150     
  -11.377892296871472       -101.31841545242420        711.41930074164986     
  -11.163135746034689       -101.30217059717378        711.46687707211095     
  -10.917791035733938       -101.28350229257272        711.52102002018614     
  -10.637560654683625       -101.26203665447736        711.58259699024529     
  -10.317562088610032       -101.23733874096773        711.65258099870607     
  -9.9522542616055212       -101.20890174853048        711.73206226142224     
  -9.5353567700467075       -101.17613413141051        711.82226142261129     
  -9.0597619488522145       -101.13834422882925        711.92454514342444     
  -8.5174401585749653       -101.09472190787099        712.04044522773131     
  -7.8993391880517052       -101.04431664363553        712.17168317681569     
  -7.1952793851829266       -100.98601136397588        712.32020315136788     
  -6.3938471272284119       -100.91849128599641        712.48821793967750     
  -5.4822906087996888       -100.84020686860507        712.67827489910223     
  -4.4464237668013995       -100.74932990298609        712.89335222570560     
  -3.2705466016774185       -100.64370166205867        713.13700064048498     
  -1.9373933312255764       -100.52077192527190        713.41355201574993     
 -0.42812386378805634       -100.37752756526794        713.72842492495943     
   1.2776208906131243       -100.21040917509183        714.08856774567903     
   3.2015733121794190       -100.01521381732843        714.50309254641297     
   5.3665694953657015       -99.786981178384423        714.98416653130164     
   7.7961149834000860       -99.519858841607785        715.54823991656565     
   10.513738118239660       -99.206939448924402        716.21769518457484     
   13.542080548237848       -98.840053063003609        717.02296557794284     
   16.902212800527927       -98.408366264702281        717.99718343054201     
   20.613997265485501       -97.894119455660800        719.15050775350596     
   24.694255060258456       -97.272081220265704        720.47159034983201     
   29.154741097762354       -96.508519337885303        721.92651297040641     
   34.000246242892359       -95.559324288975418        723.45115143088378     
   39.226500529227827       -94.368432220579905        724.94398526807481     
   44.818267483825032       -92.867367148933539        726.26118555143876     
   50.748372147870917       -90.977148791361316        727.21617070648881     
   56.977673906539970       -88.615467247741464        727.60104434416110     
   63.451706148090103       -85.724907188639463        727.36324116379922     
   70.101982860124537       -82.283798040331646        726.67595428737002     
   76.855000816006310       -78.290901953762230        725.78932177469187     
   83.637614361461843       -73.761686472364886        724.97905910059501     
   90.380339613123297       -68.725528443628022        724.51992434814554     
   97.020115690956743       -63.219837501555659        724.63529008494538     
   103.50282530976915       -57.278904020615869        725.37397198173551     
   109.78288381930689       -50.941805634675646        726.65012528152397     
   115.82143120943890       -44.258328479934605        728.30908447555976     
   121.07036023689987       -37.936222371429338        730.02551155805065     
   126.06719554574099       -31.431274185226634        731.83899220640433     
   130.79063996154767       -24.798879027758897        733.66464219041541     
   135.22338604115509       -18.096707757905470        735.43269681552658     
   139.35353689745233       -11.383493596979047        737.08992450860137     
   143.17705923131288       -4.7176805496354977        738.60316835322749     
   146.69635830515421        1.8442699507460281        739.95455979809674     
   149.91884836222079        8.2494247700072769        741.13706600949308     
   152.85748501245172        14.449816466513067        742.15480280439704     
   155.52866568502222        20.403692998966172        743.01815928904762     
   157.95061826685199        26.076609634865573        743.74073671824863     
   160.14230626779167        31.442251503397980        744.33784914764078     
   162.12257795945956        36.482619589909646        744.82531450543377     
   163.90959842024239        41.187648452459086        745.21856924347935     
   165.52050982031628        45.554429114731136        745.53207381323227     
   166.97126260106657        49.586198524491188        745.77895861027571     
   168.27656508643463        53.291229980560018        745.97085559126322     
   169.44990799401140        56.681726429693938        746.11786419920747     
   170.50363074333342        59.772786565922814        746.22860773557989     
   171.44900646630026        62.581485854057277        746.31034525114035     
   172.29633107177983        65.126092570920818        746.36911275055900     
   173.05500848260584        67.425422570660075        746.40987528323922     
   173.73363074500281        69.498323558213173        746.43667857412174     
   174.34005027626887        71.363277948404047        746.45279179387956     
   174.88144036655285        73.038113130270062        746.46083546389946     
   175.36434650593509        74.539800963464813        746.46289328404146     
   175.79473160289581        75.884328668804784        746.46060836559423     
   176.17801656111016        77.086625785305898        746.45526641339927     
   176.51911811731168        78.160534025709481        746.44786608808033     
   176.82248811418461        79.118808465398544        746.43917067775430     
   177.09214869893958        79.973142636465269        746.42975552427833     
   177.33172580892750        80.734210095473117        746.42004775817827     
   177.54448148502939        81.411716871668034        746.41035842407746     
   177.73334484406433        82.014460588741116        746.40090831980729     
   177.90094154118307        82.550393065483803        746.39184867186088     
   178.04962157874263        83.026684013774286        746.38327759144340     
   178.18148535727190        83.449784096953309        746.37525309957198     
   178.29840790802393        83.825486116600331        746.36780337553796     
   178.40206128932692        84.158983486850616        746.36093476886185     
   178.49393516678595        84.454925455072384        746.35463801843071     
   178.57535562851407        84.717468754674996        746.34889304161447     
   178.64750231037925        84.950325545491481        746.34367258863972     
   178.71142392307976        85.156807621962855        746.33894500143833     
   178.76805228351043        85.339866959199568        746.33467626984839     
   178.81821495840774        85.502132729780470        746.33083153993289     
   178.86264662958922        85.645944966158467        746.32737619834188     
   178.90662985703912        85.788440543667662        746.32393741243970     
   178.95001278123624        85.929177660152078        746.32055469680404     
   178.99225265652063        86.066384590849253        746.31726915798026     
   179.03282270992213        86.198332845846380        746.31412037137102     
   179.07121853745079        86.323359058142103        746.31114600235662     
   179.10696415333334        86.439886103678731        746.30838144753648     
   179.13961763125712        86.546443177647845        746.30585949283068     
   179.16877628398154        86.641684562395540        746.30360998728872     
   179.19408133479263        86.724406837222844        746.30165953387916     
   179.21522204106617        86.793564299185817        746.30003120091396     
   179.23193923662566        86.848282386453164        746.29874425976391     
   179.24402826558421        86.887868921597374        746.29781395585405     
   179.25134128596366        86.911823021017355        746.29725132043120     
   179.65378892662298        88.230056841720454        746.26628855993977     
   179.75378892662297        88.557610959951433        746.25859494781150     
   179.85378892662297        88.885165078182411        746.25090133568324     
   179.95378892662296        89.212719196413389        746.24320772355497     
