  -14.339999999893097       -108.78929368496988        689.60189681880752     
  -14.239999999893097       -108.78229048218418        689.62610440778360     
  -14.139999999893098       -108.77528727939848        689.65031199675968     
  -14.039999999893098       -108.76828407661279        689.67451958573577     
  -13.561924367614482       -108.73480347061529        689.79025016979278     
  -13.519154684767516       -108.73180822299472        689.80060367882277     
  -13.467986252397301       -108.72822219343516        689.81297678358465     
  -13.409060923792751       -108.72408902321423        689.82720736976057     
  -13.343118035122954       -108.71945915685623        689.84310967939393     
  -13.270985197761263       -108.71438928505012        689.86047700843199     
  -13.193567977649842       -108.70894170893222        689.87908465824023     
  -13.111838586692880       -108.70318362984025        689.89869308483412     
  -13.026823724200430       -108.69718636978956        689.91905118927980     
  -12.939591717935466       -108.69102452919007        689.93989969408517     
  -12.851239124130691       -108.68477508966905        689.96097455312406     
  -12.761426705273566       -108.67841368043850        689.98235525469363     
  -12.658372895532279       -108.67110355955080        690.00683609513976     
  -12.540133347255239       -108.66270198374806        690.03485655465056     
  -12.404480782938045       -108.65304434711464        690.06691547255230     
  -12.248864680966916       -108.64194071753789        690.10357824914206     
  -12.070365509376641       -108.62917179182567        690.14548472075330     
  -11.865642874660555       -108.61448416349488        690.19335773764419     
  -11.630876919455279       -108.59758477614839        690.24801248317226     
  -11.361702286456064       -108.57813440985531        690.31036659708036     
  -11.053133976657989       -108.55574001717558        690.38145121824311     
  -10.699484482931876       -108.52994568842944        690.46242316323128     
  -10.294271696282188       -108.50022198140195        690.55457863838888     
  -9.8301172917640649       -108.46595329767692        690.65936919384171     
  -9.2986356456187451       -108.42642292489410        690.77842114181180     
  -8.6903138722324034       -108.38079528999415        690.91356048814691     
  -7.9943843775922367       -108.32809488128919        691.06684672344431     
  -7.1986925108322009       -108.26718119478838        691.24062081279089     
  -6.2895635973119788       -108.19671893910456        691.43757571943740     
  -5.2516760365359545       -108.11514258694621        691.66086220715465     
  -4.0679504725068920       -108.02061417659979        691.91424900523452     
  -2.7194695622268577       -107.91097301755435        692.20236529302065     
  -1.1854488755755435       -107.78367558821209        692.53106548256881     
  0.55671276598838915       -107.63572333019484        692.90797189410432     
   2.5312654976640037       -107.46357505805929        693.34327004389615     
   4.7637736314707020       -107.26303898873468        693.85085263421252     
   7.2805517166536386       -107.02913640540716        694.44992845286424     
   10.107797259550990       -106.75592385429270        695.16722397197304     
   13.270338268281826       -106.43625188935235        696.03989262106199     
   16.790638557160161       -106.06021219189726        697.11141429065924     
   20.690116481662912       -105.60886100304654        698.39764115023763     
   24.986898003750525       -105.05296296933665        699.88600329851022     
   29.693097860693022       -104.35164160523209        701.53508488354930     
   34.812727421896234       -103.44980545863774        703.26477272509669     
   40.339701264832314       -102.27643835841579        704.94743807427324     
   46.256480431670099       -100.74498850192211        706.40275939124399     
   52.533946015801270       -98.757135962788496        707.39883681161564     
   59.130202432205593       -96.217514275502765        707.71010653486269     
   65.980685727926371       -93.075375502975120        707.37191095403716     
   73.003964873635979       -89.318997335844017        706.63578603781025     
   80.113163375571403       -84.956265349675903        705.81307033340636     
   87.221247403830731       -80.010366225386619        705.23434983649418     
   94.245537874817586       -74.515139594785722        705.21254843515430     
   101.11410887279365       -68.500333338640800        705.90907245641927     
   107.76892742453074       -61.991158625287369        707.27799624676277     
   114.16396250758282       -55.022491425537162        709.14481904784623     
   120.26086287840094       -47.648877010240568        711.32781928797294     
   125.47568872680233       -40.710772880815931        713.43174234224102     
   130.39934398346585       -33.560306096601430        715.55648945676535     
   135.01340017925349       -26.261697718423484        717.61644035948530     
   139.30429279627856       -18.882413445520861        719.54544856759128     
   143.26643703373395       -11.491478883495272        721.30140762823680     
   146.90113016605812       -4.1572813636761277        722.86107180250701     
   150.21523571104410        3.0544584133667021        724.21469666672635     
   153.22206026423157        10.082567003181204        725.36635420069490     
   155.93921510184697        16.872163583443246        726.32811488045513     
   158.38715467229267        23.376077949027902        727.11663848421381     
   160.58792623650163        29.556122835139892        727.75128235079455     
   162.56382737106276        35.383917091868447        728.25238842080103     
   164.33642479398500        40.840917782642435        728.63997802076040     
   165.92594300031664        45.917803583261446        728.93285662585890     
   167.35094679675484        50.613427295635887        729.14806859050486     
   168.62823813324911        54.933532868209682        729.30062834518935     
   169.77289473682339        58.889394641087584        729.40345495446434     
   170.79839124460875        62.496494272950017        729.46744522021208     
   171.71675876995943        65.773311009200526        729.50163238066477     
   172.53875321689600        68.740267536875720        729.51339000429266     
   173.27401457819030        71.418848092479550        729.50865219086745     
   173.93120924734515        73.830886663171796        729.49213122630704     
   174.51815462411787        75.998010577601448        729.46752187392326     
   175.04192220917869        77.941225328407512        729.43768404877403     
   175.50891957243024        79.680621564385817        729.40480049463531     
   175.92495649843286        81.235180982770345        729.37051038574396     
   176.29529966955917        82.622660167374022        729.33602128451389     
   176.62471847108924        83.859534633114677        729.30220356402197     
   176.91752793991012        84.960987293568039        729.26966224676357     
   177.17762677504334        85.940930045995998        729.23879647912349     
   177.40853130704829        86.812048830873920        729.20984921063655     
   177.61340728275354        87.585864259292634        729.18294653731573     
   177.79509975639598        88.272801939004609        729.15812861077768     
   177.95616121778249        88.882268052183377        729.13537373253394     
   178.09887800601865        89.422726878995604        729.11461697882623     
   178.22529502020600        89.901777864949992        729.09576446357846     
   178.33723872994648        90.326230536398640        729.07870414429397     
   178.43633849635867        90.702176113655213        729.06331390517698     
   178.52404623002991        91.035055086483396        729.04946750981367     
   178.60165443025437        91.329720328909417        729.03703889858900     
   178.67031266662650        91.590495561472807        729.02590520997819     
   178.73104257779539        91.821229137073104        729.01594882659026     
   178.78475147227405        92.025343245842990        729.00705868339264     
   178.83224462262922        92.205878716370194        728.99913102439564     
   178.87423634755717        92.365535644079912        728.99206975303400     
   178.91135997680294        92.506710109729056        728.98578648871637     
   178.94835780627150        92.647499651330421        728.97951323251073     
   178.98485357730610        92.786537211907572        728.97333986586432     
   179.02039065484701        92.922073202113481        728.96734221662678     
   179.05452569192360        93.052401437263725        728.96159327685587     
   179.08683398901044        93.175880691151534        728.95616249114346     
   179.11691461973953        93.290955445842229        728.95111500015457     
   179.14439520450230        93.396175588239601        728.94651097817427     
   179.16893630169079        93.490214794574840        728.94240503092010     
   179.19023537723078        93.571887363815293        728.93884565106669     
   179.20803031649410        93.640163280826528        728.93587473376488     
   179.22210244770616        93.694181312595759        728.93352715558069     
   179.23227905086790        93.733259966100988        728.93183042109638     
   179.23843533102175        93.756906164121929        728.93080438176298     
   179.64049583944043        95.301215740827843        728.86379477762966     
   179.74049583944043        95.685314537991388        728.84712823049802     
   179.84049583944042        96.069413335154934        728.83046168336637     
   179.94049583944042        96.453512132318480        728.81379513623472     
