     172.8337776862474584       32.0807352147384464      943.4384234576900781
     172.7037660633170901       32.2202586137548224      943.4242767133243888
     172.5594540511443427       32.3450169261858278      943.4095899785130541
     172.4024825570996313       32.4536901818721830      943.3945351245051825
     172.2346451712936926       32.5451664989009046      943.3792874595185367
     172.0578628764272366       32.6185576389272427      943.3640229334973810
     171.8741571149937499       32.6732119831095673      943.3489153722357514
     171.6856214925002462       32.7087249152649377      943.3341337810040841
     171.4943923876397491       32.7249466499037638      943.3198397511732765
     171.3026187221433645       32.7219875986692941      943.3061849951288877
     171.1124311134514642       32.7002214306863195      943.2933090251897283
     170.9259105913019710       32.6602860521605862      943.2813369814396083
     170.7450570037788395       32.6030828102577672      943.2703776014715231
     170.5717571685965481       32.5297743174859306      943.2605213121759107
     170.4077527422029448       32.4417813954841421      943.2518384101434776
     170.2494264157720920       32.3472873006541946      943.2437845039085005
     170.0742113145986991       32.2427357942037460      943.2348695625745449
     169.8803514054010861       32.1270865151752574      943.2250035116799154
     169.6659183528629740       31.9991983627493148      943.2140872739536235
     169.4287969435538628       31.8578213330427786      943.2020119548736830
     169.1666698169007645       31.7015880794039902      943.1886579706567773
     168.8770016084806969       31.5290052952813937      943.1738941172512796
     168.5570226552644613       31.3384450553051579      943.1575765791216099
     168.2037124663119130       31.1281362953415695      943.1395478767951772
     167.8137832269864020       30.8961566674461068      943.1196357521437221
     167.3836636811681444       30.6404250724573366      943.0976519901596475
     166.9094838251427859       30.3586952530884773      943.0733911754130077
     166.3870607046964665       30.0485509343109847      943.0466296603323144
     165.8118832294877905       29.7074031981793780      943.0171278734123916
     165.1791016290188736       29.3324906287775100      942.9846304205316301
     164.4835218119165461       28.9208831174067562      942.9488647237612895
     163.7196026415626022       28.4694904618767772      942.9095416793701361
     162.8814584859368892       27.9750769132291524      942.8663570131584493
     161.9628682419260883       27.4342830517142922      942.8189934953747979
     160.9572920975679153       26.8436565528519075      942.7671242465189607
     159.8578973540491575       26.1996935639826134      942.7104174062160382
     158.6575946405475008       25.4988925309172423      942.6485424791060268
     157.3490853816400659       24.7378219728283000      942.5811786933254552
     155.9249193934132052       23.9132012512997889      942.5080256779814363
     154.3775653168725626       23.0219954144335404      942.4288169890540985
     152.6994953207066033       22.0615250030914183      942.3433369293246642
     150.8832828547470797       21.0295886495635784      942.2514409731825253
     148.9217125923508434       19.9245952158723689      942.1530800657178588
     146.8079010524665478       18.7457002716944423      942.0483289072299158
     144.5354256418343368       17.4929394124076367      941.9374180895619020
     142.0984591404770470       16.1673484665528413      941.8207696112713165
     139.4920897003138691       14.7710650270707440      941.6994635122705404
     136.7131825677312236       13.3074043869875585      941.5769748010407056
     133.7602519149916134       11.7808352016132556      941.4586118572765372
     130.6335015329286193       10.1968946540911070      941.3513652623048529
     127.3350105727396624        8.5620266518746320      941.2641115474219760
     123.8689171811550693        6.8833430585098521      941.2077764090090568
     120.2417168000380912        5.1684270786836635      941.1954335399570937
     116.4625499424787591        3.4251932854877252      941.2423012926153660
     112.5433742556860608        1.6617452591031205      941.3656059057250332
     108.4990601062715285       -0.1137329752013339      941.5842862185876356
     104.3473856814408975       -1.8930393201308489      941.9185198443913123
     100.1089035443864645       -3.6679666393193298      942.3890644724260710
      95.8066568660696589       -5.4302713850121176      943.0164278437819121
      91.4646305367126757       -7.1715649001556150      943.8138302848817602
      87.1020167747391127       -8.8829199714537328      944.7579329238407126
      82.9393183502878486      -10.4779983892411543      945.7586051554483220
      78.7887321823098716      -12.0286271006594383      946.8200135506647257
      74.6645172831721311      -13.5263742464170189      947.9045650293037397
      70.5802385256599223      -14.9632893935560354      948.9755121659118231
      66.5489431318372624      -16.3329569906224528      949.9983750641501956
      62.5834513617131094      -17.6320752532405081      950.9421163026030399
      58.6956889068429106      -18.8588791540527652      951.7803500550394347
      54.8965299649614380      -20.0128330875814768      952.4920531051109265
      51.1965378458654072      -21.0947076758767906      953.0650703741632697
      47.6091483567512697      -22.1068603558983554      953.5094057197874235
      44.1469458148142095      -23.0528544847869767      953.8416668000830896
      40.8202591738308627      -23.9370350174367594      954.0776232198452362
      37.6374603591386716      -24.7641447371621908      954.2319523076512269
      34.6050509451329518      -25.5389900419957350      954.3181097630831573
      31.7277238712458320      -26.2661643141010117      954.3482630453684123
      29.0083870276041722      -26.9498536544187814      954.3332703276928441
      26.4481559254043397      -27.5937426486780844      954.2826903981658688
      24.0463698191910922      -28.2010130776489696      954.2048149697801591
      21.8006905953399190      -28.7744045388861771      954.1067225777129579
      19.7072750588894188      -29.3163060210053743      953.9943541093557542
      17.7610356746763891      -29.8288479713059758      953.8726091800012910
      15.9559802829295361      -30.3139603644604634      953.7454613292385375
      14.2854998052767250      -30.7734081781499746      953.6160789120542631
      12.7425855575111058      -31.2088156184770860      953.4869685518880260
      11.3198424946029252      -31.6216952642199622      953.3604706774619899
      10.0097566259419288      -32.0134516711959733      953.2385772250341915
       8.8049885668792669      -32.3853774336754014      953.1226072716672206
       7.6984301476420942      -32.7386635736001637      953.0133542549278900
       6.6832415817610213      -33.0744092428879952      952.9112180844272189
       5.7528783727869470      -33.3936305042257473      952.8163104718236127
       4.9011096991041843      -33.6972683338771120      952.7285376785516746
       4.1220296994436048      -33.9861959199000623      952.6476645785315895
       3.4100628550464487      -34.2612252976664564      952.5733635133211692
       2.7599644937333920      -34.5231133542055986      952.5052509526074118
       2.1668173052552571      -34.7725672329503510      952.4429145101845506
       1.6260246435132786      -35.0102491746701219      952.3859324325555917
       1.1333012920968368      -35.2367808352912846      952.3338872888608648
       0.6846622809178691      -35.4527471252485782      952.2863752530693091
       0.2764102613071659      -35.6586996173470467      952.2430120827466453
      -0.0948781263075736      -35.8551595707927433      952.2034366602616728
      -0.4323665246046255      -36.0426206183159437      952.1673127672441979
      -0.7389734640627994      -36.2215511615303214      952.1343296058757915
      -1.0173870466321664      -36.3923965172347721      952.1042014554819843
      -1.2700795026344325      -36.5555808546355507      952.0766667545569817
      -1.4993214570517401      -36.7115089607699829      952.0514868218872380
      -1.7071957777058702      -36.8605678690266743      952.0284443716258238
      -1.9149008498549367      -37.0181750730795329      952.0051678052975603
      -2.1194145743274531      -37.1835932908033513      951.9819322335301877
      -2.3180468828946537      -37.3562771427043643      951.9589719175479559
      -2.5081698753873987      -37.5356628233131175      951.9365110113936908
      -2.6872510723312444      -37.7211697406047719      951.9147612157188405
      -2.8528856982268187      -37.9122020297691265      951.8939198814672409
      -3.0028275893250833      -38.1081499659812621      951.8741685693382806
      -3.1350183272752248      -38.3083913081995249      951.8556720419005615
      -3.2476142128176928      -38.5122926113002109      951.8385776382085623
      -3.3390107122137436      -38.7192105467675702      951.8230149581754631
      -3.4078640336966695      -38.9284932725438253      951.8090957680822157
      -3.4531095220630843      -39.1394818904877297      951.7969140310379998
      -3.4739765965442526      -39.3515120253112443      951.7865459679176183
      -3.4700000000005371      -39.5639155521091439      951.7780500653424269
      -3.4411487959956761      -39.7744555757298031      951.7715229670278632
      -3.3877074023795926      -39.9809135391652077      951.7670437973688422
      -3.3101525181650935      -40.1826763002014076      951.7646162415617255
      -3.2092698541829927      -40.3791711643807005      951.7642232771676163
      -3.0861451375573079      -40.5698676922370893      951.7658265371323978
      -2.9421511238715481      -40.7542792999841907      951.7693656989405326
      -2.7789307905427858      -40.9319645969177941      951.7747579981519266
      -2.5983769420963050      -41.1025283951042439      951.7818979734369123
      -2.4026085103576729      -41.2656223234775510      951.7906575491249441
      -2.1939438790748751      -41.4209449796649380      951.8008865502108620
      -1.9748716024371200      -41.5682415588454006      951.8124137246912824
      -1.7480189199188680      -41.7073029095813439      951.8250483208811374
      -1.5161184956526310      -41.8379639814492208      951.8385822354136963
      -1.2819738291555594      -41.9601016477877948      951.8527927138926543
      -1.0487637614036227      -42.0734720810353195      951.8674239040529983
      -0.7926563672368059      -42.1898066284016124      951.8839780540771471
      -0.5114324561823992      -42.3090440064488220      951.9026783839776726
      -0.2026717595698952      -42.4310855033571670      951.9237718229273923
       0.1362622904793308      -42.5557892735503813      951.9475305512485193
       0.5082382597216004      -42.6829637502985122      951.9742532470557990
       0.9163727436221147      -42.8123600777257352      952.0042658369925448
       1.3640465443000185      -42.9436634542653195      952.0379214762854190
       1.8549207545024022      -43.0764832717953894      952.0755993871147211
       2.3929524539771392      -43.2103419292124045      952.1177020608511157
       2.9824096609462378      -43.3446621970557828      952.1646501732680008
       3.6278851134875723      -43.4787530122402472      952.2168743660388373
       4.3343083841454781      -43.6117935904670802      952.2748028062255798
       5.1069557585380583      -43.7428157601132384      952.3388431420374900
       5.9514572388022309      -43.8706844469831410      952.4093571233441935
       6.8737999704926196      -43.9940762756045274      952.4866257474820941
       7.8803273437357362      -44.1114563003127458      952.5708023278299379
       8.9777329946435724      -44.2210529371273893      952.6618503747647537
      10.1730489419251775      -44.3208312313759052      952.7594626466791397
      11.4736271494650666      -44.4084646571957009      952.8629572075681153
      12.8871139244344839      -44.4813056864051859      952.9711458696834825
      14.4214049580161863      -44.5363566163404414      953.0821970519639308
      16.0843552020106095      -44.5702649018851105      953.1940038308077874
      17.8835949928810756      -44.5793053124389687      953.3042502742797524
      19.8265503533905800      -44.5593374711472094      953.4099506498469054
      21.9202995086548889      -44.5057761898610167      953.5073042912664505
      24.1714062051799132      -44.4135557111651806      953.5915523842922994
      26.5857423803327073      -44.2770790064131461      953.6568240756940895
      29.1682869399136422      -44.0901430099116993      953.6959745053345614
      31.9227822850118947      -43.8458686197137197      953.7004195216597964
      34.8512806780513600      -43.5366772280248782      953.6599857889559644
      37.9536369467084000      -43.1543451583432756      953.5627999295810469
      41.2269891287395396      -42.6901758461823988      953.3952429606312080
      44.6653323095750565      -42.1353038222026299      953.1419943371957970
      48.2592677967569585      -41.4811132455219820      952.7861808581354808
      51.9959481558936503      -40.7197359579052431      952.3096373783353101
      55.8592742554624451      -39.8445962885957030      951.6935314816200844
      59.8335949814339685      -38.8513824029342061      950.9320270039914931
      63.9065791523152811      -37.7385853073204061      950.0422700575830959
      68.0657582496105533      -36.5069251956471916      949.0493673407922870
      72.2983040239959820      -35.1592743247162645      947.9844411911830093
      76.5911313234565228      -33.7005265454851966      946.8836925677750287
      80.9308515590646209      -32.1369857026965633      945.7871839900767554
      85.3031895651863010      -30.4743348986973217      944.7375134702234618
      89.6933391902312849      -28.7186261193084214      943.7778782556642909
      94.0862073462731274      -26.8766712505846748      942.9500845263389692
      98.6788683845591521      -24.8600205746626557      942.2617589185963425
     103.2312895809133835      -22.7644702168812110      941.7570033936121945
     107.7145019777698849      -20.5987805995894568      941.4132912936156572
     112.1006660746135566      -18.3731847300506814      941.2066255621003847
     116.3639530156265778      -16.0994426246517151      941.1128008556478335
     120.4812973745139573      -13.7907590185793261      941.1083889707331309
     124.4330027444766387      -11.4615615030884683      941.1715805197964073
     128.2031587366799101       -9.1271508669145547      941.2828290020891018
     131.7798482804874141       -6.8032537781246374      941.4252693335947697
     135.1551462757496154       -4.5055206971945871      941.5849102246409075
     138.3249352774706438       -2.2490138696953683      941.7506238668140668
     141.2886263012592281       -0.0476775179451734      941.9139759074221274
     144.0488096670958953        2.0861436288517554      942.0691326915516584
     146.6112472360317724        4.1419981646565409      942.2138830676874477
     148.9836471508145905        6.1114678969030010      942.3477452207889655
     151.1747309290656176        7.9881723261242747      942.4706237916886948
     153.1938904414688523        9.7676812117468277      942.5827129943012324
     155.0509063310975080       11.4473636793303157      942.6844199926233614
     156.7557186107864595       13.0261966326153367      942.7762989518018912
     158.3182438524182203       14.5045516344959893      942.8589965246144402
     159.7482328272865573       15.8839754713516186      942.9332084431250678
     161.0551624958042680       17.1669757837305994      942.9996462133818795
     162.2481566452237303       18.3568197158811159      943.0590125645078388
     163.3359300630894211       19.4573506463059260      943.1119841899553649
     164.3267517362221497       20.4728256989022341      943.1592003553453196
     165.2284223960961640       21.4077740686330102      943.2012560404114083
     166.0482645846481375       22.2668765095771732      943.2386985815908247
     166.7931239693345447       23.0548669794347241      943.2720269306819318
     167.4693752449992417       23.7764533644669882      943.3016951058517634
     168.0829324008970787       24.4362548217293281      943.3281173946214722
     168.6392730615546327       25.0387532553975625      943.3516624070773560
     169.1434580100288088       25.5882573549041403      943.3726561112221134
     169.6001512004798144       26.0888771032382927      943.3913865670485848
     170.0136412626093261       26.5445069387972055      943.4081082377886105
     170.3878638192005894       26.9588159945686776      943.4230458825460346
     170.7264240768357695       27.3352440326002935      943.4363980463647295
     171.0326192677814277       27.6770018802466069      943.4483401714725233
     171.3094606201415786       27.9870753515725568      943.4590273579625546
     171.5596946158108267       28.2682317989830452      943.4685968043003186
     171.7858233635870420       28.5230285848929483      943.4771699584745193
     171.9901239700006101       28.7538228906049014      943.4848544098268803
     172.1746668347910543       28.9627823899716290      943.4917455500534516
     172.3413328331783134       29.1518964099166347      943.4979280298591675
     172.4918293745947153       29.3229872798416196      943.5034770354849343
     172.6277053486922455       29.4777216388971617      943.5084594070037838
     172.7503649853177592       29.6176215256032940      943.5129346179867298
     172.8675455305641435       29.7643827482019532      943.5167824409916193
     172.9718406461082054       29.9230258372557500      943.5193041824924194
     173.0615042164411648       30.0920460449694929      943.5204139834859234
     173.1350261368426118       30.2697473268751978      943.5200498713658135
     173.1911426465765373       30.4542759328562553      943.5181738979248394
     173.2288451900005555       30.6436537945760819      943.5147721171281319
     173.2473872830860557       30.8358117146957582      943.5098543427725417
     173.2462889771710763       31.0286222722193230      943.5034536416101218
     173.2253386174998866       31.2199322875236582      943.4956255327108465
     173.1845916899557665       31.4075946401317339      943.4864468783679285
     173.1243666355145194       31.5894992001351156      943.4760144654472924
     173.0452375888884546       31.7636026178485444      943.4644432884911112
     172.9480240661542325       31.9279567132499587      943.4518645568814463
     172.8337776862474584       32.0807352147384464      943.4384234576900781
