     178.7601962631412960       70.4780891621773264      781.5006263484071951
     178.6304523422937507       70.5243270990664115      781.4642580872564395
     178.4955778267158166       70.5542340014749527      781.4280076122354330
     178.3571508331093298       70.5675067077256131      781.3922878220025723
     178.2167884565956513       70.5640528725284355      781.3575048938691907
     178.0761246846050767       70.5439918459458966      781.3240530760286902
     177.9367880894564280       70.5076529955935598      781.2923095325999157
     177.8003795113548051       70.4555715726323086      781.2626292633165122
     177.6684499175815972       70.3884822559681567      781.2353401171721998
     177.5424785877368379       70.3073105423919600      781.2107379159872380
     177.4238517270893283       70.2131621844187777      781.1890816985553556
     177.3138415473803491       70.1073109142171091      781.1705890871685369
     177.2135857720596448       69.9911847339800204      781.1554317636683891
     177.1240674138383611       69.8663511041476823      781.1437310188863421
     177.0460945264161978       69.7345014261340737      781.1355533036296492
     176.9739388231676287       69.5994336793410042      781.1291009572953499
     176.8927890605563391       69.4476008337610580      781.1217775385562163
     176.8015365375581212       69.2769542856962630      781.1134577240745784
     176.6989392428785095       69.0852035870474452      781.1039962604490938
     176.5836067472781110       68.8697901144922469      781.0932243608260706
     176.4539835864563884       68.6278584714421385      781.0809455201546143
     176.3083308205956712       68.3562256489308311      781.0669312909323025
     176.1447062908627288       68.0513478231431606      781.0509152230184782
     175.9609432416662855       67.7092849629605951      781.0325856280047674
     175.7546272189978254       67.3256634694521381      781.0115772137803560
     175.5230713688609399       66.8956371610005647      780.9874611293786302
     175.2632902440287808       66.4138471101301491      780.9597331411724781
     174.9719723022864173       65.8743810610264546      780.9277996278409546
     174.6454513700110169       65.2707334402428216      780.8909610505168075
     174.2796774511795377       64.5957673297944126      780.8483925306376250
     173.8701873821356116       63.8416802156294168      780.7991211573950068
     173.4120759632425290       62.9999758699342678      780.7419996582376598
     172.8999683338764726       62.0614453872230030      780.6756761118840586
     172.3279944875906438       61.0161611840418416      780.5985594803502181
     171.6897669357858547       59.8534886979722955      780.5087809061201369
     170.9783626015479001       58.5621215819047265      780.4041509901452400
     170.1863100353349694       57.1301473672103981      780.2821136690967023
     169.3055829606007308       55.5451518228640779      780.1396978855495945
     168.3276009469076655       53.7943714886107855      779.9734690367200756
     167.2432376379464927       51.8649049767770691      779.7794832427870233
     166.0428359369464602       49.7439927480701130      779.5532488024788336
     164.7162286583269974       47.4193658339611090      779.2897013819651875
     163.2527696639543535       44.8796709805361260      778.9832031141169182
     161.6413758479458807       42.1149771976287042      778.6275770924936523
     159.8705785311363741       39.1173555236239352      778.2161914491995276
     157.9285850792618646       35.8815154496145539      777.7421104338113764
     155.8033527186471474       32.4054684401094875      777.1983322347323337
     153.4826782112715478       28.6911732478421655      776.5781342907671387
     150.9543093416298802       24.7451006702180010      775.8755454892649368
     148.2060869829796843       20.5786394811002360      775.0859596181667257
     145.2261297421589461       16.2082541970534457      774.2068942870179171
     142.0030768133517256       11.6553038102798610      773.2388829732178692
     138.5272224188594521        6.9454667196767144      772.1869564815336844
     134.7939576824192898        2.1080367467408005      771.0634662350221333
     130.8033217549892697       -2.8246665050661761      769.8884228992477574
     126.5600984440020227       -7.8179418857681782      768.6900014354507675
     122.0742791188516065      -12.8353298225535859      767.5049560481754725
     117.3612482200488216      -17.8391675475605922      766.3784507067935010
     112.4416243965349622      -22.7910737096522134      765.3632067146367035
     107.3407292418013697      -27.6523955985508429      764.5179534446615435
     102.0877094108768972      -32.3846814997486945      763.9052719864788514
      96.3063352946757618      -37.2859026385150187      763.5789823751235872
      90.4264988898877391      -41.9502161003432477      763.6543318421104232
      84.4885041724926253      -46.3329445177184311      764.0607420509384156
      78.5337570877144202      -50.3952958088245779      764.6644083187139813
      72.6036579755382689      -54.1083062221452522      765.3233945531737845
      66.7383599759079118      -57.4532380603926640      765.8966387757284338
      60.9767201875808169      -60.4225075700112626      766.2522909950719168
      55.3561558728140497      -63.0199172720287351      766.2753385783205431
      49.9122796851366601      -65.2617481045975012      765.8928799445905042
      44.6775387982705752      -67.1830339193768964      765.1727052956055104
      39.6820776693659951      -68.8268983114234345      764.2267510484521154
      34.9526637775585556      -70.2361622767971880      763.1534521759509744
      30.5104143514998398      -71.4501312432703060      762.0345012014911390
      26.3690414596951150      -72.5027676111971573      760.9331856176327165
      22.5342443979465088      -73.4222289633735556      759.8945289160536731
      19.0042835442176781      -74.2313805214030111      758.9470844405792604
      15.7715362992349064      -74.9486891975678589      758.1058533201452292
      12.8242428221663651      -75.5890191992639586      757.3754965725622696
      10.1480719579791732      -76.1637838773716283      756.7481372920168496
       7.7271619335748092      -76.6814560120676703      756.2054939298404861
       5.5444180448598530      -77.1491962546154895      755.7323217172880732
       3.5821658467283224      -77.5731604070806782      755.3168522857641847
       1.8226948387570518      -77.9586366246847433      754.9499645799751306
       0.2486616109298401      -78.3101639244246286      754.6245257331258927
      -1.1566213395371749      -78.6316363906149007      754.3348826933691953
      -2.4089886731611636      -78.9263952452338060      754.0764795715956552
      -3.5232979900427885      -79.1973099442453758      753.8455753014453649
      -4.5133621340425005      -79.4468490948634951      753.6390386386258342
      -5.3919245204470485      -79.6771419230345543      753.4542011369752572
      -6.1706664034331746      -79.8900310663541831      753.2887525616611128
      -6.8602371236327864      -80.0871175294853543      753.1406667256567289
      -7.4703002077677017      -80.2697986757104616      753.0081487397001183
      -8.0095897423344766      -80.4393001280101885      752.8895970924061203
      -8.4859727321626739      -80.5967024189670980      752.7835758605529008
      -8.9065142090689040      -80.7429631694785144      752.6887937654826146
      -9.2775427054380959      -80.8789355013605018      752.6040878275960040
      -9.6047143823193046      -81.0053833068852356      752.5284101109594985
      -9.8930746299603616      -81.1229939155793147      752.4608165668355468
     -10.1471163664508079      -81.2323886196597442      752.4004573379728527
     -10.3708345700291567      -81.3341314470055465      752.3465681212269374
     -10.5677768121282192      -81.4287365058993231      752.2984623397228461
     -10.7410897277534918      -81.5166741693142853      752.2555239731481151
     -10.8935614808582510      -81.5983763180147292      752.2172009545168976
     -11.0276603660112649      -81.6742408205480501      752.1829990769017513
     -11.1455697427291298      -81.7446353935056180      752.1524763732036263
     -11.2492195324193016      -81.8099009563431707      752.1252379420686793
     -11.3521690274603166      -81.8784615538169049      752.0977397792283909
     -11.4535590834653433      -81.9503761553245056      752.0701423968262134
     -11.5520662897416511      -82.0254004463905204      752.0427310816477302
     -11.6463998387956984      -82.1032823131943701      752.0157872215587531
     -11.7353179324417223      -82.1837627031796387      751.9895848628891599
     -11.8176436234225086      -82.2665764332923288      751.9643873035233810
     -11.8922798892130661      -82.3514529523941405      751.9404437716968914
     -11.9582237429450551      -82.4381170674044341      751.9179862431275296
     -12.0145791973679863      -82.5262896450073811      751.8972264505235898
     -12.0605689113549559      -82.6156883022021447      751.8783531394140027
     -12.0955443644915501      -82.7060280994925421      751.8615296224503481
     -12.1189944235691520      -82.7970222500923683      751.8468916806842799
     -12.1305521850865716      -82.8883828571767651      751.8345458548365059
     -12.1299999998765600      -82.9798216890275597      751.8245681623430983
     -12.1173047986876536      -83.0706082238953059      751.8170458440135917
     -12.0925867981581590      -83.1600187831500364      751.8120341037777052
     -12.0560862499551131      -83.2477856211857414      751.8095129992569809
     -12.0081929244756651      -83.3336549093409644      751.8094305091358365
     -11.9494414855547539      -83.4173874138781315      751.8117036038212291
     -11.8805050022981700      -83.4987590750920106      751.8162197620988536
     -11.8021866802148541      -83.5775614768005113      751.8228388995958085
     -11.7154099176644610      -83.6536021943308867      751.8313956673524672
     -11.6212068159767146      -83.7267050088435951      751.8417020729818887
     -11.5207052921045445      -83.7967099765295416      751.8535503729449374
     -11.4151149610433755      -83.8634733428971089      751.8667161823003653
     -11.3057119712268026      -83.9268672950099557      751.8809617478623295
     -11.1938229894742669      -83.9867795480550399      751.8960393317239550
     -11.0808085426459222      -84.0431127668704505      751.9116946543488211
     -10.9675222017487961      -84.0960210423530441      751.9277452867378315
     -10.8391534262834899      -84.1522960283462140      751.9462965052582604
     -10.6937003961041732      -84.2120162400699854      751.9677096544919550
     -10.5288986387934909      -84.2752449631006897      751.9923934849094849
     -10.3421879218852766      -84.3420261464800092      752.0208097262818683
     -10.1306754219231632      -84.4123793197579460      752.0534792321848272
      -9.8910948894793176      -84.4862933290772844      752.0909887533088067
      -9.6197615547729587      -84.5637186467407531      752.1339984156638820
      -9.3125225648887504      -84.6445579598431550      752.1832500107184387
      -8.9647028180262573      -84.7286546855955294      752.2395762551956295
      -8.5710461718472448      -84.8157789932435691      752.3039112593876325
      -8.1256521632823180      -84.9056108347252945      752.3773025698262700
      -7.6219086002695775      -84.9977193988893305      752.4609253469664054
      -7.0524206890633634      -85.0915383088020150      752.5560995318328423
      -6.4089377645895809      -85.1863357816667843      752.6643112892768386
      -5.6822792198989056      -85.2811788717608152      752.7872406454778229
      -4.8622619113517045      -85.3748908271740561      752.9267981360573003
      -3.9376321783209449      -85.4660005232824602      753.0851745391368013
      -2.8960066899949730      -85.5526829058790241      753.2649094923466464
      -1.7238276446039951      -85.6326894038029849      753.4689871027953814
      -0.4063394174559637      -85.7032673739216335      753.7009696696172796
       1.0724044128821975      -85.7610678330693759      753.9651844338266073
       2.7294926593772804      -85.8020410050525584      754.2669828536924115
       4.5830534961866887      -85.8213195159218714      754.6130971227819373
       6.6520812628282844      -85.8130892740571767      755.0121240793962443
       8.9561754239693236      -85.7704478914545518      755.4751714545540153
      11.5151723271963657      -85.6852494051664735      756.0167041131053338
      14.3486522962534622      -85.5479240071634024      756.6555636140839169
      17.4756310297078485      -85.3464020437747024      757.4085536764007429
      20.9143571388535676      -85.0643054056452570      758.2780180006382125
      24.6812203241842809      -84.6809618170230891      759.2562432054223791
      28.7897868428273860      -84.1704944721545587      760.3229238680905837
      33.2496863963045470      -83.5004983360378787      761.4409316313231102
      38.0647960297573604      -82.6306567635332669      762.5518020280762812
      43.2307621387187311      -81.5121107736190993      763.5716144957019651
      48.7326382723533484      -80.0884751665409738      764.3885444584036577
      54.5434382550125036      -78.2992315762100191      764.8635430635317789
      60.6233378584910909      -76.0900931346219807      764.8811910645613352
      66.9183291171646601      -73.4339683825550651      764.5074375795253445
      73.3663534338594161      -70.3238730058753845      763.8883468228825677
      79.9030442310750431      -66.7691649492718255      763.2005262819582185
      86.4648222570372269      -62.7937067759758989      762.6353027254828021
      92.9914441055893093      -58.4329302889591276      762.3821970871028952
      99.4279358986144928      -53.7293508245136451      762.6034910957539523
     105.7242603934406020      -48.7197719294687772      763.3017572639272430
     111.8343516319148421      -43.4390368922863814      764.3747076201748314
     117.3139238180932580      -38.3197041275588077      765.6182270910726402
     122.5670245296480942      -33.0367146364591306      767.0175703749066543
     127.5666184682741999      -27.6292790792707734      768.5006346226541609
     132.2896349805826617      -22.1396184783923005      770.0041694982933222
     136.7181326509722510      -16.6122800526411574      771.4754152517809871
     140.8401609613352150      -11.0931218074687372      772.8730300077265838
     144.6505038219750361       -5.6280129111569650      774.1674007577919383
     148.1531845369099756       -0.2613555328252977      775.3415434010207719
     151.3581871393241727        4.9654499143607609      776.3881281444959086
     154.2785867897720493       10.0153550362614592      777.3065583831505592
     156.9300219038890418       14.8569381256970914      778.1014337296602434
     159.3298596294100093       19.4652649999667453      778.7809670897104297
     161.4963185347525894       23.8220776892420183      779.3555535157438499
     163.4477837329661156       27.9155486093301732      779.8366275210679532
     165.2023038733213696       31.7397380609099145      780.2358124193774529
     166.7772409801492017       35.2938689194005235      780.5643295830545867
     168.1890430608050906       38.5815132909165825      780.8326217596286369
     169.4531113186749849       41.6097640289920037      781.0501422126593525
     170.5837374469134602       44.3884428348710713      781.2252654839078332
     171.5940908266613008       46.9293781855061951      781.3652825243118514
     172.4962397904157001       49.2457714122640340      781.4764506334705629
     173.3011949533791949       51.3516578588861847      781.5640758678439397
     174.0189653101758438       53.2614589536581136      781.6326118447232147
     174.6586234420557560       54.9896205709418879      781.6857644414777724
     175.2283755639966785       56.5503372829600082      781.7265944379469147
     175.7356296599398320       57.9573473455416561      781.7576128572078460
     176.1870606303854458       59.2237859174028074      781.7808669818144836
     176.5886722707784315       60.3620860555699892      781.7980163501861171
     176.9458540282677461       61.3839185828730649      781.8104041695454498
     177.2634337849627002       62.3001624541379897      781.8191207881452556
     177.5457369369871117       63.1208963496436724      781.8250306868259258
     177.7966343289503470       63.8554095655761600      781.8288132754091748
     178.0195854216800058       64.5122261494595648      781.8310003996784872
     178.2176784963174896       65.0991380504004127      781.8320065419920866
     178.3936678119968917       65.6232442581778344      781.8321530929664505
     178.5500077265934067       66.0909935571243636      781.8316878191774322
     178.6888838569018674       66.5082290623144985      781.8308004445511870
     178.8122414016305584       66.8802331491381779      781.8296350930881999
     178.9218107820997830       67.2117717460805721      781.8283002012641418
     179.0191307749450118       67.5071372474389477      781.8268763944241755
     179.1055693211683604       67.7701895297887802      781.8254227282641295
     179.1823421987469089       68.0043947338665191      781.8239816203217742
     179.2505297435025113       68.2128616112717481      781.8225827342400862
     179.3110917965364592       68.3983753406386796      781.8212460288689272
     179.3648810474647064       68.5634287970341632      781.8199841430124479
     179.4126549319279889       68.7102513165349933      781.8188042530720168
     179.4539857184358311       68.8591280100279022      781.8158291072272732
     179.4821618330433353       69.0116050095252689      781.8092818537110134
     179.4965176771526387       69.1658800152440989      781.7991613987917390
     179.4966050834747193       69.3201097042948930      781.7855227315092179
     179.4821905460736957       69.4724376190517177      781.7684735377160905
     179.4532515678709217       69.6210213480678135      781.7481707490121607
     179.4099716535831419       69.7640588338880860      781.7248169271600773
     179.3527336410841428       69.8998135943090375      781.6986564283301959
     179.2821111922005457       70.0266386189733794      781.6699713236507705
     179.1988583648432893       70.1429986965369494      781.6390770757419659
     179.1038972689970024       70.2474909349692922      781.6063179871644024
     178.9983038740181769       70.3388632556072793      781.5720624474820397
     178.8832920869564873       70.4160306677061953      781.5366980120247717
     178.7601962631412960       70.4780891621773264      781.5006263484071951
