# IGG GEOMETRY VERSION 5
#  Number of Points   :
0
#  Number of Curves   :
1
#Curve 297125472
Curve SISL curve_15
3 0 20 8 1 0
4 91 1 3
SISLCurve
91 4 1 3 0
0.000000000000000e+000
0.000000000000000e+000
0.000000000000000e+000
0.000000000000000e+000
1.360820000000000e-002
3.374040000000000e-002
6.266670000000001e-002
1.011310000000000e-001
1.495420000000000e-001
2.082080000000000e-001
2.773860000000000e-001
3.006390000000000e-001
5.844980000000000e-001
8.683400000000000e-001
1.152110000000000e+000
1.435790000000000e+000
1.719350000000000e+000
2.002700000000000e+000
2.285680000000000e+000
2.624870000000000e+000
2.963840000000000e+000
3.302640000000000e+000
3.641250000000000e+000
3.979610000000000e+000
4.317580000000000e+000
4.654280000000000e+000
4.988420000000000e+000
5.318960000000000e+000
5.644970000000000e+000
5.966110000000000e+000
6.282340000000000e+000
6.593800000000000e+000
6.900630000000000e+000
7.203110000000000e+000
7.501620000000000e+000
7.796490000000000e+000
8.088050000000001e+000
8.376550000000000e+000
8.662229999999999e+000
8.945320000000001e+000
9.226100000000001e+000
9.504730000000000e+000
9.781250000000000e+000
1.005580000000000e+001
1.028320000000000e+001
1.047400000000000e+001
1.049940000000000e+001
1.052910000000000e+001
1.056010000000000e+001
1.058770000000000e+001
1.077450000000000e+001
1.100110000000000e+001
1.127460000000000e+001
1.154970000000000e+001
1.182660000000000e+001
1.210540000000000e+001
1.238620000000000e+001
1.266920000000000e+001
1.295460000000000e+001
1.324270000000000e+001
1.353370000000000e+001
1.382810000000000e+001
1.412610000000000e+001
1.442810000000000e+001
1.473460000000000e+001
1.504590000000000e+001
1.536240000000000e+001
1.568390000000000e+001
1.601060000000000e+001
1.634190000000000e+001
1.667680000000000e+001
1.701390000000000e+001
1.735200000000000e+001
1.769050000000000e+001
1.802920000000000e+001
1.836810000000000e+001
1.870710000000000e+001
1.898990000000000e+001
1.927310000000000e+001
1.955660000000000e+001
1.984020000000000e+001
2.012400000000000e+001
2.040780000000000e+001
2.069160000000000e+001
2.092340000000000e+001
2.093720000000000e+001
2.094900000000000e+001
2.095880000000000e+001
2.096690000000000e+001
2.097340000000000e+001
2.097850000000000e+001
2.098270000000000e+001
2.098270000000000e+001
2.098270000000000e+001
2.098270000000000e+001
1.640100000000000e+002 4.235010000000000e+000 3.484380000000000e+001 
1.640060000000000e+002 4.232660000000000e+000 3.484380000000000e+001 
1.640010000000000e+002 4.220540000000000e+000 3.484380000000000e+001 
1.640030000000000e+002 4.200020000000000e+000 3.484380000000000e+001 
1.640110000000000e+002 4.171670000000000e+000 3.484380000000000e+001 
1.640270000000000e+002 4.136570000000000e+000 3.484380000000000e+001 
1.640520000000000e+002 4.094560000000000e+000 3.484380000000000e+001 
1.640850000000000e+002 4.046030000000000e+000 3.484380000000000e+001 
1.641150000000000e+002 4.005590000000000e+000 3.484380000000000e+001 
1.641900000000000e+002 3.904880000000000e+000 3.484380000000000e+001 
1.643070000000000e+002 3.746740000000000e+000 3.484380000000000e+001 
1.644770000000000e+002 3.518930000000000e+000 3.484380000000000e+001 
1.646460000000000e+002 3.291290000000000e+000 3.484380000000000e+001 
1.648160000000000e+002 3.063860000000000e+000 3.484380000000000e+001 
1.649850000000000e+002 2.836720000000000e+000 3.484380000000000e+001 
1.651550000000000e+002 2.610020000000000e+000 3.484380000000000e+001 
1.653370000000000e+002 2.368900000000000e+000 3.484380000000000e+001 
1.655300000000000e+002 2.113320000000000e+000 3.484380000000000e+001 
1.657350000000000e+002 1.843300000000000e+000 3.484380000000000e+001 
1.659400000000000e+002 1.573850000000000e+000 3.484380000000000e+001 
1.661460000000000e+002 1.305040000000000e+000 3.484380000000000e+001 
1.663520000000000e+002 1.036990000000000e+000 3.484380000000000e+001 
1.665590000000000e+002 7.701150000000000e-001 3.484380000000000e+001 
1.667670000000000e+002 5.056760000000000e-001 3.484380000000000e+001 
1.669760000000000e+002 2.452310000000000e-001 3.484380000000000e+001 
1.671860000000000e+002 -9.811970000000000e-003 3.484380000000000e+001 
1.673970000000000e+002 -2.582310000000000e-001 3.484380000000000e+001 
1.676080000000000e+002 -4.996650000000000e-001 3.484380000000000e+001 
1.678210000000000e+002 -7.339860000000000e-001 3.484380000000000e+001 
1.680340000000000e+002 -9.610320000000000e-001 3.484380000000000e+001 
1.682490000000000e+002 -1.180710000000000e+000 3.484380000000000e+001 
1.684640000000000e+002 -1.393240000000000e+000 3.484380000000000e+001 
1.686810000000000e+002 -1.598900000000000e+000 3.484380000000000e+001 
1.688980000000000e+002 -1.798140000000000e+000 3.484380000000000e+001 
1.691160000000000e+002 -1.991430000000000e+000 3.484380000000000e+001 
1.693360000000000e+002 -2.179120000000000e+000 3.484380000000000e+001 
1.695560000000000e+002 -2.361570000000000e+000 3.484380000000000e+001 
1.697760000000000e+002 -2.539220000000000e+000 3.484380000000000e+001 
1.699970000000000e+002 -2.712470000000000e+000 3.484380000000000e+001 
1.702180000000000e+002 -2.881840000000000e+000 3.484380000000000e+001 
1.704410000000000e+002 -3.046500000000000e+000 3.484380000000000e+001 
1.706480000000000e+002 -3.201680000000000e+000 3.484380000000000e+001 
1.708420000000000e+002 -3.329200000000000e+000 3.484380000000000e+001 
1.709500000000000e+002 -3.429660000000000e+000 3.484380000000000e+001 
1.710290000000000e+002 -3.462120000000000e+000 3.484380000000000e+001 
1.710580000000000e+002 -3.446470000000000e+000 3.484380000000000e+001 
1.710670000000000e+002 -3.413330000000000e+000 3.484380000000000e+001 
1.710110000000000e+002 -3.347480000000000e+000 3.484380000000000e+001 
1.708960000000000e+002 -3.260950000000000e+000 3.484380000000000e+001 
1.707290000000000e+002 -3.101980000000000e+000 3.484380000000000e+001 
1.705380000000000e+002 -2.929280000000000e+000 3.484380000000000e+001 
1.703360000000000e+002 -2.741820000000000e+000 3.484380000000000e+001 
1.701340000000000e+002 -2.552640000000000e+000 3.484380000000000e+001 
1.699310000000000e+002 -2.360970000000000e+000 3.484380000000000e+001 
1.697280000000000e+002 -2.167000000000000e+000 3.484380000000000e+001 
1.695240000000000e+002 -1.970510000000000e+000 3.484380000000000e+001 
1.693200000000000e+002 -1.771250000000000e+000 3.484380000000000e+001 
1.691150000000000e+002 -1.568950000000000e+000 3.484380000000000e+001 
1.689080000000000e+002 -1.363320000000000e+000 3.484380000000000e+001 
1.687010000000000e+002 -1.154070000000000e+000 3.484380000000000e+001 
1.684930000000000e+002 -9.408130000000000e-001 3.484380000000000e+001 
1.682840000000000e+002 -7.229080000000000e-001 3.484380000000000e+001 
1.680730000000000e+002 -4.997650000000000e-001 3.484380000000000e+001 
1.678620000000000e+002 -2.708180000000000e-001 3.484380000000000e+001 
1.676510000000000e+002 -3.562780000000000e-002 3.484380000000000e+001 
1.674380000000000e+002 2.057620000000000e-001 3.484380000000000e+001 
1.672250000000000e+002 4.531280000000000e-001 3.484380000000000e+001 
1.670110000000000e+002 7.055470000000000e-001 3.484380000000000e+001 
1.667960000000000e+002 9.617670000000000e-001 3.484380000000000e+001 
1.665800000000000e+002 1.220180000000000e+000 3.484380000000000e+001 
1.663630000000000e+002 1.479310000000000e+000 3.484380000000000e+001 
1.661460000000000e+002 1.738520000000000e+000 3.484380000000000e+001 
1.659280000000000e+002 1.997630000000000e+000 3.484380000000000e+001 
1.657090000000000e+002 2.256590000000000e+000 3.484380000000000e+001 
1.655020000000000e+002 2.501070000000000e+000 3.484380000000000e+001 
1.653070000000000e+002 2.731300000000000e+000 3.484380000000000e+001 
1.651240000000000e+002 2.947410000000000e+000 3.484380000000000e+001 
1.649410000000000e+002 3.163730000000000e+000 3.484380000000000e+001 
1.647580000000000e+002 3.380110000000000e+000 3.484380000000000e+001 
1.645740000000000e+002 3.596520000000000e+000 3.484380000000000e+001 
1.643910000000000e+002 3.812940000000000e+000 3.484380000000000e+001 
1.642180000000000e+002 4.016130000000000e+000 3.484380000000000e+001 
1.641040000000000e+002 4.150640000000000e+000 3.484380000000000e+001 
1.640480000000000e+002 4.216090000000000e+000 3.484380000000000e+001 
1.640400000000000e+002 4.224580000000000e+000 3.484380000000000e+001 
1.640330000000000e+002 4.230810000000000e+000 3.484380000000000e+001 
1.640250000000000e+002 4.234880000000000e+000 3.484380000000000e+001 
1.640190000000000e+002 4.236850000000000e+000 3.484380000000000e+001 
1.640140000000000e+002 4.237220000000000e+000 3.484380000000000e+001 
1.640110000000000e+002 4.235740000000000e+000 3.484380000000000e+001 
1.640100000000000e+002 4.235010000000000e+000 3.484380000000000e+001 
#  Number of Surfaces :
0
#  Number of Groups :
0
