# IGG GEOMETRY VERSION 5
#  Number of Points   :
0
#  Number of Curves   :
1
#Curve 297124432
Curve SISL curve_13
3 0 20 8 1 0
4 91 1 3
SISLCurve
91 4 1 3 0
0.000000000000000e+000
0.000000000000000e+000
0.000000000000000e+000
0.000000000000000e+000
1.367140000000000e-002
3.381930000000000e-002
6.271800000000000e-002
1.011180000000000e-001
1.496600000000000e-001
2.079740000000000e-001
2.769790000000000e-001
2.966430000000000e-001
5.761780000000000e-001
8.554390000000000e-001
1.134380000000000e+000
1.413020000000000e+000
1.691400000000000e+000
1.969500000000000e+000
2.247330000000000e+000
2.580470000000000e+000
2.909720000000000e+000
3.246250000000000e+000
3.577800000000000e+000
3.907530000000000e+000
4.234730000000000e+000
4.558550000000000e+000
4.878030000000000e+000
5.192630000000000e+000
5.501960000000000e+000
5.805900000000000e+000
6.104290000000000e+000
6.397440000000000e+000
6.685950000000000e+000
6.970440000000000e+000
7.251570000000000e+000
7.529920000000000e+000
7.805940000000000e+000
8.080040000000000e+000
8.352530000000000e+000
8.623609999999999e+000
8.893409999999999e+000
9.161960000000001e+000
9.429250000000000e+000
9.695399999999999e+000
9.916520000000000e+000
1.010180000000000e+001
1.012720000000000e+001
1.015700000000000e+001
1.018650000000000e+001
1.021210000000000e+001
1.039710000000000e+001
1.061770000000000e+001
1.088320000000000e+001
1.114940000000000e+001
1.141650000000000e+001
1.168470000000000e+001
1.195400000000000e+001
1.222130000000000e+001
1.249540000000000e+001
1.276890000000000e+001
1.304600000000000e+001
1.332010000000000e+001
1.359910000000000e+001
1.388130000000000e+001
1.416730000000000e+001
1.445800000000000e+001
1.475420000000000e+001
1.505640000000000e+001
1.536460000000000e+001
1.567850000000000e+001
1.599780000000000e+001
1.632180000000000e+001
1.664930000000000e+001
1.697940000000000e+001
1.731120000000000e+001
1.764410000000000e+001
1.797720000000000e+001
1.825490000000000e+001
1.853280000000000e+001
1.881100000000000e+001
1.908950000000000e+001
1.936830000000000e+001
1.964750000000000e+001
1.992690000000000e+001
2.015460000000000e+001
2.016840000000000e+001
2.018010000000000e+001
2.019000000000000e+001
2.019800000000000e+001
2.020450000000000e+001
2.020960000000000e+001
2.021380000000000e+001
2.021380000000000e+001
2.021380000000000e+001
2.021380000000000e+001
1.638900000000000e+002 3.884220000000000e+000 3.238990000000000e+001 
1.638870000000000e+002 3.881710000000000e+000 3.238990000000000e+001 
1.638820000000000e+002 3.869410000000000e+000 3.238990000000000e+001 
1.638850000000000e+002 3.848950000000000e+000 3.238990000000000e+001 
1.638940000000000e+002 3.820940000000000e+000 3.238990000000000e+001 
1.639120000000000e+002 3.786500000000000e+000 3.238990000000000e+001 
1.639370000000000e+002 3.745340000000000e+000 3.238990000000000e+001 
1.639730000000000e+002 3.698400000000000e+000 3.238990000000000e+001 
1.640030000000000e+002 3.660100000000000e+000 3.238990000000000e+001 
1.640800000000000e+002 3.564300000000000e+000 3.238990000000000e+001 
1.642010000000000e+002 3.413850000000000e+000 3.238990000000000e+001 
1.643750000000000e+002 3.196150000000000e+000 3.238990000000000e+001 
1.645500000000000e+002 2.978950000000000e+000 3.238990000000000e+001 
1.647260000000000e+002 2.762240000000000e+000 3.238990000000000e+001 
1.649010000000000e+002 2.546040000000000e+000 3.238990000000000e+001 
1.650760000000000e+002 2.330280000000000e+000 3.238990000000000e+001 
1.652640000000000e+002 2.101080000000000e+000 3.238990000000000e+001 
1.654620000000000e+002 1.857590000000000e+000 3.238990000000000e+001 
1.656790000000000e+002 1.605000000000000e+000 3.238990000000000e+001 
1.658860000000000e+002 1.344670000000000e+000 3.238990000000000e+001 
1.661010000000000e+002 1.091090000000000e+000 3.238990000000000e+001 
1.663140000000000e+002 8.401300000000000e-001 3.238990000000000e+001 
1.665290000000000e+002 5.937470000000000e-001 3.238990000000000e+001 
1.667450000000000e+002 3.528000000000000e-001 3.238990000000000e+001 
1.669620000000000e+002 1.186570000000000e-001 3.238990000000000e+001 
1.671800000000000e+002 -1.078100000000000e-001 3.238990000000000e+001 
1.674000000000000e+002 -3.258990000000000e-001 3.238990000000000e+001 
1.676200000000000e+002 -5.352870000000000e-001 3.238990000000000e+001 
1.678410000000000e+002 -7.358150000000000e-001 3.238990000000000e+001 
1.680630000000000e+002 -9.277020000000000e-001 3.238990000000000e+001 
1.682860000000000e+002 -1.111320000000000e+000 3.238990000000000e+001 
1.685100000000000e+002 -1.287490000000000e+000 3.238990000000000e+001 
1.687340000000000e+002 -1.456950000000000e+000 3.238990000000000e+001 
1.689600000000000e+002 -1.620570000000000e+000 3.238990000000000e+001 
1.691860000000000e+002 -1.779120000000000e+000 3.238990000000000e+001 
1.694120000000000e+002 -1.933200000000000e+000 3.238990000000000e+001 
1.696400000000000e+002 -2.083340000000000e+000 3.238990000000000e+001 
1.698680000000000e+002 -2.229920000000000e+000 3.238990000000000e+001 
1.700970000000000e+002 -2.373120000000000e+000 3.238990000000000e+001 
1.703260000000000e+002 -2.513490000000000e+000 3.238990000000000e+001 
1.705560000000000e+002 -2.650020000000000e+000 3.238990000000000e+001 
1.707710000000000e+002 -2.779770000000000e+000 3.238990000000000e+001 
1.709700000000000e+002 -2.885010000000000e+000 3.238990000000000e+001 
1.710840000000000e+002 -2.972300000000000e+000 3.238990000000000e+001 
1.711640000000000e+002 -2.996670000000000e+000 3.238990000000000e+001 
1.711910000000000e+002 -2.978810000000000e+000 3.238990000000000e+001 
1.711970000000000e+002 -2.947110000000000e+000 3.238990000000000e+001 
1.711440000000000e+002 -2.882480000000000e+000 3.238990000000000e+001 
1.710200000000000e+002 -2.810880000000000e+000 3.238990000000000e+001 
1.708480000000000e+002 -2.666130000000000e+000 3.238990000000000e+001 
1.706490000000000e+002 -2.514180000000000e+000 3.238990000000000e+001 
1.704400000000000e+002 -2.348900000000000e+000 3.238990000000000e+001 
1.702300000000000e+002 -2.183420000000000e+000 3.238990000000000e+001 
1.700200000000000e+002 -2.016180000000000e+000 3.238990000000000e+001 
1.698100000000000e+002 -1.850180000000000e+000 3.238990000000000e+001 
1.696020000000000e+002 -1.676970000000000e+000 3.238990000000000e+001 
1.693860000000000e+002 -1.512260000000000e+000 3.238990000000000e+001 
1.691730000000000e+002 -1.338980000000000e+000 3.238990000000000e+001 
1.689630000000000e+002 -1.161450000000000e+000 3.238990000000000e+001 
1.687440000000000e+002 -9.916320000000000e-001 3.238990000000000e+001 
1.685300000000000e+002 -8.130270000000001e-001 3.238990000000000e+001 
1.683140000000000e+002 -6.318050000000000e-001 3.238990000000000e+001 
1.680970000000000e+002 -4.451130000000000e-001 3.238990000000000e+001 
1.678790000000000e+002 -2.522570000000000e-001 3.238990000000000e+001 
1.676610000000000e+002 -5.181390000000000e-002 3.238990000000000e+001 
1.674410000000000e+002 1.562790000000000e-001 3.238990000000000e+001 
1.672210000000000e+002 3.718720000000000e-001 3.238990000000000e+001 
1.670000000000000e+002 5.945560000000000e-001 3.238990000000000e+001 
1.667780000000000e+002 8.236700000000000e-001 3.238990000000000e+001 
1.665550000000000e+002 1.058050000000000e+000 3.238990000000000e+001 
1.663310000000000e+002 1.296370000000000e+000 3.238990000000000e+001 
1.661060000000000e+002 1.537460000000000e+000 3.238990000000000e+001 
1.658800000000000e+002 1.780250000000000e+000 3.238990000000000e+001 
1.656530000000000e+002 2.023740000000000e+000 3.238990000000000e+001 
1.654390000000000e+002 2.253620000000000e+000 3.238990000000000e+001 
1.652360000000000e+002 2.469910000000000e+000 3.238990000000000e+001 
1.650460000000000e+002 2.672820000000000e+000 3.238990000000000e+001 
1.648560000000000e+002 2.875900000000000e+000 3.238990000000000e+001 
1.646660000000000e+002 3.079220000000000e+000 3.238990000000000e+001 
1.644750000000000e+002 3.282800000000000e+000 3.238990000000000e+001 
1.642850000000000e+002 3.486730000000000e+000 3.238990000000000e+001 
1.641060000000000e+002 3.678360000000000e+000 3.238990000000000e+001 
1.639870000000000e+002 3.805320000000000e+000 3.238990000000000e+001 
1.639300000000000e+002 3.867100000000000e+000 3.238990000000000e+001 
1.639210000000000e+002 3.875180000000000e+000 3.238990000000000e+001 
1.639130000000000e+002 3.881050000000000e+000 3.238990000000000e+001 
1.639060000000000e+002 3.884780000000000e+000 3.238990000000000e+001 
1.639000000000000e+002 3.886500000000000e+000 3.238990000000000e+001 
1.638940000000000e+002 3.886590000000000e+000 3.238990000000000e+001 
1.638910000000000e+002 3.885000000000000e+000 3.238990000000000e+001 
1.638900000000000e+002 3.884220000000000e+000 3.238990000000000e+001 
#  Number of Surfaces :
0
#  Number of Groups :
0
