# IGG GEOMETRY VERSION 5
#  Number of Points   :
0
#  Number of Curves   :
1
#Curve 293083328
Curve SISL curve_8
3 0 20 8 1 0
4 91 1 3
SISLCurve
91 4 1 3 0
0.000000000000000e+000
0.000000000000000e+000
0.000000000000000e+000
0.000000000000000e+000
1.387760000000000e-002
3.419560000000000e-002
6.328270000000000e-002
1.019010000000000e-001
1.504550000000000e-001
2.092620000000000e-001
2.785830000000000e-001
2.789440000000000e-001
5.390600000000000e-001
7.979890000000000e-001
1.055530000000000e+000
1.311640000000000e+000
1.566380000000000e+000
1.819670000000000e+000
2.071410000000000e+000
2.371180000000000e+000
2.668050000000000e+000
2.961730000000000e+000
3.251930000000000e+000
3.538480000000000e+000
3.821090000000000e+000
4.099900000000000e+000
4.375450000000000e+000
4.648190000000000e+000
4.918690000000000e+000
5.187210000000000e+000
5.453550000000000e+000
5.717650000000000e+000
5.979740000000000e+000
6.239980000000000e+000
6.498460000000000e+000
6.755220000000000e+000
7.010770000000000e+000
7.265020000000000e+000
7.518270000000000e+000
7.770610000000000e+000
8.022060000000000e+000
8.272640000000001e+000
8.522480000000000e+000
8.771610000000001e+000
8.978740000000000e+000
9.149559999999999e+000
9.175450000000000e+000
9.205959999999999e+000
9.236120000000000e+000
9.262320000000001e+000
9.432670000000000e+000
9.639189999999999e+000
9.887490000000000e+000
1.013620000000000e+001
1.038540000000000e+001
1.063500000000000e+001
1.088530000000000e+001
1.113610000000000e+001
1.138770000000000e+001
1.163990000000000e+001
1.189300000000000e+001
1.214700000000000e+001
1.240230000000000e+001
1.265920000000000e+001
1.291770000000000e+001
1.317810000000000e+001
1.344080000000000e+001
1.370590000000000e+001
1.397330000000000e+001
1.424290000000000e+001
1.451520000000000e+001
1.479070000000000e+001
1.507040000000000e+001
1.535470000000000e+001
1.564330000000000e+001
1.593600000000000e+001
1.623250000000000e+001
1.648210000000000e+001
1.673370000000000e+001
1.698710000000000e+001
1.724210000000000e+001
1.749870000000000e+001
1.775690000000000e+001
1.801650000000000e+001
1.822510000000000e+001
1.823900000000000e+001
1.825080000000000e+001
1.826070000000000e+001
1.826880000000000e+001
1.827540000000000e+001
1.828050000000000e+001
1.828480000000000e+001
1.828480000000000e+001
1.828480000000000e+001
1.828480000000000e+001
1.637520000000000e+002 2.923420000000000e+000 2.625530000000000e+001 
1.637480000000000e+002 2.920540000000000e+000 2.625530000000000e+001 
1.637450000000000e+002 2.907810000000000e+000 2.625530000000000e+001 
1.637500000000000e+002 2.887450000000000e+000 2.625530000000000e+001 
1.637610000000000e+002 2.860200000000000e+000 2.625530000000000e+001 
1.637820000000000e+002 2.827260000000000e+000 2.625530000000000e+001 
1.638110000000000e+002 2.788560000000000e+000 2.625530000000000e+001 
1.638510000000000e+002 2.744480000000000e+000 2.625530000000000e+001 
1.638800000000000e+002 2.713610000000000e+000 2.625530000000000e+001 
1.639560000000000e+002 2.634370000000000e+000 2.625530000000000e+001 
1.640770000000000e+002 2.509990000000000e+000 2.625530000000000e+001 
1.642580000000000e+002 2.324930000000000e+000 2.625530000000000e+001 
1.644390000000000e+002 2.142110000000000e+000 2.625530000000000e+001 
1.646210000000000e+002 1.961520000000000e+000 2.625530000000000e+001 
1.648030000000000e+002 1.783240000000000e+000 2.625530000000000e+001 
1.649850000000000e+002 1.607440000000000e+000 2.625530000000000e+001 
1.651800000000000e+002 1.422990000000000e+000 2.625530000000000e+001 
1.653880000000000e+002 1.230990000000000e+000 2.625530000000000e+001 
1.656090000000000e+002 1.032830000000000e+000 2.625530000000000e+001 
1.658300000000000e+002 8.406230000000000e-001 2.625530000000000e+001 
1.660540000000000e+002 6.550100000000000e-001 2.625530000000000e+001 
1.662780000000000e+002 4.765100000000000e-001 2.625530000000000e+001 
1.665030000000000e+002 3.055440000000000e-001 2.625530000000000e+001 
1.667280000000000e+002 1.415810000000000e-001 2.625530000000000e+001 
1.669550000000000e+002 -1.604910000000000e-002 2.625530000000000e+001 
1.671810000000000e+002 -1.680470000000000e-001 2.625530000000000e+001 
1.674090000000000e+002 -3.149360000000000e-001 2.625530000000000e+001 
1.676370000000000e+002 -4.567210000000000e-001 2.625530000000000e+001 
1.678650000000000e+002 -5.932560000000000e-001 2.625530000000000e+001 
1.680950000000000e+002 -7.242590000000000e-001 2.625530000000000e+001 
1.683250000000000e+002 -8.494980000000000e-001 2.625530000000000e+001 
1.685560000000000e+002 -9.691950000000000e-001 2.625530000000000e+001 
1.687880000000000e+002 -1.083530000000000e+000 2.625530000000000e+001 
1.690200000000000e+002 -1.193030000000000e+000 2.625530000000000e+001 
1.692530000000000e+002 -1.297900000000000e+000 2.625530000000000e+001 
1.694870000000000e+002 -1.398840000000000e+000 2.625530000000000e+001 
1.697210000000000e+002 -1.496050000000000e+000 2.625530000000000e+001 
1.699550000000000e+002 -1.589870000000000e+000 2.625530000000000e+001 
1.701900000000000e+002 -1.680350000000000e+000 2.625530000000000e+001 
1.704240000000000e+002 -1.768200000000000e+000 2.625530000000000e+001 
1.706600000000000e+002 -1.852590000000000e+000 2.625530000000000e+001 
1.708810000000000e+002 -1.933340000000000e+000 2.625530000000000e+001 
1.710810000000000e+002 -1.994190000000000e+000 2.625530000000000e+001 
1.712020000000000e+002 -2.053290000000000e+000 2.625530000000000e+001 
1.712810000000000e+002 -2.061270000000000e+000 2.625530000000000e+001 
1.713040000000000e+002 -2.038280000000000e+000 2.625530000000000e+001 
1.713050000000000e+002 -2.005320000000000e+000 2.625530000000000e+001 
1.712450000000000e+002 -1.953850000000000e+000 2.625530000000000e+001 
1.711190000000000e+002 -1.907380000000000e+000 2.625530000000000e+001 
1.709380000000000e+002 -1.801780000000000e+000 2.625530000000000e+001 
1.707310000000000e+002 -1.693250000000000e+000 2.625530000000000e+001 
1.705120000000000e+002 -1.574150000000000e+000 2.625530000000000e+001 
1.702930000000000e+002 -1.455280000000000e+000 2.625530000000000e+001 
1.700740000000000e+002 -1.335480000000000e+000 2.625530000000000e+001 
1.698550000000000e+002 -1.215080000000000e+000 2.625530000000000e+001 
1.696350000000000e+002 -1.094090000000000e+000 2.625530000000000e+001 
1.694150000000000e+002 -9.726310000000000e-001 2.625530000000000e+001 
1.691940000000000e+002 -8.505690000000000e-001 2.625530000000000e+001 
1.689730000000000e+002 -7.277979999999999e-001 2.625530000000000e+001 
1.687510000000000e+002 -6.040040000000000e-001 2.625530000000000e+001 
1.685280000000000e+002 -4.788650000000000e-001 2.625530000000000e+001 
1.683050000000000e+002 -3.521230000000000e-001 2.625530000000000e+001 
1.680800000000000e+002 -2.235650000000000e-001 2.625530000000000e+001 
1.678550000000000e+002 -9.235400000000001e-002 2.625530000000000e+001 
1.676290000000000e+002 4.230730000000000e-002 2.625530000000000e+001 
1.674030000000000e+002 1.802340000000000e-001 2.625530000000000e+001 
1.671760000000000e+002 3.212220000000000e-001 2.625530000000000e+001 
1.669480000000000e+002 4.657040000000000e-001 2.625530000000000e+001 
1.667200000000000e+002 6.146270000000000e-001 2.625530000000000e+001 
1.664910000000000e+002 7.684370000000000e-001 2.625530000000000e+001 
1.662610000000000e+002 9.285740000000000e-001 2.625530000000000e+001 
1.660310000000000e+002 1.094870000000000e+000 2.625530000000000e+001 
1.658000000000000e+002 1.267160000000000e+000 2.625530000000000e+001 
1.655670000000000e+002 1.444960000000000e+000 2.625530000000000e+001 
1.653470000000000e+002 1.617400000000000e+000 2.625530000000000e+001 
1.651390000000000e+002 1.783250000000000e+000 2.625530000000000e+001 
1.649440000000000e+002 1.941430000000000e+000 2.625530000000000e+001 
1.647480000000000e+002 2.101960000000000e+000 2.625530000000000e+001 
1.645510000000000e+002 2.264570000000000e+000 2.625530000000000e+001 
1.643540000000000e+002 2.429350000000000e+000 2.625530000000000e+001 
1.641580000000000e+002 2.596300000000000e+000 2.625530000000000e+001 
1.639740000000000e+002 2.753830000000000e+000 2.625530000000000e+001 
1.638520000000000e+002 2.859030000000000e+000 2.625530000000000e+001 
1.637930000000000e+002 2.910300000000000e+000 2.625530000000000e+001 
1.637840000000000e+002 2.917500000000000e+000 2.625530000000000e+001 
1.637750000000000e+002 2.922550000000000e+000 2.625530000000000e+001 
1.637680000000000e+002 2.925550000000000e+000 2.625530000000000e+001 
1.637610000000000e+002 2.926640000000000e+000 2.625530000000000e+001 
1.637560000000000e+002 2.926180000000000e+000 2.625530000000000e+001 
1.637530000000000e+002 2.924310000000000e+000 2.625530000000000e+001 
1.637520000000000e+002 2.923420000000000e+000 2.625530000000000e+001 
#  Number of Surfaces :
0
#  Number of Groups :
0
