# IGG GEOMETRY VERSION 5
#  Number of Points   :
0
#  Number of Curves   :
1
#Curve 293081040
Curve SISL curve_1
3 0 20 8 1 0
4 91 1 3
SISLCurve
91 4 1 3 0
0.000000000000000e+000
0.000000000000000e+000
0.000000000000000e+000
0.000000000000000e+000
1.045790000000000e-002
1.528060000000000e-002
2.011270000000000e-002
4.496270000000000e-002
7.723760000000000e-002
1.181020000000000e-001
1.681610000000000e-001
2.278550000000000e-001
2.975750000000000e-001
5.178580000000000e-001
7.508230000000000e-001
9.791420000000000e-001
1.203260000000000e+000
1.423100000000000e+000
1.638730000000000e+000
1.850740000000000e+000
2.100940000000000e+000
2.347520000000000e+000
2.835310000000000e+000
3.078010000000000e+000
3.320030000000000e+000
3.561110000000000e+000
3.801700000000000e+000
4.042580000000000e+000
4.283310000000000e+000
4.522760000000000e+000
4.761620000000000e+000
5.001360000000000e+000
5.242340000000000e+000
5.484910000000000e+000
5.729690000000000e+000
5.977780000000000e+000
6.229360000000000e+000
6.484600000000000e+000
6.744210000000000e+000
7.008900000000000e+000
7.278780000000000e+000
7.553640000000000e+000
7.835550000000000e+000
8.128069999999999e+000
8.379040000000000e+000
8.576480000000000e+000
8.616709999999999e+000
8.665970000000000e+000
8.724729999999999e+000
8.778829999999999e+000
8.952120000000001e+000
9.193420000000000e+000
9.466740000000000e+000
9.728370000000000e+000
9.980320000000001e+000
1.022230000000000e+001
1.045600000000000e+001
1.068320000000000e+001
1.090510000000000e+001
1.112290000000000e+001
1.133790000000000e+001
1.155110000000000e+001
1.176240000000000e+001
1.197190000000000e+001
1.218000000000000e+001
1.238710000000000e+001
1.259220000000000e+001
1.279520000000000e+001
1.299770000000000e+001
1.320110000000000e+001
1.340540000000000e+001
1.361110000000000e+001
1.381940000000000e+001
1.424550000000000e+001
1.446330000000000e+001
1.468400000000000e+001
1.487070000000000e+001
1.506070000000000e+001
1.525580000000000e+001
1.545770000000000e+001
1.566730000000000e+001
1.588550000000000e+001
1.611380000000000e+001
1.627420000000000e+001
1.629870000000000e+001
1.631940000000000e+001
1.633710000000000e+001
1.635240000000000e+001
1.636570000000000e+001
1.636880000000000e+001
1.637180000000000e+001
1.637790000000000e+001
1.637790000000000e+001
1.637790000000000e+001
1.637790000000000e+001
1.638080000000000e+002 9.887100000000000e-001 1.420000000000000e+001 
1.638060000000000e+002 9.861690000000000e-001 1.420000000000000e+001 
1.638030000000000e+002 9.813610000000000e-001 1.420000000000000e+001 
1.638010000000000e+002 9.750100000000000e-001 1.420000000000000e+001 
1.637970000000000e+002 9.642120000000000e-001 1.420000000000000e+001 
1.637990000000000e+002 9.427200000000000e-001 1.420000000000000e+001 
1.638080000000000e+002 9.114860000000000e-001 1.420000000000000e+001 
1.638260000000000e+002 8.743430000000000e-001 1.420000000000000e+001 
1.638530000000000e+002 8.320090000000000e-001 1.420000000000000e+001 
1.638900000000000e+002 7.844920000000000e-001 1.420000000000000e+001 
1.639660000000000e+002 6.961440000000000e-001 1.420000000000000e+001 
1.640870000000000e+002 5.701770000000000e-001 1.420000000000000e+001 
1.642550000000000e+002 4.171360000000000e-001 1.420000000000000e+001 
1.644290000000000e+002 2.697420000000000e-001 1.420000000000000e+001 
1.646070000000000e+002 1.335830000000000e-001 1.420000000000000e+001 
1.647900000000000e+002 1.137250000000000e-002 1.420000000000000e+001 
1.649760000000000e+002 -9.827800000000000e-002 1.420000000000000e+001 
1.651760000000000e+002 -2.040240000000000e-001 1.420000000000000e+001 
1.653900000000000e+002 -3.044910000000000e-001 1.420000000000000e+001 
1.656940000000000e+002 -4.284730000000000e-001 1.420000000000000e+001 
1.660040000000000e+002 -5.298100000000000e-001 1.420000000000000e+001 
1.663190000000000e+002 -6.069670000000000e-001 1.420000000000000e+001 
1.665570000000000e+002 -6.501520000000000e-001 1.420000000000000e+001 
1.667970000000000e+002 -6.787780000000000e-001 1.420000000000000e+001 
1.670380000000000e+002 -6.928250000000000e-001 1.420000000000000e+001 
1.672790000000000e+002 -6.936550000000000e-001 1.420000000000000e+001 
1.675190000000000e+002 -6.829620000000000e-001 1.420000000000000e+001 
1.677580000000000e+002 -6.622740000000000e-001 1.420000000000000e+001 
1.679950000000000e+002 -6.336670000000000e-001 1.420000000000000e+001 
1.682320000000000e+002 -5.958110000000000e-001 1.420000000000000e+001 
1.684680000000000e+002 -5.462900000000001e-001 1.420000000000000e+001 
1.687030000000000e+002 -4.846100000000000e-001 1.420000000000000e+001 
1.689370000000000e+002 -4.105300000000000e-001 1.420000000000000e+001 
1.691700000000000e+002 -3.242440000000000e-001 1.420000000000000e+001 
1.694020000000000e+002 -2.264010000000000e-001 1.420000000000000e+001 
1.696320000000000e+002 -1.151180000000000e-001 1.420000000000000e+001 
1.698590000000000e+002 1.206100000000000e-002 1.420000000000000e+001 
1.700810000000000e+002 1.554600000000000e-001 1.420000000000000e+001 
1.702990000000000e+002 3.148060000000000e-001 1.420000000000000e+001 
1.705120000000000e+002 4.903080000000000e-001 1.420000000000000e+001 
1.707190000000000e+002 6.834950000000000e-001 1.420000000000000e+001 
1.709100000000000e+002 8.824620000000000e-001 1.420000000000000e+001 
1.710580000000000e+002 1.080320000000000e+000 1.420000000000000e+001 
1.711700000000000e+002 1.198560000000000e+000 1.420000000000000e+001 
1.712120000000000e+002 1.288280000000000e+000 1.420000000000000e+001 
1.711940000000000e+002 1.340100000000000e+000 1.420000000000000e+001 
1.711360000000000e+002 1.367170000000000e+000 1.420000000000000e+001 
1.710530000000000e+002 1.308120000000000e+000 1.420000000000000e+001 
1.709180000000000e+002 1.237670000000000e+000 1.420000000000000e+001 
1.707180000000000e+002 1.121890000000000e+000 1.420000000000000e+001 
1.704870000000000e+002 1.006040000000000e+000 1.420000000000000e+001 
1.702490000000000e+002 8.949380000000000e-001 1.420000000000000e+001 
1.700180000000000e+002 7.951540000000000e-001 1.420000000000000e+001 
1.697920000000000e+002 7.069200000000000e-001 1.420000000000000e+001 
1.695700000000000e+002 6.303660000000000e-001 1.420000000000000e+001 
1.693530000000000e+002 5.629880000000000e-001 1.420000000000000e+001 
1.691390000000000e+002 5.031950000000000e-001 1.420000000000000e+001 
1.689270000000000e+002 4.520520000000000e-001 1.420000000000000e+001 
1.687150000000000e+002 4.096850000000000e-001 1.420000000000000e+001 
1.685050000000000e+002 3.732580000000000e-001 1.420000000000000e+001 
1.682970000000000e+002 3.409590000000000e-001 1.420000000000000e+001 
1.680890000000000e+002 3.126050000000000e-001 1.420000000000000e+001 
1.678820000000000e+002 2.882250000000000e-001 1.420000000000000e+001 
1.676760000000000e+002 2.699340000000000e-001 1.420000000000000e+001 
1.674710000000000e+002 2.590900000000000e-001 1.420000000000000e+001 
1.672680000000000e+002 2.554840000000000e-001 1.420000000000000e+001 
1.670650000000000e+002 2.585930000000000e-001 1.420000000000000e+001 
1.668610000000000e+002 2.661230000000000e-001 1.420000000000000e+001 
1.666570000000000e+002 2.764630000000000e-001 1.420000000000000e+001 
1.664520000000000e+002 2.899300000000000e-001 1.420000000000000e+001 
1.661720000000000e+002 3.126270000000000e-001 1.420000000000000e+001 
1.658900000000000e+002 3.461800000000000e-001 1.420000000000000e+001 
1.656060000000000e+002 3.917060000000000e-001 1.420000000000000e+001 
1.654010000000000e+002 4.296820000000000e-001 1.420000000000000e+001 
1.652060000000000e+002 4.727430000000000e-001 1.420000000000000e+001 
1.650220000000000e+002 5.209870000000000e-001 1.420000000000000e+001 
1.648340000000000e+002 5.770890000000000e-001 1.420000000000000e+001 
1.646430000000000e+002 6.419330000000000e-001 1.420000000000000e+001 
1.644470000000000e+002 7.193860000000000e-001 1.420000000000000e+001 
1.642490000000000e+002 8.125010000000000e-001 1.420000000000000e+001 
1.640680000000000e+002 9.018700000000000e-001 1.420000000000000e+001 
1.639450000000000e+002 9.632510000000000e-001 1.420000000000000e+001 
1.638830000000000e+002 9.936720000000000e-001 1.420000000000000e+001 
1.638630000000000e+002 1.000760000000000e+000 1.420000000000000e+001 
1.638460000000000e+002 1.003630000000000e+000 1.420000000000000e+001 
1.638300000000000e+002 1.002010000000000e+000 1.420000000000000e+001 
1.638200000000000e+002 9.989360000000001e-001 1.420000000000000e+001 
1.638150000000000e+002 9.945780000000000e-001 1.420000000000000e+001 
1.638120000000000e+002 9.919500000000000e-001 1.420000000000000e+001 
1.638090000000000e+002 9.901860000000000e-001 1.420000000000000e+001 
1.638080000000000e+002 9.887100000000000e-001 1.420000000000000e+001 
#  Number of Surfaces :
0
#  Number of Groups :
0
