# IGG GEOMETRY VERSION 5
#  Number of Points   :
0
#  Number of Curves   :
1
#Curve 297127344
Curve SISL curve_on_surf_23
3 0 20 10 1 0
4 22 1 3
SISLCurve
22 4 1 3 0
0.000000000000000e+000
0.000000000000000e+000
0.000000000000000e+000
0.000000000000000e+000
4.759500000000000e+000
6.000650000000000e+000
7.241350000000000e+000
8.482749999999999e+000
9.725420000000000e+000
1.096790000000000e+001
1.221030000000000e+001
1.345460000000000e+001
1.470090000000000e+001
1.594260000000000e+001
1.718170000000000e+001
1.842190000000000e+001
1.966270000000000e+001
2.090360000000000e+001
2.214600000000000e+001
2.338970000000000e+001
2.587530000000000e+001
2.711580000000000e+001
2.764310000000000e+001
2.764310000000000e+001
2.764310000000000e+001
2.764310000000000e+001
1.638080000000000e+002 9.887100000000000e-001 1.420000000000000e+001 
1.637760000000000e+002 1.268370000000000e+000 1.576170000000000e+001 
1.637540000000000e+002 1.599320000000000e+000 1.773420000000000e+001 
1.637440000000000e+002 1.962780000000000e+000 2.012050000000000e+001 
1.637530000000000e+002 2.145740000000000e+000 2.134800000000000e+001 
1.637550000000000e+002 2.334190000000000e+000 2.257520000000000e+001 
1.637430000000000e+002 2.532710000000000e+000 2.380140000000000e+001 
1.637370000000000e+002 2.729040000000000e+000 2.502830000000000e+001 
1.637490000000000e+002 2.921580000000000e+000 2.625630000000000e+001 
1.637780000000000e+002 3.125990000000000e+000 2.748350000000000e+001 
1.638250000000000e+002 3.349470000000000e+000 2.870660000000000e+001 
1.638410000000000e+002 3.537470000000000e+000 2.993480000000000e+001 
1.638490000000000e+002 3.705460000000000e+000 3.116370000000000e+001 
1.638880000000000e+002 3.884620000000000e+000 3.239020000000000e+001 
1.639420000000000e+002 4.061670000000000e+000 3.361690000000000e+001 
1.640070000000000e+002 4.234050000000000e+000 3.484460000000000e+001 
1.640880000000000e+002 4.412730000000000e+000 3.607140000000000e+001 
1.642140000000000e+002 4.655890000000000e+000 3.770580000000000e+001 
1.643540000000000e+002 4.885340000000000e+000 3.934060000000000e+001 
1.644700000000000e+002 5.056570000000000e+000 4.074320000000000e+001 
1.645190000000000e+002 5.128230000000000e+000 4.132610000000000e+001 
1.645330000000000e+002 5.149450000000000e+000 4.150000000000000e+001 
#  Number of Surfaces :
0
#  Number of Groups :
0
