x_s	r_s
-55.70862012008712	1.3898347521567243
-55.13626028174332	1.76183696018084
-54.371402265167156	2.2551844351186525
-53.79787785651644	2.6253676690193832
-53.2241946428239	2.9953109220343666
-52.650458494117316	3.365187450464266
-52.07664294288993	3.734921371966581
-51.5027744566485	4.104533225326726
-50.92880010037922	4.474022269454505
-50.354746341588985	4.843392209800893
-49.78061318027786	5.21264622246673
-49.20640061644579	5.581779013950619
-48.63210865009278	5.95079084892763
-48.05779021623277	6.3197121650307855
-47.4833659123449	6.688511465926784
-46.90888867344307	7.057188222265487
-46.3343320320203	7.425794310360563
-45.759695988076636	7.794234976537047
-45.18503347662599	8.162644940405437
-44.61023862764043	8.530891070405648
-44.035443778654944	8.899075266439537
-43.46054305964145	9.267131889089807
-42.885589405614056	9.635111226619705
-42.31060928407976	10.003015131754724
-41.735523292517456	10.370767642749845
-41.160437300955216	10.738490510137154
-40.58524543936505	11.10608474544056
-40.0100271102679	11.473618105477923
-39.434702911142885	11.841039772635847
-38.8593787120178	12.20840294660336
-38.28394864286485	12.575646222764275
-37.7085185737119	12.942857473241748
-37.13303556954499	13.309954648764158
-36.55747316285719	13.676988831619964
-35.981884288662414	14.043956581033262
-35.406242479453674	14.410813431592333
-34.83057420273795	14.777652548921731
-34.254826523501265	15.144380238046763
-33.67905237675768	15.511056844883331
-33.103225295000044	15.877650608423066
-32.52737174573551	16.244219227831174
-31.951465261457002	16.610687535387846
-31.37553230967151	16.977105554681263
-30.79954642287213	17.34345290573106
-30.223534068565687	17.709784905626808
-29.647468779245354	18.076004683292982
-29.07140348992502	18.44221307993115
-28.495285265590724	18.808355043126816
-27.91914057374943	19.174446453384164
-27.34296941440116	19.54047619435025
-26.766771787545906	19.906487937411594
-26.19054769318367	20.272440393257316
-25.614270663807545	20.63833488526276
-25.037993634431412	21.004220642990905
-24.46169013754822	21.370044731427797
-23.885333705651142	21.735825148478174
-23.30897727375406	22.101593655150417
-22.732594374349993	22.467303668632237
-22.156185007438943	22.833005212511832
-21.57977564052797	23.198653027352265
-21.003339806109942	23.564278080136702
-20.426903971691914	23.92989942747016
-19.85041520225998	24.29547233926586
-19.273926432827977	24.66100899057699
-18.69743766339606	25.026561522392313
-18.12092242645707	25.392078852423364
-17.544380722011184	25.757548805616917
-16.967865485072267	26.123050519818843
-16.391297313119317	26.488506180558637
-15.814755608673423	26.853961047273216
-15.238213904227528	27.219405856335154
-14.66164573227465	27.584842989820064
-14.085077560321771	27.95028779888199
-13.508509388368822	28.315690259932765
-12.931941216415952	28.6811297754933
-12.355373044463072	29.04657193780454
-11.778804872510193	29.4119796923567
-11.202236700557314	29.777427148169334
-10.62569499611142	30.142871957231264
-10.049126824158463	30.50832470654529
-9.472585119712576	30.87377745585931
-8.896069882773673	31.239267259683103
-8.319554645834685	31.604762357008287
-7.743039408895783	31.970273334837657
-7.166524171956873	32.33580548667261
-6.5900089350178845	32.70134028525826
-6.0135466330929495	33.066914785104366
-5.4370578636609395	33.432486638199784
-4.860622029242904	33.79811142630915
-4.284159727317963	34.16371504041293
-3.707750360406919	34.529355709026476
-3.131340993495876	34.8950334321498
-2.5549316265848248	35.260721742275905
-1.9785487271807511	35.62642328615549
-1.402192295283669	35.99219099880253
-0.8258623308935782	36.35797723870445
-0.24953236650348032	36.72382170712171
0.32669172785876555	37.08976939881617
0.902915822220919	37.45572767751342
1.4791134490761806	37.82174418472603
2.0553375434384122	38.187710403675375
2.631561637800573	38.55365809536984
3.2075210570930466	38.92007161518707
3.7844862416506047	39.28488649758299
4.36531568222653	39.64352121710014
4.951173949127799	39.99389278093956
5.538726136475432	40.34138732677075
6.125351961079005	40.690435515261406
6.710522072798915	41.04195047540217
7.293601251467783	41.39689297769624
7.8761775475041205	41.75266920646005
8.4608712440984	42.104972898308674
9.048211691390321	42.452843282738925
9.637298994142554	42.79773871938512
10.226545101936708	43.14232183944902
10.815076587042512	43.488143638839354
11.402152359264662	43.836466617638884
11.987878288631022	44.18703668778061
12.572386712676561	44.5396129949511
13.156021708991872	44.89364501500523
13.738809745083984	45.249055992172764
14.320883158487774	45.605650066902115
14.903141844440368	45.96196887955891
15.485056452802324	46.31881968910592
16.065488880773643	46.678065808034205
16.643168688019472	47.04174258763018
17.217566524400354	47.41059376483985
17.789	47.78399999999999
18.358210205013705	48.16078878255159
18.925911762129857	48.53987494470867
19.49292516406466	48.91994569812523
20.05869459317151	49.30188241078354
20.62303477690176	49.68591799674502
21.189121816092353	50.06739682153269
21.76021121410139	50.441374754843494
22.340167226947145	50.8015631170201
22.933621668350284	51.139275272273174
23.541897913659795	51.449482394277375
24.161369914419865	51.736440458154355
24.78984086755156	52.00313499869093
25.42506103496204	52.25317883058926
26.06533649620478	52.489930680484534
26.70997909609848	52.714586879692035
27.358300679461767	52.92832523227217
28.009718961141232	53.13240294480626
28.663678123490257	53.32815927314728
29.319860556425297	53.51627178547379
29.97802805238346	53.697386288956004
30.637889468788003	53.87231004255666
31.299180130569283	54.04158033666735
31.961714765178357	54.20601237050294
32.62525516505259	54.36629694599548
33.289668992656914	54.522923712024024
33.95485037796354	54.67625262668342
34.620693450944614	54.8265748325504
35.28717174409307	54.974229113714266
35.95412645236702	55.11961777628104
36.62150464075263	55.26303460957812
37.2894915817987	55.40365118063721
37.95824608054703	55.54053583321277
38.62797987705346	55.67269338904252
39.29877237383893	55.79925042039627
39.970782375945205	55.91923027626661
40.6440892858933	56.03168012640245
41.31877250620413	56.135639200300574
41.99483203687765	56.23012290670149
42.67237374794189	56.31357230944432
43.35134470438274	56.38431995558966
44.03166550367931	56.440870430993385
44.713150873282785	56.481463646441604
45.39550967061649	56.50342903048052
46.07823901304785	56.50380486907958
46.760597810381576	56.48075431725468
47.44181850491536	56.43540224405226
48.12153055155153	56.37189081431401
48.79957514524825	56.29245917913002
49.4755288058939	56.19692735945288
50.148835715842026	56.083889930662195
50.81809309722288	55.94888711783259
51.48168643211099	55.78805995844705
52.13720717737161	55.59672899727233
52.78211445233502	55.37219190184621
53.41418498641539	55.11359112494272
54.03124844404074	54.82105106384462
54.63293428011332	54.49821100076106
55.219189559619196	54.148167634008125
55.79117885286537	53.77536221125632
56.35027847021442	53.383587526255226
56.898447007182654	52.97671048177396
57.43814594191879	52.558664149349035
57.97112212988311	52.13215880169478
58.49880481645242	51.69908421880922
59.022755584538146	51.26154192074619
59.54405960192628	50.820844695851704
60.06311388122157	50.37749542675828
60.580156629986696	49.931806430048226
61.09526725074265	49.483886222500125
61.608392808475436	49.033695102853564
62.11945390066408	48.58118013609454
62.628556397336574	48.1264154312426
63.1357002984929	47.66950421157496
63.64101794166792	47.2105523471195
64.14453579436858	46.749660414402754
64.64638619412986	46.28694487045541
65.14670147848652	45.82253805281233
65.6454022449177	45.35642408096931
66.14275316849309	44.88886233649477
66.80401736276738	44.26348278817777
67.29808631547782	43.79243791978525
67.62675981709876	43.477681033331976
0.0	0.0
-21.00334	23.564279
-15.238214	27.219405
-9.472585	30.873778
-6.590009	32.70134
-1.27	36.068
1.35768	37.455728
5.446081	39.993893
9.534482	42.452843
14.20694	45.249056
17.789	47.884
19.492925	48.919946
25.425061	52.253179
31.961715	54.206012
38.62798	55.672693
45.39551	56.503429
52.137207	55.596729
57.971122	52.132159
67.62676	43.477681
0.0	0.0
-21.00334	32.681049
-15.238214	35.92797
-9.472585	39.174221
-6.590009	40.79768
-1.366	43.785
1.35768	45.014589
5.446081	47.205135
9.534482	48.10619
14.20694	50.585202
17.884	52.947
19.492925	53.887775
25.425061	56.914786
31.961715	58.688214
38.62798	60.020152
45.39551	60.774569
52.137207	59.951168
57.971122	56.804884
67.62676	48.945486
0.0	0.0
-21.00334	39.418504
-15.238214	42.363754
-9.472585	45.308395
-6.590009	46.781019
-1.429	49.488
1.35768	50.600722
5.446081	52.53437
9.534482	52.584874
14.20694	54.812594
17.981	56.958
19.492925	57.823378
25.425061	60.607796
31.961715	62.239096
38.62798	63.464288
45.39551	64.158244
52.137207	63.400832
57.971122	60.506701
67.62676	53.277179
0.0	0.0
-21.00334	42.755925
-15.238214	45.55174
-9.472585	48.346979
-6.590009	49.744886
-1.431	52.313
1.35768	53.367831
5.446081	55.174225
9.534482	54.914102
14.20694	57.011132
17.892	59.044
19.492925	59.870167
25.425061	62.528418
31.961715	64.085802
38.62798	65.255479
45.39551	65.917991
52.137207	65.194899
57.971122	62.431905
67.62676	55.529962
0.0	0.0
-21.00334	48.350978
-15.238214	50.896273
-9.472585	53.441044
-6.590009	54.713691
-1.422	57.049
1.35768	58.00678
5.446081	59.599836
9.534482	59.056689
14.20694	60.921285
17.85	62.754
19.492925	63.510428
25.425061	65.944291
31.961715	67.370213
38.62798	68.441155
45.39551	69.047742
52.137207	68.385688
57.971122	65.855924
67.62676	59.53659
0.0	0.0
-21.00334	52.561444
-15.238214	54.918215
-9.472585	57.2745
-6.590009	58.452885
-1.441	60.613
1.35768	61.497745
5.446081	62.930257
9.534482	62.374108
14.20694	64.052569
17.8	65.725
19.492925	66.425581
25.425061	68.679751
31.961715	70.000397
38.62798	70.992271
45.39551	71.554074
52.137207	70.940899
57.971122	68.597909
67.62676	62.745132
0.0	0.0
-21.00334	55.006917
-15.238214	57.254191
-9.472585	59.501002
-6.590009	60.624638
-1.449	62.683
1.35768	63.525326
5.446081	64.864593
9.534482	64.346024
14.20694	65.913844
17.782	67.491
19.492925	68.158385
25.425061	70.305743
31.961715	71.563812
38.62798	72.508687
45.39551	73.04387
52.137207	72.459749
57.971122	70.227779
67.62676	64.65233
0.0	0.0
-21.00334	59.353243
-15.238214	61.405909
-9.472585	63.458152
-6.590009	64.484485
-1.42	66.362
1.35768	67.128935
5.446081	68.302478
9.534482	67.804135
14.20694	69.177925
17.783	70.588
19.492925	71.197169
25.425061	73.157214
31.961715	74.305542
38.62798	75.167996
45.39551	75.656495
52.137207	75.123327
57.971122	73.086051
67.62676	67.996946
0.0	0.0
-21.00334	63.449115
-15.238214	65.318387
-9.472585	67.187275
-6.590009	68.12191
-1.364	69.829
1.35768	70.524889
5.446081	71.542257
9.534482	71.003195
14.20694	72.197491
17.793	73.453
19.492925	74.008314
25.425061	75.795078
31.961715	76.841886
38.62798	77.628093
45.39551	78.073405
52.137207	77.587374
57.971122	75.730206
67.62676	71.091013
0.0	0.0
-21.00334	65.805984
-15.238214	67.569727
-9.472585	69.333106
-6.590009	70.214977
-1.306	71.824
1.35768	72.479007
5.446081	73.406508
9.534482	72.828836
14.20694	73.920698
17.767	75.088
19.492925	75.612581
25.425061	77.300456
31.961715	78.289328
38.62798	79.032023
45.39551	79.452689
52.137207	78.993557
57.971122	77.239174
67.62676	72.856737
0.0	0.0
-21.00334	68.653129
-15.238214	70.28939
-9.472585	71.925314
-6.590009	72.743444
-1.237	74.234
1.35768	74.83962
5.446081	75.658561
9.534482	75.268608
14.20694	76.223578
17.699	77.273
19.492925	77.756508
25.425061	79.31223
31.961715	80.223678
38.62798	80.908223
45.39551	81.295953
52.137207	80.872768
57.971122	79.255746
67.62676	75.216435
0.0	0.0
-21.00334	70.312979
-15.238214	71.87492
-9.472585	73.436539
-6.590009	74.217509
-1.213	75.639
1.35768	76.215829
5.446081	76.97148
9.534482	76.540416
14.20694	77.424026
17.657	78.412
19.492925	78.874098
25.425061	80.360931
31.961715	81.232018
38.62798	81.886251
45.39551	82.256812
52.137207	81.852366
57.971122	80.306948
67.62676	76.446502
0.0	0.0
-21.00334	74.583696
-15.238214	75.954414
-9.472585	77.324851
-6.590009	78.010209
-1.173	79.254
1.35768	79.756749
5.446081	80.349559
9.534482	79.809821
14.20694	80.50999
17.546	81.34
19.492925	81.747059
25.425061	83.0568
31.961715	83.824135
38.62798	84.400444
45.39551	84.726869
52.137207	84.370596
57.971122	83.009247
67.62676	79.608606
0.0	0.0
-21.00334	81.279803
-15.238214	82.350701
-9.472585	83.421379
-6.590009	83.956828
-0.988	84.922
1.35768	85.308599
5.446081	85.646089
9.534482	84.918267
14.20694	85.331809
17.35	85.915
19.492925	86.236061
25.425061	87.269096
31.961715	87.874318
38.62798	88.328871
45.39551	88.586333
52.137207	88.305329
57.971122	87.231589
67.62676	84.549394
0.0	0.0
-21.00334	87.560061
-15.238214	88.349759
-9.472585	89.139295
-6.590009	89.534144
-0.707	90.238
1.35768	90.515662
5.446081	90.613687
9.534482	89.715182
14.20694	89.859577
17.062	90.211
19.492925	90.451307
25.425061	91.224511
31.961715	91.677506
38.62798	92.017729
45.39551	92.210433
52.137207	92.000108
57.971122	91.196438
67.62676	89.188874
0.0	0.0
-21.00334	93.492991
-15.238214	94.01704
-9.472585	94.540983
-6.590009	94.803007
-0.347	95.26
1.35768	95.43475
5.446081	95.306555
9.534482	94.342373
14.20694	94.227143
16.674	94.355
19.492925	94.51741
25.425061	95.039976
31.961715	95.34613
38.62798	95.576068
45.39551	95.706307
52.137207	95.56416
57.971122	95.021003
67.62676	93.664201
0.0	0.0
-21.00334	99.222722
-15.238214	99.490221
-9.472585	99.757666
-6.590009	99.891416
0.05	100.11
1.35768	100.185363
5.446081	99.838694
9.534482	98.88582
14.20694	98.515664
16.305	98.424
19.492925	98.509923
25.425061	98.786387
31.961715	98.948358
38.62798	99.070007
45.39551	99.13891
52.137207	99.063707
57.971122	98.776349
67.62676	98.058532
0.0	0.0
-21.00334	105.197
-15.238214	105.197
-9.472585	105.197
-6.590009	105.197
0.467	105.167
1.35768	105.138733
5.446081	104.564267
9.534482	103.9898
14.20694	103.333267
15.981	102.995
19.492925	102.995
25.425061	102.995
31.961715	102.995
38.62798	102.995
45.39551	102.995
52.137207	102.995
57.971122	102.995
67.62676	102.995
0.0	0.0
-21.579776	105.197
-21.00334	105.197
-20.426904	105.197
-19.850415	105.197
-19.273926	105.197
-18.697438	105.197
-18.120922	105.197
-17.544381	105.197
-16.967865	105.197
-16.391297	105.197
-15.814756	105.197
-15.238214	105.197
-14.661646	105.197
-14.085078	105.197
-13.508509	105.197
-12.931941	105.197
-12.355373	105.197
-11.778805	105.197
-11.202237	105.197
-10.625695	105.197
-10.049127	105.197
-9.472585	105.197
-8.89607	105.197
-8.319555	105.197
-7.743039	105.197
-7.166524	105.197
-6.590009	105.197
-6.013547	105.197
-5.437058	105.197
-4.860622	105.197
-4.28416	105.197
-3.70775	105.197
-3.131341	105.197
-2.554932	105.197
-1.978549	105.197
-1.402192	105.197
-0.394491	105.384933
0.189566	105.302867
0.773623	105.2208
1.35768	105.138733
1.941738	105.056667
2.525795	104.9746
3.109852	104.892533
3.693909	104.810467
4.277966	104.7284
4.862024	104.646333
5.446081	104.564267
6.030138	104.4822
6.614195	104.400133
7.198253	104.318067
7.78231	104.236
8.366367	104.153933
8.950424	104.071867
9.534482	103.9898
10.118539	103.907733
10.702596	103.825667
11.286653	103.7436
11.870711	103.661533
12.454768	103.579467
13.038825	103.4974
13.622882	103.415333
14.20694	103.333267
14.790997	103.2512
15.375054	103.169133
15.959111	103.087067
16.065489	102.995
16.643169	102.995
17.217567	102.995
17.789	102.995
18.35821	102.995
18.925912	102.995
19.492925	102.995
20.058695	102.995
20.623035	102.995
21.189122	102.995
21.760211	102.995
22.340167	102.995
22.933622	102.995
23.541898	102.995
24.16137	102.995
24.789841	102.995
25.425061	102.995
26.065336	102.995
26.709979	102.995
27.358301	102.995
28.009719	102.995
28.663678	102.995
29.319861	102.995
29.978028	102.995
30.637889	102.995
31.29918	102.995
31.961715	102.995
32.625255	102.995
33.289669	102.995
33.95485	102.995
34.620693	102.995
35.287172	102.995
35.954126	102.995
36.621505	102.995
37.289492	102.995
37.958246	102.995
38.62798	102.995
39.298772	102.995
39.970782	102.995
40.644089	102.995
41.318773	102.995
41.994832	102.995
42.672374	102.995
43.351345	102.995
44.031666	102.995
44.713151	102.995
45.39551	102.995
46.078239	102.995
46.760598	102.995
47.441819	102.995
48.121531	102.995
48.799575	102.995
49.475529	102.995
50.148836	102.995
50.818093	102.995
51.481686	102.995
52.137207	102.995
52.782114	102.995
53.414185	102.995
54.031248	102.995
54.632934	102.995
55.21919	102.995
55.791179	102.995
56.350278	102.995
56.898447	102.995
57.438146	102.995
57.971122	102.995
58.498805	102.995
59.022756	102.995
59.54406	102.995
60.063114	102.995
60.580157	102.995
61.095267	102.995
61.608393	102.995
62.119454	102.995
62.628556	102.995
63.1357	102.995
63.641018	102.995
64.144536	102.995
64.646386	102.995
65.146701	102.995
65.645402	102.995
66.142753	102.995
66.804017	102.995
67.298086	102.995
67.62676	102.995
0.0	0.0
